22 0.6754952 0.6160691 0.0277719 0.0166831
2 0.7461873 0.6160691 0.0277718 0.0166831
32 0.5360048 0.4408965 0.5112548 0.4270874
33 0.5347424 0.2562702 0.4632852 0.0155709
14 0.3220351 0.3157733 0.0277719 0.0166831
20 0.3927271 0.3157733 0.0277719 0.0166831
8 0.4634192 0.3157733 0.0277719 0.0166831
4 0.5328488 0.3157733 0.0277719 0.0166831
1 0.6048032 0.3157733 0.0277718 0.0166831
29 0.6754952 0.3157733 0.0277719 0.0166831
31 0.7461873 0.3157733 0.0277718 0.0166831
26 0.3927271 0.3758325 0.0277719 0.0166831
7 0.4634192 0.3758325 0.0277719 0.0166831
3 0.5328488 0.3758325 0.0277719 0.0166831
27 0.6754952 0.3758325 0.0277719 0.0166831
9 0.7461873 0.3758325 0.0277718 0.0166831
15 0.3927271 0.4358917 0.0277719 0.0166831
25 0.5328488 0.4358917 0.0277719 0.0166831
19 0.6048032 0.4358917 0.0277718 0.0166831
10 0.6754952 0.4358917 0.0277719 0.0166831
24 0.7461873 0.4358917 0.0277718 0.0166831
21 0.3220351 0.4959508 0.0277719 0.0166831
5 0.4634192 0.4959508 0.0277719 0.0166831
23 0.5328488 0.4959508 0.0277719 0.0166831
17 0.6048032 0.4959508 0.0277718 0.0166831
16 0.3927271 0.5560100 0.0277719 0.0166831
18 0.5328488 0.5560100 0.0277719 0.0166831
6 0.6048032 0.5560100 0.0277718 0.0166831
12 0.6754952 0.5560100 0.0277719 0.0166831
13 0.3927271 0.6160691 0.0277719 0.0166831
11 0.4634192 0.6160691 0.0277719 0.0166831
30 0.5328488 0.6160691 0.0277719 0.0166831
34 0.6041721 0.6155130 0.0669049 0.0600591
16 0.6048032 0.6160691 0.0277718 0.0166831
