1 0.4878312 0.5945219 0.0286299 0.0160782
13 0.6335836 0.5945219 0.0286299 0.0160782
32 0.5626594 0.4257013 0.5270512 0.4116007
33 0.5613581 0.2477697 0.4775994 0.0150063
4 0.3420788 0.3051152 0.0286300 0.0160782
29 0.4149550 0.3051152 0.0286300 0.0160782
6 0.4878312 0.3051152 0.0286299 0.0160782
10 0.5594061 0.3051152 0.0286300 0.0160782
2 0.6335836 0.3051152 0.0286299 0.0160782
26 0.7793360 0.3051152 0.0286299 0.0160782
16 0.3420788 0.3629965 0.0286300 0.0160782
7 0.4149550 0.3629965 0.0286300 0.0160782
19 0.4878312 0.3629965 0.0286299 0.0160782
18 0.6335836 0.3629965 0.0286299 0.0160782
30 0.7064598 0.3629965 0.0286299 0.0160782
14 0.4149550 0.4208779 0.0286300 0.0160782
31 0.4878312 0.4208779 0.0286299 0.0160782
5 0.5594061 0.4208779 0.0286300 0.0160782
21 0.6335836 0.4208779 0.0286299 0.0160782
25 0.7064598 0.4208779 0.0286299 0.0160782
24 0.7793360 0.4208779 0.0286299 0.0160782
11 0.4149550 0.4787592 0.0286300 0.0160782
20 0.4878312 0.4787592 0.0286299 0.0160782
3 0.5594061 0.4787592 0.0286300 0.0160782
23 0.6335836 0.4787592 0.0286299 0.0160782
9 0.7064598 0.4787592 0.0286299 0.0160782
27 0.7793360 0.4787592 0.0286299 0.0160782
15 0.3420788 0.5366406 0.0286300 0.0160782
34 0.4143043 0.5361046 0.0663694 0.0578813
24 0.4149550 0.5366406 0.0286300 0.0160782
12 0.4878312 0.5366406 0.0286299 0.0160782
22 0.5594061 0.5366406 0.0286300 0.0160782
17 0.6335836 0.5366406 0.0286299 0.0160782
8 0.3420788 0.5945219 0.0286300 0.0160782
