24 0.6018476 0.5106788 0.0263451 0.0161734
6 0.6689079 0.5106788 0.0263451 0.0161734
32 0.4695233 0.3408587 0.4849897 0.4140376
33 0.4683258 0.1618737 0.4394845 0.0150951
3 0.2665461 0.2195586 0.0263451 0.0161733
7 0.4665295 0.2195586 0.0263451 0.0161733
11 0.5347873 0.2195586 0.0263451 0.0161733
15 0.6018476 0.2195586 0.0263451 0.0161733
20 0.6689079 0.2195586 0.0263451 0.0161733
8 0.3336064 0.2777826 0.0263451 0.0161734
23 0.4665295 0.2777826 0.0263451 0.0161734
16 0.6689079 0.2777826 0.0263451 0.0161734
31 0.2665461 0.3360067 0.0263451 0.0161734
21 0.3336064 0.3360067 0.0263451 0.0161734
1 0.4665295 0.3360067 0.0263451 0.0161734
26 0.5347873 0.3360067 0.0263451 0.0161734
18 0.6689079 0.3360067 0.0263451 0.0161734
10 0.2665461 0.3942307 0.0263451 0.0161733
5 0.3336064 0.3942307 0.0263451 0.0161733
30 0.4665295 0.3942307 0.0263451 0.0161733
19 0.5347873 0.3942307 0.0263451 0.0161733
25 0.6018476 0.3942307 0.0263451 0.0161733
2 0.6689079 0.3942307 0.0263451 0.0161733
14 0.2665461 0.4524548 0.0263451 0.0161734
9 0.3336064 0.4524548 0.0263451 0.0161734
12 0.4006667 0.4524548 0.0263451 0.0161734
34 0.4665295 0.4519157 0.0622703 0.0582241
7 0.4665295 0.4524548 0.0263451 0.0161734
13 0.5347873 0.4524548 0.0263451 0.0161734
27 0.6018476 0.4524548 0.0263451 0.0161734
17 0.6689079 0.4524548 0.0263451 0.0161734
4 0.2665461 0.5106788 0.0263451 0.0161734
29 0.4006667 0.5106788 0.0263451 0.0161734
22 0.4665295 0.5106788 0.0263451 0.0161734
