20 0.4732619 0.6442638 0.0278981 0.0162591
1 0.5442753 0.6442638 0.0278981 0.0162591
32 0.3331371 0.4735436 0.5135794 0.4162321
33 0.3318690 0.2936099 0.4653917 0.0151751
10 0.1181946 0.3516006 0.0278981 0.0162591
30 0.3299669 0.3516006 0.0278981 0.0162591
34 0.4016144 0.3510586 0.0672091 0.0585326
17 0.4022484 0.3516006 0.0278981 0.0162591
5 0.5442753 0.3516006 0.0278981 0.0162591
21 0.1892081 0.4101332 0.0278981 0.0162591
25 0.3299669 0.4101332 0.0278981 0.0162591
26 0.4022484 0.4101332 0.0278981 0.0162591
2 0.4732619 0.4101332 0.0278981 0.0162591
16 0.5442753 0.4101332 0.0278981 0.0162591
27 0.1181946 0.4686659 0.0278981 0.0162590
9 0.1892081 0.4686659 0.0278981 0.0162590
4 0.3299669 0.4686659 0.0278981 0.0162590
14 0.4022484 0.4686659 0.0278981 0.0162590
17 0.4732619 0.4686659 0.0278981 0.0162590
6 0.1181946 0.5271985 0.0278981 0.0162591
19 0.4022484 0.5271985 0.0278981 0.0162591
22 0.4732619 0.5271985 0.0278981 0.0162591
11 0.5442753 0.5271985 0.0278981 0.0162591
13 0.1181946 0.5857311 0.0278981 0.0162591
12 0.2602215 0.5857311 0.0278981 0.0162591
7 0.3299669 0.5857311 0.0278981 0.0162591
15 0.4022484 0.5857311 0.0278981 0.0162591
31 0.4732619 0.5857311 0.0278981 0.0162591
23 0.5442753 0.5857311 0.0278981 0.0162591
29 0.1181946 0.6442638 0.0278981 0.0162591
18 0.1892081 0.6442638 0.0278981 0.0162591
8 0.2602215 0.6442638 0.0278981 0.0162591
24 0.3299669 0.6442638 0.0278981 0.0162591
3 0.4022484 0.6442638 0.0278981 0.0162591
