2 0.6083458 0.6381340 0.0279467 0.0173697
17 0.6794829 0.6381340 0.0279467 0.0173697
32 0.4679771 0.4557525 0.5144735 0.4446633
33 0.4667068 0.2635283 0.4662020 0.0162117
7 0.2526604 0.3254800 0.0279467 0.0173697
27 0.3237975 0.3254800 0.0279467 0.0173697
34 0.4648013 0.3249011 0.0660559 0.0625308
12 0.4648014 0.3254800 0.0279467 0.0173697
6 0.6083458 0.3254800 0.0279467 0.0173697
9 0.6794829 0.3254800 0.0279467 0.0173697
4 0.2526604 0.3880109 0.0279467 0.0173697
21 0.3237975 0.3880109 0.0279467 0.0173697
10 0.3949346 0.3880109 0.0279467 0.0173697
30 0.4648014 0.3880109 0.0279467 0.0173697
19 0.6083458 0.3880109 0.0279467 0.0173697
29 0.6794829 0.3880109 0.0279467 0.0173697
20 0.2526604 0.4505416 0.0279467 0.0173697
24 0.3237975 0.4505416 0.0279467 0.0173697
25 0.3949346 0.4505416 0.0279467 0.0173697
11 0.4648014 0.4505416 0.0279467 0.0173697
3 0.5372087 0.4505416 0.0279467 0.0173697
12 0.6083458 0.4505416 0.0279467 0.0173697
5 0.3237975 0.5130724 0.0279467 0.0173697
13 0.3949346 0.5130724 0.0279467 0.0173697
1 0.4648014 0.5130724 0.0279467 0.0173697
14 0.6083458 0.5130724 0.0279467 0.0173697
18 0.2526604 0.5756032 0.0279467 0.0173697
16 0.3237975 0.5756032 0.0279467 0.0173697
8 0.3949346 0.5756032 0.0279467 0.0173697
22 0.4648014 0.5756032 0.0279467 0.0173697
15 0.6794829 0.5756032 0.0279467 0.0173697
26 0.3237975 0.6381340 0.0279467 0.0173697
31 0.3949346 0.6381340 0.0279467 0.0173697
23 0.5372087 0.6381340 0.0279467 0.0173697
