26 0.3417983 0.7142086 0.0261617 0.0171378
16 0.4749853 0.7142086 0.0261617 0.0171378
32 0.2769885 0.5342622 0.4816137 0.4387263
33 0.2757994 0.3446044 0.4364253 0.0159952
2 0.1420178 0.4057291 0.0261617 0.0171378
8 0.2740156 0.4057291 0.0261617 0.0171378
12 0.3417983 0.4057291 0.0261617 0.0171378
21 0.4083918 0.4057291 0.0261617 0.0171378
11 0.0754243 0.4674250 0.0261617 0.0171378
15 0.1420178 0.4674250 0.0261617 0.0171378
14 0.2086113 0.4674250 0.0261617 0.0171378
27 0.2740156 0.4674250 0.0261617 0.0171378
23 0.3417983 0.4674250 0.0261617 0.0171378
17 0.4749853 0.4674250 0.0261617 0.0171378
29 0.0754243 0.5291209 0.0261617 0.0171378
24 0.2740156 0.5291209 0.0261617 0.0171378
7 0.3417983 0.5291209 0.0261617 0.0171378
4 0.4083918 0.5291209 0.0261617 0.0171378
9 0.4749853 0.5291209 0.0261617 0.0171378
3 0.1420178 0.5908168 0.0261617 0.0171378
34 0.2740156 0.5902455 0.0618368 0.0616958
4 0.2740156 0.5908168 0.0261617 0.0171378
19 0.4083918 0.5908168 0.0261617 0.0171378
30 0.4749853 0.5908168 0.0261617 0.0171378
31 0.0754243 0.6525126 0.0261617 0.0171378
22 0.1420178 0.6525126 0.0261617 0.0171378
20 0.2086113 0.6525126 0.0261617 0.0171378
13 0.2740156 0.6525126 0.0261617 0.0171378
1 0.3417983 0.6525126 0.0261617 0.0171378
5 0.4083918 0.6525126 0.0261617 0.0171378
25 0.0754243 0.7142086 0.0261617 0.0171378
10 0.1420178 0.7142086 0.0261617 0.0171378
6 0.2086113 0.7142086 0.0261617 0.0171378
18 0.2740156 0.7142086 0.0261617 0.0171378
