10 0.5329123 0.6054970 0.0266879 0.0166585
25 0.6687778 0.6054970 0.0266879 0.0166585
32 0.4667991 0.4305821 0.4912994 0.4264590
33 0.4655861 0.2462275 0.4452022 0.0155480
20 0.2611812 0.3056430 0.0266879 0.0166586
34 0.3285075 0.3050877 0.0618673 0.0599708
5 0.3291140 0.3056430 0.0266879 0.0166586
16 0.3970467 0.3056430 0.0266879 0.0166586
7 0.4637664 0.3056430 0.0266879 0.0166586
2 0.5329123 0.3056430 0.0266879 0.0166586
30 0.6008450 0.3056430 0.0266879 0.0166586
9 0.2611812 0.3656138 0.0266879 0.0166586
14 0.3291140 0.3656138 0.0266879 0.0166586
27 0.4637664 0.3656138 0.0266879 0.0166586
15 0.6008450 0.3656138 0.0266879 0.0166586
21 0.4637664 0.4255846 0.0266879 0.0166585
8 0.5329123 0.4255846 0.0266879 0.0166585
12 0.6008450 0.4255846 0.0266879 0.0166585
26 0.6687778 0.4255846 0.0266879 0.0166585
29 0.3291140 0.4855554 0.0266879 0.0166585
17 0.3970467 0.4855554 0.0266879 0.0166585
19 0.4637664 0.4855554 0.0266879 0.0166585
1 0.5329123 0.4855554 0.0266879 0.0166585
31 0.6008450 0.4855554 0.0266879 0.0166585
3 0.6687778 0.4855554 0.0266879 0.0166585
24 0.2611812 0.5455262 0.0266879 0.0166586
5 0.3970467 0.5455262 0.0266879 0.0166586
13 0.4637664 0.5455262 0.0266879 0.0166586
18 0.5329123 0.5455262 0.0266879 0.0166586
6 0.6008450 0.5455262 0.0266879 0.0166586
4 0.6687778 0.5455262 0.0266879 0.0166586
23 0.2611812 0.6054970 0.0266879 0.0166585
11 0.3291140 0.6054970 0.0266879 0.0166585
22 0.3970467 0.6054970 0.0266879 0.0166585
