3 0.6601012 0.6819491 0.0277296 0.0172887
14 0.7306856 0.6819491 0.0277296 0.0172887
32 0.5914075 0.5004180 0.5104761 0.4425900
33 0.5901471 0.3090900 0.4625796 0.0161361
20 0.3777638 0.3707529 0.0277296 0.0172887
25 0.5189325 0.3707529 0.0277295 0.0172887
27 0.5882564 0.3707529 0.0277296 0.0172887
30 0.8012698 0.3707529 0.0277296 0.0172887
31 0.3777638 0.4329921 0.0277296 0.0172887
29 0.4483481 0.4329921 0.0277296 0.0172887
8 0.5189325 0.4329921 0.0277295 0.0172887
26 0.5882564 0.4329921 0.0277296 0.0172887
7 0.6601012 0.4329921 0.0277296 0.0172887
23 0.8012698 0.4329921 0.0277296 0.0172887
24 0.3777638 0.4952314 0.0277296 0.0172887
15 0.5882564 0.4952314 0.0277296 0.0172887
16 0.6601012 0.4952314 0.0277296 0.0172887
9 0.7306856 0.4952314 0.0277296 0.0172887
17 0.8012698 0.4952314 0.0277296 0.0172887
13 0.3777638 0.5574706 0.0277296 0.0172886
22 0.4483481 0.5574706 0.0277296 0.0172886
2 0.5189325 0.5574706 0.0277295 0.0172886
6 0.8012698 0.5574706 0.0277296 0.0172886
10 0.3777638 0.6197098 0.0277296 0.0172887
12 0.4483481 0.6197098 0.0277296 0.0172887
11 0.5189325 0.6197098 0.0277295 0.0172887
21 0.6601012 0.6197098 0.0277296 0.0172887
1 0.7306856 0.6197098 0.0277296 0.0172887
34 0.8012698 0.6191336 0.0655426 0.0622392
13 0.8012698 0.6197098 0.0277296 0.0172887
19 0.3777638 0.6819491 0.0277296 0.0172887
4 0.4483481 0.6819491 0.0277296 0.0172887
5 0.5189325 0.6819491 0.0277295 0.0172887
18 0.5882564 0.6819491 0.0277296 0.0172887
