16 0.5963097 0.5323509 0.0282270 0.0170900
22 0.6681604 0.5323509 0.0282271 0.0170900
32 0.4545329 0.3529061 0.5196346 0.4375036
33 0.4532497 0.1637770 0.4708787 0.0159507
7 0.2370561 0.2247312 0.0282271 0.0170900
8 0.3089069 0.2247312 0.0282271 0.0170900
30 0.3807575 0.2247312 0.0282270 0.0170900
31 0.4513252 0.2247312 0.0282271 0.0170900
18 0.5244590 0.2247312 0.0282270 0.0170900
19 0.5963097 0.2247312 0.0282270 0.0170900
13 0.6681604 0.2247312 0.0282271 0.0170900
21 0.3089069 0.2862552 0.0282271 0.0170900
34 0.3807576 0.2856855 0.0667185 0.0615239
2 0.3807575 0.2862552 0.0282270 0.0170900
29 0.4513252 0.2862552 0.0282271 0.0170900
10 0.5244590 0.2862552 0.0282270 0.0170900
6 0.6681604 0.2862552 0.0282271 0.0170900
12 0.2370561 0.3477791 0.0282271 0.0170900
5 0.3089069 0.3477791 0.0282271 0.0170900
3 0.3807575 0.3477791 0.0282270 0.0170900
23 0.4513252 0.3477791 0.0282271 0.0170900
14 0.5244590 0.3477791 0.0282270 0.0170900
24 0.5963097 0.3477791 0.0282270 0.0170900
20 0.2370561 0.4093030 0.0282271 0.0170900
2 0.3807575 0.4093030 0.0282270 0.0170900
26 0.5244590 0.4093030 0.0282270 0.0170900
1 0.5963097 0.4093030 0.0282270 0.0170900
11 0.6681604 0.4093030 0.0282271 0.0170900
25 0.3807575 0.4708270 0.0282270 0.0170900
15 0.5244590 0.4708270 0.0282270 0.0170900
9 0.2370561 0.5323509 0.0282271 0.0170900
27 0.3089069 0.5323509 0.0282271 0.0170900
17 0.3807575 0.5323509 0.0282270 0.0170900
4 0.4513252 0.5323509 0.0282271 0.0170900
