21 0.4156038 0.5775612 0.0287243 0.0159209
24 0.4887201 0.5775612 0.0287243 0.0159209
32 0.2713296 0.4103923 0.5287878 0.4075738
33 0.2700239 0.2342015 0.4791731 0.0148594
30 0.0500221 0.2909859 0.0287243 0.0159209
6 0.1231384 0.2909859 0.0287243 0.0159209
1 0.1962548 0.2909859 0.0287243 0.0159209
31 0.2680655 0.2909859 0.0287243 0.0159209
14 0.3424874 0.2909859 0.0287243 0.0159209
18 0.4887201 0.2909859 0.0287243 0.0159209
17 0.0500221 0.3483009 0.0287243 0.0159209
7 0.1231384 0.3483009 0.0287243 0.0159209
23 0.2680655 0.3483009 0.0287243 0.0159209
8 0.3424874 0.3483009 0.0287243 0.0159209
5 0.4156038 0.3483009 0.0287243 0.0159209
13 0.0500221 0.4056160 0.0287243 0.0159209
22 0.2680655 0.4056160 0.0287243 0.0159209
4 0.3424874 0.4056160 0.0287243 0.0159209
27 0.4156038 0.4056160 0.0287243 0.0159209
20 0.1962548 0.4629311 0.0287243 0.0159209
15 0.2680655 0.4629311 0.0287243 0.0159209
19 0.3424874 0.4629311 0.0287243 0.0159209
21 0.4156038 0.4629311 0.0287243 0.0159209
9 0.4887201 0.4629311 0.0287243 0.0159209
29 0.1231384 0.5202461 0.0287243 0.0159209
10 0.1962548 0.5202461 0.0287243 0.0159209
12 0.3424874 0.5202461 0.0287243 0.0159209
25 0.4156038 0.5202461 0.0287243 0.0159209
11 0.4887201 0.5202461 0.0287243 0.0159209
3 0.0500221 0.5775612 0.0287243 0.0159209
2 0.1231384 0.5775612 0.0287243 0.0159209
16 0.1962548 0.5775612 0.0287243 0.0159209
26 0.3424874 0.5775612 0.0287243 0.0159209
34 0.4149509 0.5770304 0.0665881 0.0573151
