21 0.5786510 0.7987103 0.0283374 0.0173488
14 0.7229138 0.7987103 0.0283373 0.0173488
32 0.5084517 0.6165474 0.5216644 0.4441306
33 0.5071636 0.4245534 0.4727182 0.0161923
24 0.3622568 0.4864310 0.0283373 0.0173489
19 0.4343882 0.4864310 0.0283373 0.0173489
5 0.5786510 0.4864310 0.0283374 0.0173489
23 0.6507823 0.4864310 0.0283373 0.0173489
11 0.7229138 0.4864310 0.0283373 0.0173489
6 0.2901254 0.5488869 0.0283373 0.0173489
13 0.3622568 0.5488869 0.0283373 0.0173489
30 0.4343882 0.5488869 0.0283373 0.0173489
15 0.5786510 0.5488869 0.0283374 0.0173489
10 0.6507823 0.5488869 0.0283373 0.0173489
29 0.7229138 0.5488869 0.0283373 0.0173489
12 0.2901254 0.6113427 0.0283373 0.0173489
22 0.3622568 0.6113427 0.0283373 0.0173489
16 0.4343882 0.6113427 0.0283373 0.0173489
20 0.6507823 0.6113427 0.0283373 0.0173489
25 0.7229138 0.6113427 0.0283373 0.0173489
7 0.2901254 0.6737986 0.0283373 0.0173488
18 0.3622568 0.6737986 0.0283373 0.0173488
8 0.5052315 0.6737986 0.0283373 0.0173488
17 0.5786510 0.6737986 0.0283374 0.0173488
26 0.6507823 0.6737986 0.0283373 0.0173488
31 0.7229138 0.6737986 0.0283373 0.0173488
3 0.3622568 0.7362545 0.0283373 0.0173488
1 0.4343882 0.7362545 0.0283373 0.0173488
2 0.5786510 0.7362545 0.0283374 0.0173488
27 0.6507823 0.7362545 0.0283373 0.0173488
4 0.7229138 0.7362545 0.0283373 0.0173488
9 0.2901254 0.7987103 0.0283373 0.0173488
34 0.4343882 0.7981321 0.0669791 0.0624559
16 0.4343882 0.7987103 0.0283373 0.0173488
