4 0.5140701 0.6045582 0.0284775 0.0165997
18 0.5865583 0.6045582 0.0284776 0.0165997
32 0.3710352 0.4302605 0.5242456 0.4249545
33 0.3697407 0.2465562 0.4750571 0.0154931
14 0.2966052 0.3057621 0.0284775 0.0165998
27 0.3677990 0.3057621 0.0284776 0.0165998
26 0.4415818 0.3057621 0.0284776 0.0165998
23 0.5140701 0.3057621 0.0284775 0.0165998
29 0.5865583 0.3057621 0.0284776 0.0165998
17 0.2241169 0.3655214 0.0284776 0.0165998
13 0.2966052 0.3655214 0.0284775 0.0165998
31 0.3677990 0.3655214 0.0284776 0.0165998
1 0.4415818 0.3655214 0.0284776 0.0165998
34 0.5134228 0.3649681 0.0660161 0.0597593
27 0.5140701 0.3655214 0.0284775 0.0165998
8 0.5865583 0.3655214 0.0284776 0.0165998
6 0.1516287 0.4252806 0.0284775 0.0165997
22 0.2966052 0.4252806 0.0284775 0.0165997
9 0.3677990 0.4252806 0.0284776 0.0165997
5 0.4415818 0.4252806 0.0284776 0.0165997
30 0.5865583 0.4252806 0.0284776 0.0165997
11 0.1516287 0.4850398 0.0284775 0.0165998
25 0.2241169 0.4850398 0.0284776 0.0165998
15 0.2966052 0.4850398 0.0284775 0.0165998
7 0.4415818 0.4850398 0.0284776 0.0165998
24 0.5140701 0.4850398 0.0284775 0.0165998
16 0.1516287 0.5447991 0.0284775 0.0165998
21 0.2966052 0.5447991 0.0284775 0.0165998
20 0.3677990 0.5447991 0.0284776 0.0165998
19 0.5865583 0.5447991 0.0284776 0.0165998
3 0.2241169 0.6045582 0.0284776 0.0165997
2 0.2966052 0.6045582 0.0284775 0.0165997
10 0.3677990 0.6045582 0.0284776 0.0165997
12 0.4415818 0.6045582 0.0284776 0.0165997
