19 0.5490442 0.6877245 0.0277839 0.0169264
4 0.7624750 0.6877245 0.0277839 0.0169264
32 0.5522015 0.5099979 0.5114759 0.4333144
33 0.5509386 0.3226797 0.4634856 0.0157979
29 0.3381393 0.3830503 0.0277839 0.0169263
15 0.4088620 0.3830503 0.0277839 0.0169263
1 0.4795845 0.3830503 0.0277839 0.0169263
8 0.5490442 0.3830503 0.0277839 0.0169263
5 0.6917523 0.3830503 0.0277839 0.0169263
31 0.7624750 0.3830503 0.0277839 0.0169263
10 0.3381393 0.4439852 0.0277839 0.0169263
14 0.4088620 0.4439852 0.0277839 0.0169263
23 0.5490442 0.4439852 0.0277839 0.0169263
6 0.6210297 0.4439852 0.0277839 0.0169263
21 0.6917523 0.4439852 0.0277839 0.0169263
11 0.7624750 0.4439852 0.0277839 0.0169263
13 0.3381393 0.5049200 0.0277839 0.0169263
22 0.4088620 0.5049200 0.0277839 0.0169263
7 0.5490442 0.5049200 0.0277839 0.0169263
17 0.6210297 0.5049200 0.0277839 0.0169263
27 0.6917523 0.5049200 0.0277839 0.0169263
25 0.3381393 0.5658549 0.0277839 0.0169263
3 0.4088620 0.5658549 0.0277839 0.0169263
16 0.4795845 0.5658549 0.0277839 0.0169263
24 0.6210297 0.5658549 0.0277839 0.0169263
2 0.6917523 0.5658549 0.0277839 0.0169263
20 0.7624750 0.5658549 0.0277839 0.0169263
30 0.4088620 0.6267897 0.0277839 0.0169263
34 0.4795846 0.6262255 0.0656710 0.0609349
9 0.4795845 0.6267897 0.0277839 0.0169263
9 0.5490442 0.6267897 0.0277839 0.0169263
18 0.6210297 0.6267897 0.0277839 0.0169263
12 0.6917523 0.6267897 0.0277839 0.0169263
26 0.4088620 0.6877245 0.0277839 0.0169264
