26 0.6349993 0.7912980 0.0271392 0.0161478
18 0.7040807 0.7912980 0.0271391 0.0161478
32 0.4986866 0.6217464 0.4996073 0.4133832
33 0.4974530 0.4430442 0.4527306 0.0150713
9 0.2895917 0.5006380 0.0271392 0.0161478
22 0.3586732 0.5006380 0.0271392 0.0161478
20 0.4277547 0.5006380 0.0271392 0.0161478
4 0.5659177 0.5006380 0.0271391 0.0161478
8 0.6349993 0.5006380 0.0271392 0.0161478
2 0.7040807 0.5006380 0.0271391 0.0161478
6 0.2895917 0.5587700 0.0271392 0.0161478
15 0.3586732 0.5587700 0.0271392 0.0161478
5 0.4277547 0.5587700 0.0271392 0.0161478
24 0.4956026 0.5587700 0.0271391 0.0161478
31 0.5659177 0.5587700 0.0271391 0.0161478
14 0.6349993 0.5587700 0.0271392 0.0161478
12 0.7040807 0.5587700 0.0271391 0.0161478
25 0.2895917 0.6169020 0.0271392 0.0161478
17 0.4277547 0.6169020 0.0271392 0.0161478
29 0.5659177 0.6169020 0.0271391 0.0161478
11 0.2895917 0.6750340 0.0271392 0.0161478
10 0.3586732 0.6750340 0.0271392 0.0161478
16 0.4277547 0.6750340 0.0271392 0.0161478
13 0.5659177 0.6750340 0.0271391 0.0161478
34 0.7040807 0.6744958 0.0641472 0.0581321
10 0.7040807 0.6750340 0.0271391 0.0161478
23 0.2895917 0.7331661 0.0271392 0.0161478
19 0.4277547 0.7331661 0.0271392 0.0161478
7 0.5659177 0.7331661 0.0271391 0.0161478
3 0.6349993 0.7331661 0.0271392 0.0161478
1 0.7040807 0.7331661 0.0271391 0.0161478
27 0.3586732 0.7912980 0.0271392 0.0161478
21 0.4277547 0.7912980 0.0271392 0.0161478
30 0.4956026 0.7912980 0.0271391 0.0161478
