29 0.6037587 0.7129877 0.0271068 0.0167986
25 0.7417568 0.7129877 0.0271068 0.0167986
32 0.5366078 0.5366029 0.4990111 0.4300430
33 0.5353757 0.3506989 0.4521902 0.0156786
4 0.3277625 0.4106137 0.0271068 0.0167985
6 0.3967615 0.4106137 0.0271068 0.0167985
7 0.4657606 0.4106137 0.0271068 0.0167985
10 0.6037587 0.4106137 0.0271068 0.0167985
21 0.6727578 0.4106137 0.0271068 0.0167985
22 0.7417568 0.4106137 0.0271068 0.0167985
5 0.3277625 0.4710886 0.0271068 0.0167986
18 0.3967615 0.4710886 0.0271068 0.0167986
24 0.6037587 0.4710886 0.0271068 0.0167986
27 0.6727578 0.4710886 0.0271068 0.0167986
13 0.3967615 0.5315633 0.0271068 0.0167986
14 0.4657606 0.5315633 0.0271068 0.0167986
34 0.5335275 0.5310034 0.0640705 0.0604748
16 0.5335275 0.5315633 0.0271068 0.0167986
12 0.6037587 0.5315633 0.0271068 0.0167986
23 0.7417568 0.5315633 0.0271068 0.0167986
1 0.3277625 0.5920382 0.0271068 0.0167985
2 0.3967615 0.5920382 0.0271068 0.0167985
16 0.4657606 0.5920382 0.0271068 0.0167985
20 0.5335275 0.5920382 0.0271068 0.0167985
31 0.6037587 0.5920382 0.0271068 0.0167985
15 0.7417568 0.5920382 0.0271068 0.0167985
26 0.3277625 0.6525130 0.0271068 0.0167986
3 0.3967615 0.6525130 0.0271068 0.0167986
19 0.5335275 0.6525130 0.0271068 0.0167986
17 0.6727578 0.6525130 0.0271068 0.0167986
8 0.7417568 0.6525130 0.0271068 0.0167986
11 0.3277625 0.7129877 0.0271068 0.0167986
30 0.3967615 0.7129877 0.0271068 0.0167986
9 0.5335275 0.7129877 0.0271068 0.0167986
