6 0.6653419 0.6361399 0.0286568 0.0168266
16 0.7382868 0.6361399 0.0286569 0.0168266
32 0.5214062 0.4594607 0.5275475 0.4307606
33 0.5201036 0.2732465 0.4780492 0.0157048
26 0.3006178 0.3332613 0.0286569 0.0168266
34 0.3729114 0.3327005 0.0664319 0.0605757
16 0.3735626 0.3332613 0.0286569 0.0168266
19 0.4465075 0.3332613 0.0286569 0.0168266
5 0.5923972 0.3332613 0.0286569 0.0168266
13 0.6653419 0.3332613 0.0286568 0.0168266
29 0.3006178 0.3938371 0.0286569 0.0168266
22 0.3735626 0.3938371 0.0286569 0.0168266
25 0.5181497 0.3938371 0.0286569 0.0168266
1 0.5923972 0.3938371 0.0286569 0.0168266
27 0.7382868 0.3938371 0.0286569 0.0168266
21 0.3006178 0.4544128 0.0286569 0.0168266
20 0.3735626 0.4544128 0.0286569 0.0168266
12 0.4465075 0.4544128 0.0286569 0.0168266
24 0.5923972 0.4544128 0.0286569 0.0168266
14 0.6653419 0.4544128 0.0286568 0.0168266
2 0.7382868 0.4544128 0.0286569 0.0168266
23 0.3006178 0.5149885 0.0286569 0.0168266
9 0.5923972 0.5149885 0.0286569 0.0168266
11 0.6653419 0.5149885 0.0286568 0.0168266
4 0.3006178 0.5755642 0.0286569 0.0168266
17 0.3735626 0.5755642 0.0286569 0.0168266
10 0.5181497 0.5755642 0.0286569 0.0168266
3 0.6653419 0.5755642 0.0286568 0.0168266
15 0.7382868 0.5755642 0.0286569 0.0168266
30 0.3006178 0.6361399 0.0286569 0.0168266
31 0.3735626 0.6361399 0.0286569 0.0168266
7 0.4465075 0.6361399 0.0286569 0.0168266
18 0.5181497 0.6361399 0.0286569 0.0168266
8 0.5923972 0.6361399 0.0286569 0.0168266
