34 0.7178085 0.7759076 0.0635442 0.0576192
24 0.7178085 0.7764411 0.0268841 0.0160053
32 0.5143447 0.6083851 0.4949119 0.4097365
33 0.5131227 0.4312594 0.4484757 0.0149383
18 0.3072149 0.4883451 0.0268841 0.0160053
3 0.3756472 0.4883451 0.0268841 0.0160053
24 0.6493762 0.4883451 0.0268842 0.0160053
23 0.7178085 0.4883451 0.0268841 0.0160053
21 0.3756472 0.5459643 0.0268841 0.0160054
6 0.4440794 0.5459643 0.0268841 0.0160054
14 0.6493762 0.5459643 0.0268842 0.0160054
25 0.7178085 0.5459643 0.0268841 0.0160054
29 0.3072149 0.6035835 0.0268841 0.0160053
9 0.3756472 0.6035835 0.0268841 0.0160053
27 0.4440794 0.6035835 0.0268841 0.0160053
10 0.5112897 0.6035835 0.0268841 0.0160053
15 0.5809439 0.6035835 0.0268841 0.0160053
5 0.6493762 0.6035835 0.0268842 0.0160053
30 0.7178085 0.6035835 0.0268841 0.0160053
16 0.3072149 0.6612027 0.0268841 0.0160053
22 0.3756472 0.6612027 0.0268841 0.0160053
17 0.4440794 0.6612027 0.0268841 0.0160053
19 0.5112897 0.6612027 0.0268841 0.0160053
4 0.5809439 0.6612027 0.0268841 0.0160053
2 0.7178085 0.6612027 0.0268841 0.0160053
20 0.3072149 0.7188219 0.0268841 0.0160054
12 0.3756472 0.7188219 0.0268841 0.0160054
26 0.5112897 0.7188219 0.0268841 0.0160054
7 0.6493762 0.7188219 0.0268842 0.0160054
8 0.7178085 0.7188219 0.0268841 0.0160054
11 0.3072149 0.7764411 0.0268841 0.0160053
31 0.4440794 0.7764411 0.0268841 0.0160053
13 0.5112897 0.7764411 0.0268841 0.0160053
1 0.6493762 0.7764411 0.0268842 0.0160053
