17 0.4458233 0.7209368 0.0276527 0.0169408
4 0.7273790 0.7209368 0.0276528 0.0169408
32 0.5180976 0.5430585 0.5090627 0.4336843
33 0.5168407 0.3555804 0.4612988 0.0158114
34 0.3050455 0.4154379 0.0653611 0.0609868
19 0.3050455 0.4160026 0.0276528 0.0169408
31 0.4458233 0.4160026 0.0276527 0.0169408
1 0.5149553 0.4160026 0.0276528 0.0169408
16 0.5866011 0.4160026 0.0276528 0.0169408
5 0.6569901 0.4160026 0.0276527 0.0169408
2 0.4458233 0.4769894 0.0276527 0.0169408
10 0.5149553 0.4769894 0.0276528 0.0169408
23 0.5866011 0.4769894 0.0276528 0.0169408
11 0.6569901 0.4769894 0.0276527 0.0169408
14 0.7273790 0.4769894 0.0276528 0.0169408
20 0.3754343 0.5379763 0.0276528 0.0169408
25 0.4458233 0.5379763 0.0276527 0.0169408
9 0.5149553 0.5379763 0.0276528 0.0169408
26 0.5866011 0.5379763 0.0276528 0.0169408
19 0.6569901 0.5379763 0.0276527 0.0169408
22 0.7273790 0.5379763 0.0276528 0.0169408
29 0.3050455 0.5989631 0.0276528 0.0169408
3 0.3754343 0.5989631 0.0276528 0.0169408
13 0.5149553 0.5989631 0.0276528 0.0169408
21 0.5866011 0.5989631 0.0276528 0.0169408
8 0.6569901 0.5989631 0.0276527 0.0169408
27 0.7273790 0.5989631 0.0276528 0.0169408
7 0.3050455 0.6599500 0.0276528 0.0169408
12 0.3754343 0.6599500 0.0276528 0.0169408
15 0.4458233 0.6599500 0.0276527 0.0169408
18 0.5866011 0.6599500 0.0276528 0.0169408
30 0.6569901 0.6599500 0.0276527 0.0169408
6 0.7273790 0.6599500 0.0276528 0.0169408
24 0.3050455 0.7209368 0.0276528 0.0169408
