18 0.7300140 0.6005867 0.0279720 0.0166820
26 0.8012155 0.6005867 0.0279721 0.0166820
32 0.5895181 0.4254261 0.5149396 0.4270580
33 0.5882467 0.2408125 0.4666243 0.0155698
34 0.3740063 0.2997554 0.0661157 0.0600550
18 0.3740064 0.3003115 0.0279720 0.0166820
30 0.4452079 0.3003115 0.0279720 0.0166820
3 0.5164094 0.3003115 0.0279720 0.0166820
10 0.5863395 0.3003115 0.0279720 0.0166820
14 0.6588124 0.3003115 0.0279720 0.0166820
9 0.7300140 0.3003115 0.0279720 0.0166820
11 0.3740064 0.3603665 0.0279720 0.0166819
25 0.4452079 0.3603665 0.0279720 0.0166819
23 0.5164094 0.3603665 0.0279720 0.0166819
19 0.7300140 0.3603665 0.0279720 0.0166819
5 0.3740064 0.4204215 0.0279720 0.0166820
6 0.4452079 0.4204215 0.0279720 0.0166820
16 0.5164094 0.4204215 0.0279720 0.0166820
2 0.5863395 0.4204215 0.0279720 0.0166820
27 0.7300140 0.4204215 0.0279720 0.0166820
17 0.3740064 0.4804766 0.0279720 0.0166819
7 0.4452079 0.4804766 0.0279720 0.0166819
1 0.5863395 0.4804766 0.0279720 0.0166819
22 0.7300140 0.4804766 0.0279720 0.0166819
15 0.5164094 0.5405317 0.0279720 0.0166819
4 0.5863395 0.5405317 0.0279720 0.0166819
20 0.6588124 0.5405317 0.0279720 0.0166819
24 0.7300140 0.5405317 0.0279720 0.0166819
8 0.8012155 0.5405317 0.0279721 0.0166819
12 0.3740064 0.6005867 0.0279720 0.0166820
21 0.4452079 0.6005867 0.0279720 0.0166820
13 0.5164094 0.6005867 0.0279720 0.0166820
31 0.5863395 0.6005867 0.0279720 0.0166820
29 0.6588124 0.6005867 0.0279720 0.0166820
