13 0.5583034 0.7440820 0.0288672 0.0160680
19 0.6317834 0.7440820 0.0288671 0.0160680
32 0.4133113 0.5753678 0.5314188 0.4113412
33 0.4119992 0.3975484 0.4815573 0.0149968
8 0.3378630 0.4548577 0.0288672 0.0160680
26 0.4848232 0.4548577 0.0288672 0.0160680
30 0.5583034 0.4548577 0.0288672 0.0160680
15 0.6317834 0.4548577 0.0288671 0.0160680
12 0.1909027 0.5127026 0.0288672 0.0160680
20 0.2643829 0.5127026 0.0288672 0.0160680
3 0.3378630 0.5127026 0.0288672 0.0160680
21 0.4100310 0.5127026 0.0288672 0.0160680
16 0.4848232 0.5127026 0.0288672 0.0160680
34 0.5576473 0.5121670 0.0669194 0.0578449
17 0.5583034 0.5127026 0.0288672 0.0160680
2 0.6317834 0.5127026 0.0288671 0.0160680
5 0.3378630 0.5705474 0.0288672 0.0160680
11 0.4100310 0.5705474 0.0288672 0.0160680
6 0.4848232 0.5705474 0.0288672 0.0160680
14 0.5583034 0.5705474 0.0288672 0.0160680
27 0.6317834 0.5705474 0.0288671 0.0160680
18 0.1909027 0.6283923 0.0288672 0.0160680
22 0.3378630 0.6283923 0.0288672 0.0160680
1 0.4100310 0.6283923 0.0288672 0.0160680
29 0.6317834 0.6283923 0.0288671 0.0160680
7 0.2643829 0.6862371 0.0288672 0.0160680
10 0.3378630 0.6862371 0.0288672 0.0160680
23 0.4100310 0.6862371 0.0288672 0.0160680
31 0.5583034 0.6862371 0.0288672 0.0160680
9 0.6317834 0.6862371 0.0288671 0.0160680
4 0.1909027 0.7440820 0.0288672 0.0160680
25 0.3378630 0.7440820 0.0288672 0.0160680
24 0.4100310 0.7440820 0.0288672 0.0160680
17 0.4848232 0.7440820 0.0288672 0.0160680
