17 0.4750117 0.5508092 0.0286739 0.0160377
27 0.5479998 0.5508092 0.0286739 0.0160377
32 0.4039786 0.3824132 0.5278607 0.4105654
33 0.4026752 0.2049292 0.4783331 0.0149685
7 0.2560472 0.2621304 0.0286739 0.0160377
15 0.4007202 0.2621304 0.0286739 0.0160377
8 0.5479998 0.2621304 0.0286739 0.0160377
30 0.6209879 0.2621304 0.0286739 0.0160377
2 0.1830591 0.3198661 0.0286739 0.0160377
29 0.2560472 0.3198661 0.0286739 0.0160377
11 0.3290354 0.3198661 0.0286739 0.0160377
19 0.4007202 0.3198661 0.0286739 0.0160377
23 0.6209879 0.3198661 0.0286739 0.0160377
26 0.1830591 0.3776019 0.0286739 0.0160377
20 0.2560472 0.3776019 0.0286739 0.0160377
13 0.3290354 0.3776019 0.0286739 0.0160377
6 0.4007202 0.3776019 0.0286739 0.0160377
24 0.4750117 0.3776019 0.0286739 0.0160377
16 0.2560472 0.4353377 0.0286739 0.0160377
31 0.3290354 0.4353377 0.0286739 0.0160377
5 0.4750117 0.4353377 0.0286739 0.0160377
14 0.5479998 0.4353377 0.0286739 0.0160377
9 0.6209879 0.4353377 0.0286739 0.0160377
34 0.1830591 0.4925389 0.0677747 0.0577357
6 0.1830591 0.4930735 0.0286739 0.0160377
21 0.2560472 0.4930735 0.0286739 0.0160377
4 0.3290354 0.4930735 0.0286739 0.0160377
22 0.4007202 0.4930735 0.0286739 0.0160377
18 0.4750117 0.4930735 0.0286739 0.0160377
25 0.6209879 0.4930735 0.0286739 0.0160377
1 0.1830591 0.5508092 0.0286739 0.0160377
10 0.2560472 0.5508092 0.0286739 0.0160377
12 0.3290354 0.5508092 0.0286739 0.0160377
3 0.4007202 0.5508092 0.0286739 0.0160377
