4 0.6638324 0.5930444 0.0284368 0.0165165
11 0.7362169 0.5930444 0.0284368 0.0165165
32 0.5933868 0.4196213 0.5234950 0.4228222
33 0.5920942 0.2368388 0.4743770 0.0154154
22 0.3742944 0.2957476 0.0284368 0.0165165
18 0.5190634 0.2957476 0.0284367 0.0165165
7 0.6638324 0.2957476 0.0284368 0.0165165
15 0.7362169 0.2957476 0.0284368 0.0165165
5 0.8086014 0.2957476 0.0284368 0.0165165
21 0.3742944 0.3552070 0.0284368 0.0165165
20 0.5190634 0.3552070 0.0284367 0.0165165
9 0.5901553 0.3552070 0.0284367 0.0165165
2 0.6638324 0.3552070 0.0284368 0.0165165
19 0.7362169 0.3552070 0.0284368 0.0165165
3 0.8086014 0.3552070 0.0284368 0.0165165
24 0.3742944 0.4146663 0.0284368 0.0165165
10 0.4466789 0.4146663 0.0284368 0.0165165
6 0.5901553 0.4146663 0.0284367 0.0165165
30 0.3742944 0.4741257 0.0284368 0.0165165
23 0.4466789 0.4741257 0.0284368 0.0165165
8 0.5190634 0.4741257 0.0284367 0.0165165
26 0.5901553 0.4741257 0.0284367 0.0165165
13 0.6638324 0.4741257 0.0284368 0.0165165
14 0.7362169 0.4741257 0.0284368 0.0165165
25 0.8086014 0.4741257 0.0284368 0.0165165
27 0.3742944 0.5335851 0.0284368 0.0165165
1 0.4466789 0.5335851 0.0284368 0.0165165
12 0.6638324 0.5335851 0.0284368 0.0165165
17 0.7362169 0.5335851 0.0284368 0.0165165
34 0.8086014 0.5330345 0.0672141 0.0594594
19 0.8086014 0.5335851 0.0284368 0.0165165
16 0.4466789 0.5930444 0.0284368 0.0165165
31 0.5190634 0.5930444 0.0284367 0.0165165
29 0.5901553 0.5930444 0.0284367 0.0165165
