27 0.4565957 0.7879228 0.0262594 0.0166201
10 0.5234378 0.7879228 0.0262594 0.0166201
32 0.3247018 0.6134115 0.4834121 0.4254753
33 0.3235081 0.4294820 0.4380548 0.0155121
9 0.2560692 0.4887605 0.0262594 0.0166201
1 0.3897535 0.4887605 0.0262594 0.0166201
2 0.1223849 0.5485930 0.0262594 0.0166201
21 0.1892270 0.5485930 0.0262594 0.0166201
16 0.4565957 0.5485930 0.0262594 0.0166201
26 0.5234378 0.5485930 0.0262594 0.0166201
4 0.1223849 0.6084254 0.0262594 0.0166200
14 0.1892270 0.6084254 0.0262594 0.0166200
17 0.2560692 0.6084254 0.0262594 0.0166200
25 0.3217178 0.6084254 0.0262594 0.0166200
12 0.3897535 0.6084254 0.0262594 0.0166200
29 0.4565957 0.6084254 0.0262594 0.0166200
15 0.5234378 0.6084254 0.0262594 0.0166200
8 0.1223849 0.6682579 0.0262594 0.0166201
6 0.1892270 0.6682579 0.0262594 0.0166201
34 0.3217178 0.6677039 0.0620677 0.0598325
19 0.3217178 0.6682579 0.0262594 0.0166201
22 0.3897535 0.6682579 0.0262594 0.0166201
31 0.4565957 0.6682579 0.0262594 0.0166201
5 0.5234378 0.6682579 0.0262594 0.0166201
24 0.1223849 0.7280903 0.0262594 0.0166201
19 0.1892270 0.7280903 0.0262594 0.0166201
13 0.2560692 0.7280903 0.0262594 0.0166201
20 0.3217178 0.7280903 0.0262594 0.0166201
7 0.3897535 0.7280903 0.0262594 0.0166201
30 0.4565957 0.7280903 0.0262594 0.0166201
18 0.1892270 0.7879228 0.0262594 0.0166201
11 0.2560692 0.7879228 0.0262594 0.0166201
23 0.3217178 0.7879228 0.0262594 0.0166201
3 0.3897535 0.7879228 0.0262594 0.0166201
