23 0.5120547 0.6565562 0.0262333 0.0159886
25 0.5788303 0.6565562 0.0262333 0.0159886
32 0.3802922 0.4886759 0.4829305 0.4093083
33 0.3790998 0.3117353 0.4376185 0.0149227
18 0.3117280 0.3687613 0.0262333 0.0159886
12 0.5120547 0.3687613 0.0262333 0.0159886
22 0.1781769 0.4263203 0.0262333 0.0159886
3 0.2449524 0.4263203 0.0262333 0.0159886
19 0.3117280 0.4263203 0.0262333 0.0159886
14 0.3773112 0.4263203 0.0262333 0.0159886
1 0.5788303 0.4263203 0.0262333 0.0159886
8 0.1781769 0.4838793 0.0262333 0.0159886
4 0.3773112 0.4838793 0.0262333 0.0159886
16 0.4452792 0.4838793 0.0262333 0.0159886
27 0.5120547 0.4838793 0.0262333 0.0159886
21 0.5788303 0.4838793 0.0262333 0.0159886
2 0.2449524 0.5414383 0.0262333 0.0159886
5 0.3117280 0.5414383 0.0262333 0.0159886
30 0.3773112 0.5414383 0.0262333 0.0159886
7 0.4452792 0.5414383 0.0262333 0.0159886
13 0.5120547 0.5414383 0.0262333 0.0159886
31 0.5788303 0.5414383 0.0262333 0.0159886
6 0.1781769 0.5989973 0.0262333 0.0159886
9 0.2449524 0.5989973 0.0262333 0.0159886
15 0.3117280 0.5989973 0.0262333 0.0159886
20 0.3773112 0.5989973 0.0262333 0.0159886
29 0.4452792 0.5989973 0.0262333 0.0159886
24 0.5788303 0.5989973 0.0262333 0.0159886
17 0.1781769 0.6565562 0.0262333 0.0159886
10 0.2449524 0.6565562 0.0262333 0.0159886
34 0.3117280 0.6560232 0.0620059 0.0575590
20 0.3117280 0.6565562 0.0262333 0.0159886
11 0.3773112 0.6565562 0.0262333 0.0159886
26 0.4452792 0.6565562 0.0262333 0.0159886
