30 0.4451132 0.5465141 0.0283455 0.0170481
27 0.5907061 0.5465141 0.0283455 0.0170481
32 0.4483344 0.3675092 0.5218150 0.4364310
33 0.4470459 0.1788437 0.4728546 0.0159116
11 0.2299451 0.2396485 0.0283455 0.0170481
12 0.3020973 0.2396485 0.0283455 0.0170481
7 0.3742495 0.2396485 0.0283455 0.0170481
16 0.4451132 0.2396485 0.0283455 0.0170481
5 0.5185539 0.2396485 0.0283456 0.0170481
13 0.5907061 0.2396485 0.0283455 0.0170481
21 0.6628583 0.2396485 0.0283455 0.0170481
24 0.2299451 0.3010216 0.0283455 0.0170481
10 0.3020973 0.3010216 0.0283455 0.0170481
23 0.4451132 0.3010216 0.0283455 0.0170481
34 0.5179097 0.3004534 0.0682869 0.0613731
7 0.5185539 0.3010216 0.0283456 0.0170481
26 0.2299451 0.3623947 0.0283455 0.0170481
1 0.3020973 0.3623947 0.0283455 0.0170481
8 0.3742495 0.3623947 0.0283455 0.0170481
15 0.5185539 0.3623947 0.0283456 0.0170481
14 0.5907061 0.3623947 0.0283455 0.0170481
25 0.6628583 0.3623947 0.0283455 0.0170481
19 0.3020973 0.4237678 0.0283455 0.0170481
3 0.4451132 0.4237678 0.0283455 0.0170481
29 0.5185539 0.4237678 0.0283456 0.0170481
31 0.5907061 0.4237678 0.0283455 0.0170481
9 0.6628583 0.4237678 0.0283455 0.0170481
22 0.2299451 0.4851410 0.0283455 0.0170481
4 0.3020973 0.4851410 0.0283455 0.0170481
17 0.3742495 0.4851410 0.0283455 0.0170481
18 0.4451132 0.4851410 0.0283455 0.0170481
20 0.2299451 0.5465141 0.0283455 0.0170481
6 0.3020973 0.5465141 0.0283455 0.0170481
2 0.3742495 0.5465141 0.0283455 0.0170481
