15 0.6052604 0.7708410 0.0266668 0.0174655
30 0.7422307 0.7708410 0.0266668 0.0174655
32 0.6082907 0.5874526 0.4909112 0.4471184
33 0.6070786 0.3941670 0.4448504 0.0163012
21 0.4028352 0.4564609 0.0266668 0.0174655
8 0.4707143 0.4564609 0.0266668 0.0174655
26 0.5385934 0.4564609 0.0266668 0.0174655
34 0.6737455 0.4558787 0.0642427 0.0628760
30 0.6743516 0.4564609 0.0266667 0.0174655
11 0.7422307 0.4564609 0.0266668 0.0174655
12 0.8101097 0.4564609 0.0266669 0.0174655
20 0.4028352 0.5193369 0.0266668 0.0174655
16 0.4707143 0.5193369 0.0266668 0.0174655
17 0.6052604 0.5193369 0.0266668 0.0174655
25 0.7422307 0.5193369 0.0266668 0.0174655
23 0.4028352 0.5822129 0.0266668 0.0174655
19 0.5385934 0.5822129 0.0266668 0.0174655
24 0.6052604 0.5822129 0.0266668 0.0174655
3 0.6743516 0.5822129 0.0266667 0.0174655
22 0.7422307 0.5822129 0.0266668 0.0174655
18 0.8101097 0.5822129 0.0266669 0.0174655
13 0.4707143 0.6450889 0.0266668 0.0174655
7 0.5385934 0.6450889 0.0266668 0.0174655
10 0.6052604 0.6450889 0.0266668 0.0174655
6 0.6743516 0.6450889 0.0266667 0.0174655
31 0.7422307 0.6450889 0.0266668 0.0174655
14 0.8101097 0.6450889 0.0266669 0.0174655
27 0.4028352 0.7079650 0.0266668 0.0174655
4 0.4707143 0.7079650 0.0266668 0.0174655
9 0.6052604 0.7079650 0.0266668 0.0174655
5 0.6743516 0.7079650 0.0266667 0.0174655
29 0.7422307 0.7079650 0.0266668 0.0174655
2 0.4028352 0.7708410 0.0266668 0.0174655
1 0.4707143 0.7708410 0.0266668 0.0174655
