20 0.4418118 0.7545778 0.0270742 0.0169345
18 0.5107279 0.7545778 0.0270742 0.0169345
32 0.3058255 0.5767651 0.4984111 0.4335241
33 0.3045949 0.3893563 0.4516466 0.0158056
24 0.2350635 0.4497562 0.0270742 0.0169345
27 0.3027489 0.4497562 0.0270742 0.0169345
17 0.4418118 0.4497562 0.0270742 0.0169345
26 0.5107279 0.4497562 0.0270742 0.0169345
29 0.0972313 0.5107205 0.0270742 0.0169345
6 0.2350635 0.5107205 0.0270742 0.0169345
10 0.3728957 0.5107205 0.0270742 0.0169345
14 0.5107279 0.5107205 0.0270742 0.0169345
3 0.2350635 0.5716848 0.0270742 0.0169345
16 0.3027489 0.5716848 0.0270742 0.0169345
34 0.3722803 0.5711203 0.0652242 0.0609644
8 0.3728957 0.5716848 0.0270742 0.0169345
25 0.4418118 0.5716848 0.0270742 0.0169345
2 0.5107279 0.5716848 0.0270742 0.0169345
9 0.1661474 0.6326491 0.0270742 0.0169345
23 0.2350635 0.6326491 0.0270742 0.0169345
1 0.3027489 0.6326491 0.0270742 0.0169345
11 0.3728957 0.6326491 0.0270742 0.0169345
31 0.5107279 0.6326491 0.0270742 0.0169345
21 0.0972313 0.6936135 0.0270742 0.0169345
22 0.1661474 0.6936135 0.0270742 0.0169345
5 0.2350635 0.6936135 0.0270742 0.0169345
7 0.3027489 0.6936135 0.0270742 0.0169345
13 0.3728957 0.6936135 0.0270742 0.0169345
19 0.4418118 0.6936135 0.0270742 0.0169345
4 0.5107279 0.6936135 0.0270742 0.0169345
8 0.0972313 0.7545778 0.0270742 0.0169345
12 0.1661474 0.7545778 0.0270742 0.0169345
30 0.3027489 0.7545778 0.0270742 0.0169345
15 0.3728957 0.7545778 0.0270742 0.0169345
