21 0.4737350 0.7988808 0.0268060 0.0167514
12 0.6102019 0.7988808 0.0268060 0.0167514
32 0.4073292 0.6229905 0.4934740 0.4288374
33 0.4061108 0.4376076 0.4471728 0.0156347
16 0.3372681 0.4973545 0.0268060 0.0167515
24 0.4737350 0.4973545 0.0268060 0.0167515
17 0.6102019 0.4973545 0.0268060 0.0167515
30 0.2690346 0.5576597 0.0268060 0.0167514
25 0.4737350 0.5576597 0.0268060 0.0167514
5 0.5419684 0.5576597 0.0268060 0.0167514
15 0.6102019 0.5576597 0.0268060 0.0167514
29 0.2008012 0.6179650 0.0268060 0.0167515
23 0.2690346 0.6179650 0.0268060 0.0167515
2 0.3372681 0.6179650 0.0268060 0.0167515
22 0.4042831 0.6179650 0.0268060 0.0167515
7 0.4737350 0.6179650 0.0268060 0.0167515
6 0.5419684 0.6179650 0.0268060 0.0167515
31 0.6102019 0.6179650 0.0268060 0.0167515
9 0.2008012 0.6782703 0.0268060 0.0167515
14 0.2690346 0.6782703 0.0268060 0.0167515
20 0.3372681 0.6782703 0.0268060 0.0167515
27 0.4042831 0.6782703 0.0268060 0.0167515
4 0.6102019 0.6782703 0.0268060 0.0167515
13 0.2008012 0.7385755 0.0268060 0.0167514
3 0.3372681 0.7385755 0.0268060 0.0167514
26 0.4042831 0.7385755 0.0268060 0.0167514
1 0.4737350 0.7385755 0.0268060 0.0167514
11 0.5419684 0.7385755 0.0268060 0.0167514
10 0.6102019 0.7385755 0.0268060 0.0167514
18 0.2008012 0.7988808 0.0268060 0.0167514
19 0.2690346 0.7988808 0.0268060 0.0167514
8 0.3372681 0.7988808 0.0268060 0.0167514
34 0.4042831 0.7983223 0.0633596 0.0603052
8 0.4042831 0.7988808 0.0268060 0.0167514
