30 0.5040400 0.5592722 0.0283878 0.0161565
18 0.6485599 0.5592722 0.0283878 0.0161565
32 0.4337156 0.3896290 0.5225942 0.4136061
33 0.4324252 0.2108306 0.4735608 0.0150794
26 0.2150002 0.2684554 0.0283878 0.0161565
27 0.2872601 0.2684554 0.0283879 0.0161565
34 0.3595201 0.2679169 0.0670985 0.0581634
24 0.3595201 0.2684554 0.0283878 0.0161565
19 0.4304897 0.2684554 0.0283878 0.0161565
31 0.5040400 0.2684554 0.0283878 0.0161565
20 0.2150002 0.3266188 0.0283878 0.0161565
1 0.2872601 0.3266188 0.0283879 0.0161565
6 0.3595201 0.3266188 0.0283878 0.0161565
12 0.5762999 0.3266188 0.0283878 0.0161565
5 0.6485599 0.3266188 0.0283878 0.0161565
17 0.2150002 0.3847821 0.0283878 0.0161565
22 0.2872601 0.3847821 0.0283879 0.0161565
8 0.3595201 0.3847821 0.0283878 0.0161565
24 0.4304897 0.3847821 0.0283878 0.0161565
9 0.5040400 0.3847821 0.0283878 0.0161565
3 0.6485599 0.3847821 0.0283878 0.0161565
2 0.2872601 0.4429455 0.0283879 0.0161565
16 0.3595201 0.4429455 0.0283878 0.0161565
4 0.5040400 0.4429455 0.0283878 0.0161565
29 0.6485599 0.4429455 0.0283878 0.0161565
15 0.2150002 0.5011088 0.0283878 0.0161565
13 0.3595201 0.5011088 0.0283878 0.0161565
21 0.5040400 0.5011088 0.0283878 0.0161565
7 0.5762999 0.5011088 0.0283878 0.0161565
10 0.6485599 0.5011088 0.0283878 0.0161565
23 0.2150002 0.5592722 0.0283878 0.0161565
14 0.2872601 0.5592722 0.0283879 0.0161565
25 0.3595201 0.5592722 0.0283878 0.0161565
11 0.4304897 0.5592722 0.0283878 0.0161565
