26 0.6595535 0.7777886 0.0286072 0.0164130
1 0.7323717 0.7777886 0.0286071 0.0164130
32 0.5158676 0.6054522 0.5266314 0.4201725
33 0.5145673 0.4238152 0.4772191 0.0153188
27 0.2954626 0.4823548 0.0286071 0.0164130
5 0.5126168 0.4823548 0.0286071 0.0164130
8 0.5867354 0.4823548 0.0286071 0.0164130
29 0.6595535 0.4823548 0.0286072 0.0164130
34 0.7323717 0.4818077 0.0676169 0.0590867
22 0.7323717 0.4823548 0.0286071 0.0164130
9 0.2954626 0.5414416 0.0286071 0.0164130
11 0.4410990 0.5414416 0.0286071 0.0164130
2 0.5126168 0.5414416 0.0286071 0.0164130
4 0.5867354 0.5414416 0.0286071 0.0164130
30 0.6595535 0.5414416 0.0286072 0.0164130
25 0.2954626 0.6005283 0.0286071 0.0164130
23 0.5126168 0.6005283 0.0286071 0.0164130
3 0.7323717 0.6005283 0.0286071 0.0164130
31 0.2954626 0.6596151 0.0286071 0.0164130
16 0.3682808 0.6596151 0.0286071 0.0164130
6 0.4410990 0.6596151 0.0286071 0.0164130
14 0.5867354 0.6596151 0.0286071 0.0164130
19 0.6595535 0.6596151 0.0286072 0.0164130
24 0.7323717 0.6596151 0.0286071 0.0164130
18 0.2954626 0.7187019 0.0286071 0.0164130
15 0.4410990 0.7187019 0.0286071 0.0164130
10 0.5126168 0.7187019 0.0286071 0.0164130
17 0.5867354 0.7187019 0.0286071 0.0164130
13 0.7323717 0.7187019 0.0286071 0.0164130
20 0.2954626 0.7777886 0.0286071 0.0164130
21 0.3682808 0.7777886 0.0286071 0.0164130
22 0.4410990 0.7777886 0.0286071 0.0164130
7 0.5126168 0.7777886 0.0286071 0.0164130
12 0.5867354 0.7777886 0.0286071 0.0164130
