27 0.6402286 0.6849429 0.0280435 0.0174740
31 0.7116121 0.6849429 0.0280435 0.0174740
32 0.4993736 0.5014664 0.5162556 0.4473331
33 0.4980989 0.3080881 0.4678168 0.0163090
25 0.4260781 0.3704118 0.0280435 0.0174740
14 0.5688451 0.3704118 0.0280436 0.0174740
6 0.6402286 0.3704118 0.0280435 0.0174740
24 0.7116121 0.3704118 0.0280435 0.0174740
8 0.3546946 0.4333180 0.0280435 0.0174740
22 0.4260781 0.4333180 0.0280435 0.0174740
3 0.4961869 0.4333180 0.0280435 0.0174740
23 0.7116121 0.4333180 0.0280435 0.0174740
5 0.2833111 0.4962242 0.0280435 0.0174740
20 0.4260781 0.4962242 0.0280435 0.0174740
1 0.4961869 0.4962242 0.0280435 0.0174740
16 0.5688451 0.4962242 0.0280436 0.0174740
11 0.6402286 0.4962242 0.0280435 0.0174740
30 0.7116121 0.4962242 0.0280435 0.0174740
26 0.2833111 0.5591305 0.0280435 0.0174740
18 0.4260781 0.5591305 0.0280435 0.0174740
21 0.4961869 0.5591305 0.0280435 0.0174740
4 0.5688451 0.5591305 0.0280436 0.0174740
12 0.6402286 0.5591305 0.0280435 0.0174740
19 0.7116121 0.5591305 0.0280435 0.0174740
17 0.2833111 0.6220367 0.0280435 0.0174740
13 0.3546946 0.6220367 0.0280435 0.0174740
34 0.4260781 0.6214542 0.0662847 0.0629062
19 0.4260781 0.6220367 0.0280435 0.0174740
29 0.4961869 0.6220367 0.0280435 0.0174740
9 0.5688451 0.6220367 0.0280436 0.0174740
10 0.2833111 0.6849429 0.0280435 0.0174740
2 0.3546946 0.6849429 0.0280435 0.0174740
7 0.4961869 0.6849429 0.0280435 0.0174740
15 0.5688451 0.6849429 0.0280436 0.0174740
