3 0.7209354 0.6019119 0.0274402 0.0174020
26 0.7907831 0.6019119 0.0274402 0.0174020
32 0.5831108 0.4191913 0.5051487 0.4454903
33 0.5818636 0.2266095 0.4577521 0.0162419
11 0.3716967 0.2886765 0.0274401 0.0174020
22 0.4415445 0.2886765 0.0274402 0.0174020
12 0.5113922 0.2886765 0.0274402 0.0174020
27 0.6510876 0.2886765 0.0274402 0.0174020
23 0.7209354 0.2886765 0.0274402 0.0174020
34 0.7907831 0.2880964 0.0648586 0.0626471
13 0.7907831 0.2886765 0.0274402 0.0174020
25 0.3716967 0.3513236 0.0274401 0.0174019
7 0.4415445 0.3513236 0.0274402 0.0174019
30 0.5799926 0.3513236 0.0274402 0.0174019
18 0.3716967 0.4139707 0.0274401 0.0174019
29 0.4415445 0.4139707 0.0274402 0.0174019
20 0.5113922 0.4139707 0.0274402 0.0174019
15 0.6510876 0.4139707 0.0274402 0.0174019
17 0.7209354 0.4139707 0.0274402 0.0174019
8 0.3716967 0.4766178 0.0274401 0.0174019
21 0.4415445 0.4766178 0.0274402 0.0174019
4 0.5113922 0.4766178 0.0274402 0.0174019
24 0.5799926 0.4766178 0.0274402 0.0174019
10 0.6510876 0.4766178 0.0274402 0.0174019
6 0.7209354 0.4766178 0.0274402 0.0174019
14 0.3716967 0.5392648 0.0274401 0.0174020
2 0.4415445 0.5392648 0.0274402 0.0174020
16 0.5113922 0.5392648 0.0274402 0.0174020
1 0.6510876 0.5392648 0.0274402 0.0174020
19 0.7907831 0.5392648 0.0274402 0.0174020
9 0.3716967 0.6019119 0.0274401 0.0174020
5 0.4415445 0.6019119 0.0274402 0.0174020
31 0.5113922 0.6019119 0.0274402 0.0174020
13 0.5799926 0.6019119 0.0274402 0.0174020
