30 0.6714789 0.7214431 0.0282419 0.0168027
8 0.8152554 0.7214431 0.0282418 0.0168027
32 0.6015162 0.5450150 0.5199065 0.4301487
33 0.6002324 0.3590652 0.4711251 0.0156825
7 0.4558140 0.4189948 0.0282418 0.0168027
2 0.5277023 0.4189948 0.0282418 0.0168027
6 0.5983068 0.4189948 0.0282418 0.0168027
24 0.6714789 0.4189948 0.0282419 0.0168027
4 0.8152554 0.4189948 0.0282418 0.0168027
18 0.3839257 0.4794845 0.0282418 0.0168027
16 0.4558140 0.4794845 0.0282418 0.0168027
22 0.5277023 0.4794845 0.0282418 0.0168027
19 0.5983068 0.4794845 0.0282418 0.0168027
1 0.6714789 0.4794845 0.0282419 0.0168027
23 0.7433672 0.4794845 0.0282419 0.0168027
34 0.3839257 0.5394141 0.0667534 0.0604896
5 0.3839257 0.5399742 0.0282418 0.0168027
15 0.4558140 0.5399742 0.0282418 0.0168027
9 0.5277023 0.5399742 0.0282418 0.0168027
17 0.5983068 0.5399742 0.0282418 0.0168027
31 0.8152554 0.5399742 0.0282418 0.0168027
12 0.3839257 0.6004639 0.0282418 0.0168026
3 0.5277023 0.6004639 0.0282418 0.0168026
26 0.8152554 0.6004639 0.0282418 0.0168026
20 0.3839257 0.6609535 0.0282418 0.0168027
10 0.4558140 0.6609535 0.0282418 0.0168027
14 0.5277023 0.6609535 0.0282418 0.0168027
11 0.5983068 0.6609535 0.0282418 0.0168027
5 0.6714789 0.6609535 0.0282419 0.0168027
25 0.7433672 0.6609535 0.0282419 0.0168027
13 0.3839257 0.7214431 0.0282418 0.0168027
27 0.4558140 0.7214431 0.0282418 0.0168027
21 0.5277023 0.7214431 0.0282418 0.0168027
29 0.5983068 0.7214431 0.0282418 0.0168027
