25 0.4423745 0.5823153 0.0272170 0.0167112
26 0.5116541 0.5823153 0.0272170 0.0167112
32 0.3056710 0.4068470 0.5010400 0.4278085
33 0.3044339 0.2219089 0.4540288 0.0155972
17 0.0959765 0.2815125 0.0272170 0.0167113
3 0.1652561 0.2815125 0.0272170 0.0167113
4 0.2345357 0.2815125 0.0272170 0.0167113
11 0.3025782 0.2815125 0.0272170 0.0167113
27 0.3730949 0.2815125 0.0272170 0.0167113
18 0.4423745 0.2815125 0.0272170 0.0167113
12 0.5116541 0.2815125 0.0272170 0.0167113
21 0.0959765 0.3416730 0.0272170 0.0167113
8 0.1652561 0.3416730 0.0272170 0.0167113
23 0.2345357 0.3416730 0.0272170 0.0167113
19 0.5116541 0.3416730 0.0272170 0.0167113
16 0.1652561 0.4018336 0.0272170 0.0167112
22 0.2345357 0.4018336 0.0272170 0.0167112
24 0.3025782 0.4018336 0.0272170 0.0167112
15 0.3730949 0.4018336 0.0272170 0.0167112
30 0.4423745 0.4018336 0.0272170 0.0167112
10 0.1652561 0.4619942 0.0272170 0.0167113
9 0.2345357 0.4619942 0.0272170 0.0167113
14 0.3025782 0.4619942 0.0272170 0.0167113
5 0.4423745 0.4619942 0.0272170 0.0167113
6 0.5116541 0.4619942 0.0272170 0.0167113
2 0.0959765 0.5221547 0.0272170 0.0167113
1 0.1652561 0.5221547 0.0272170 0.0167113
31 0.2345357 0.5221547 0.0272170 0.0167113
13 0.4423745 0.5221547 0.0272170 0.0167113
29 0.5116541 0.5221547 0.0272170 0.0167113
34 0.2345357 0.5817582 0.0643311 0.0601605
30 0.2345357 0.5823153 0.0272170 0.0167112
7 0.3025782 0.5823153 0.0272170 0.0167112
20 0.3730949 0.5823153 0.0272170 0.0167112
