9 0.7284855 0.6033489 0.0285666 0.0172319
22 0.8012004 0.6033489 0.0285666 0.0172319
32 0.5850034 0.4224140 0.5258847 0.4411364
33 0.5837049 0.2317144 0.4765424 0.0160831
29 0.4376258 0.2931748 0.0285666 0.0172319
5 0.5103407 0.2931748 0.0285666 0.0172319
15 0.7284855 0.2931748 0.0285666 0.0172319
6 0.8012004 0.2931748 0.0285666 0.0172319
4 0.3649109 0.3552097 0.0285666 0.0172319
10 0.4376258 0.3552097 0.0285666 0.0172319
21 0.5103407 0.3552097 0.0285666 0.0172319
3 0.5817571 0.3552097 0.0285666 0.0172319
20 0.6557706 0.3552097 0.0285666 0.0172319
25 0.8012004 0.3552097 0.0285666 0.0172319
2 0.3649109 0.4172445 0.0285666 0.0172319
24 0.4376258 0.4172445 0.0285666 0.0172319
17 0.5103407 0.4172445 0.0285666 0.0172319
18 0.5817571 0.4172445 0.0285666 0.0172319
34 0.6551213 0.4166701 0.0688195 0.0620348
9 0.6557706 0.4172445 0.0285666 0.0172319
26 0.7284855 0.4172445 0.0285666 0.0172319
7 0.3649109 0.4792793 0.0285666 0.0172319
30 0.4376258 0.4792793 0.0285666 0.0172319
12 0.6557706 0.4792793 0.0285666 0.0172319
13 0.7284855 0.4792793 0.0285666 0.0172319
8 0.8012004 0.4792793 0.0285666 0.0172319
11 0.3649109 0.5413141 0.0285666 0.0172319
31 0.5103407 0.5413141 0.0285666 0.0172319
27 0.5817571 0.5413141 0.0285666 0.0172319
16 0.6557706 0.5413141 0.0285666 0.0172319
14 0.8012004 0.5413141 0.0285666 0.0172319
23 0.3649109 0.6033489 0.0285666 0.0172319
19 0.5817571 0.6033489 0.0285666 0.0172319
1 0.6557706 0.6033489 0.0285666 0.0172319
