19 0.6134953 0.6764640 0.0275605 0.0163372
20 0.6836493 0.6764640 0.0275604 0.0163372
32 0.4750665 0.5049229 0.5073636 0.4182335
33 0.4738137 0.3241240 0.4597591 0.0152481
24 0.3328794 0.3823935 0.0275605 0.0163372
17 0.4030334 0.3823935 0.0275605 0.0163372
12 0.4719346 0.3823935 0.0275605 0.0163372
1 0.5433413 0.3823935 0.0275605 0.0163372
23 0.6134953 0.3823935 0.0275605 0.0163372
18 0.3328794 0.4412076 0.0275605 0.0163372
26 0.4030334 0.4412076 0.0275605 0.0163372
3 0.4719346 0.4412076 0.0275605 0.0163372
34 0.5427150 0.4406630 0.0663957 0.0588141
15 0.5433413 0.4412076 0.0275605 0.0163372
31 0.6134953 0.4412076 0.0275605 0.0163372
5 0.2627254 0.5000217 0.0275605 0.0163372
7 0.3328794 0.5000217 0.0275605 0.0163372
25 0.4030334 0.5000217 0.0275605 0.0163372
27 0.4719346 0.5000217 0.0275605 0.0163372
15 0.5433413 0.5000217 0.0275605 0.0163372
11 0.6836493 0.5000217 0.0275604 0.0163372
30 0.2627254 0.5588358 0.0275605 0.0163372
2 0.4719346 0.5588358 0.0275605 0.0163372
6 0.5433413 0.5588358 0.0275605 0.0163372
9 0.2627254 0.6176499 0.0275605 0.0163372
13 0.3328794 0.6176499 0.0275605 0.0163372
16 0.4030334 0.6176499 0.0275605 0.0163372
29 0.4719346 0.6176499 0.0275605 0.0163372
8 0.5433413 0.6176499 0.0275605 0.0163372
22 0.6134953 0.6176499 0.0275605 0.0163372
21 0.6836493 0.6176499 0.0275604 0.0163372
14 0.2627254 0.6764640 0.0275605 0.0163372
4 0.3328794 0.6764640 0.0275605 0.0163372
10 0.5433413 0.6764640 0.0275605 0.0163372
