25 0.4959759 0.5493195 0.0273000 0.0173183
2 0.6349577 0.5493195 0.0273000 0.0173183
32 0.5673281 0.3674773 0.5025682 0.4433485
33 0.5660872 0.1758214 0.4554136 0.0161637
21 0.3569940 0.2375900 0.0273000 0.0173183
19 0.4264849 0.2375900 0.0273000 0.0173183
9 0.4959759 0.2375900 0.0273000 0.0173183
1 0.7044485 0.2375900 0.0273000 0.0173183
14 0.7739395 0.2375900 0.0273000 0.0173183
27 0.4264849 0.2999359 0.0273000 0.0173183
5 0.4959759 0.2999359 0.0273000 0.0173183
16 0.5642258 0.2999359 0.0273000 0.0173183
10 0.6349577 0.2999359 0.0273000 0.0173183
13 0.7044485 0.2999359 0.0273000 0.0173183
29 0.7739395 0.2999359 0.0273000 0.0173183
8 0.3569940 0.3622818 0.0273000 0.0173183
20 0.4264849 0.3622818 0.0273000 0.0173183
23 0.4959759 0.3622818 0.0273000 0.0173183
31 0.5642258 0.3622818 0.0273000 0.0173183
24 0.6349577 0.3622818 0.0273000 0.0173183
18 0.7044485 0.3622818 0.0273000 0.0173183
34 0.7739395 0.3617045 0.0645273 0.0623459
19 0.7739395 0.3622818 0.0273000 0.0173183
30 0.3569940 0.4246277 0.0273000 0.0173183
7 0.4264849 0.4246277 0.0273000 0.0173183
17 0.4959759 0.4246277 0.0273000 0.0173183
15 0.5642258 0.4246277 0.0273000 0.0173183
6 0.7044485 0.4246277 0.0273000 0.0173183
4 0.7739395 0.4246277 0.0273000 0.0173183
26 0.3569940 0.4869736 0.0273000 0.0173183
3 0.4959759 0.4869736 0.0273000 0.0173183
12 0.5642258 0.4869736 0.0273000 0.0173183
22 0.7044485 0.4869736 0.0273000 0.0173183
11 0.7739395 0.4869736 0.0273000 0.0173183
