25 0.6305915 0.5395996 0.0273075 0.0172283
9 0.7001014 0.5395996 0.0273074 0.0172283
32 0.4934336 0.3587020 0.5027055 0.4410456
33 0.4921923 0.1680417 0.4555381 0.0160798
30 0.3525520 0.2294894 0.0273075 0.0172283
10 0.4220618 0.2294894 0.0273075 0.0172283
5 0.6305915 0.2294894 0.0273075 0.0172283
4 0.3525520 0.2915114 0.0273075 0.0172283
8 0.4220618 0.2915114 0.0273075 0.0172283
18 0.4903304 0.2915114 0.0273075 0.0172283
15 0.5610816 0.2915114 0.0273074 0.0172283
2 0.7001014 0.2915114 0.0273074 0.0172283
24 0.2830420 0.3535335 0.0273075 0.0172283
19 0.3525520 0.3535335 0.0273075 0.0172283
7 0.4220618 0.3535335 0.0273075 0.0172283
23 0.4903304 0.3535335 0.0273075 0.0172283
20 0.7001014 0.3535335 0.0273074 0.0172283
16 0.2830420 0.4155555 0.0273075 0.0172284
29 0.3525520 0.4155555 0.0273075 0.0172284
27 0.4220618 0.4155555 0.0273075 0.0172284
13 0.4903304 0.4155555 0.0273075 0.0172284
22 0.6305915 0.4155555 0.0273075 0.0172284
12 0.2830420 0.4775775 0.0273075 0.0172284
11 0.3525520 0.4775775 0.0273075 0.0172284
6 0.4220618 0.4775775 0.0273075 0.0172284
21 0.4903304 0.4775775 0.0273075 0.0172284
31 0.5610816 0.4775775 0.0273074 0.0172284
17 0.6305915 0.4775775 0.0273075 0.0172284
34 0.7001014 0.4770033 0.0645448 0.0620221
19 0.7001014 0.4775775 0.0273074 0.0172284
26 0.2830420 0.5395996 0.0273075 0.0172283
3 0.3525520 0.5395996 0.0273075 0.0172283
1 0.4220618 0.5395996 0.0273075 0.0172283
14 0.5610816 0.5395996 0.0273074 0.0172283
