27 0.3511180 0.5339061 0.0283855 0.0174816
4 0.4233722 0.5339061 0.0283855 0.0174816
32 0.2807993 0.3503503 0.5225521 0.4475264
33 0.2795090 0.1568884 0.4735226 0.0163161
19 0.0621015 0.2192391 0.0283855 0.0174815
21 0.2775736 0.2192391 0.0283855 0.0174815
34 0.3504729 0.2186564 0.0683834 0.0629334
3 0.3511180 0.2192391 0.0283855 0.0174815
30 0.4233722 0.2192391 0.0283855 0.0174815
13 0.4956263 0.2192391 0.0283855 0.0174815
20 0.0621015 0.2821725 0.0283855 0.0174815
1 0.2066098 0.2821725 0.0283855 0.0174815
18 0.3511180 0.2821725 0.0283855 0.0174815
3 0.4956263 0.2821725 0.0283855 0.0174815
26 0.0621015 0.3451059 0.0283855 0.0174815
14 0.2775736 0.3451059 0.0283855 0.0174815
16 0.4233722 0.3451059 0.0283855 0.0174815
29 0.4956263 0.3451059 0.0283855 0.0174815
5 0.0621015 0.4080393 0.0283855 0.0174815
6 0.1343556 0.4080393 0.0283856 0.0174815
9 0.2066098 0.4080393 0.0283855 0.0174815
23 0.2775736 0.4080393 0.0283855 0.0174815
11 0.4233722 0.4080393 0.0283855 0.0174815
8 0.4956263 0.4080393 0.0283855 0.0174815
15 0.0621015 0.4709727 0.0283855 0.0174816
10 0.1343556 0.4709727 0.0283856 0.0174816
24 0.2066098 0.4709727 0.0283855 0.0174816
2 0.2775736 0.4709727 0.0283855 0.0174816
25 0.3511180 0.4709727 0.0283855 0.0174816
12 0.4233722 0.4709727 0.0283855 0.0174816
7 0.4956263 0.4709727 0.0283855 0.0174816
17 0.0621015 0.5339061 0.0283855 0.0174816
31 0.1343556 0.5339061 0.0283856 0.0174816
22 0.2066098 0.5339061 0.0283855 0.0174816
