30 0.1974921 0.6799948 0.0267618 0.0171840
13 0.2643966 0.6799948 0.0267618 0.0171840
32 0.2674377 0.4995624 0.4926604 0.4399114
33 0.2662213 0.3093924 0.4464355 0.0160384
26 0.0612502 0.3706821 0.0267618 0.0171840
9 0.1974921 0.3706821 0.0267618 0.0171840
27 0.3337341 0.3706821 0.0267618 0.0171840
4 0.0612502 0.4325447 0.0267618 0.0171840
5 0.1293712 0.4325447 0.0267618 0.0171840
6 0.1974921 0.4325447 0.0267618 0.0171840
23 0.2643966 0.4325447 0.0267618 0.0171840
29 0.3337341 0.4325447 0.0267618 0.0171840
7 0.4018550 0.4325447 0.0267618 0.0171840
21 0.4699759 0.4325447 0.0267618 0.0171840
17 0.0612502 0.4944072 0.0267618 0.0171840
12 0.2643966 0.4944072 0.0267618 0.0171840
34 0.3331258 0.4938344 0.0644716 0.0618625
24 0.3337341 0.4944072 0.0267618 0.0171840
16 0.4018550 0.4944072 0.0267618 0.0171840
11 0.4699759 0.4944072 0.0267618 0.0171840
15 0.0612502 0.5562698 0.0267618 0.0171840
3 0.1293712 0.5562698 0.0267618 0.0171840
8 0.1974921 0.5562698 0.0267618 0.0171840
2 0.2643966 0.5562698 0.0267618 0.0171840
22 0.3337341 0.5562698 0.0267618 0.0171840
18 0.4699759 0.5562698 0.0267618 0.0171840
10 0.0612502 0.6181323 0.0267618 0.0171840
14 0.1293712 0.6181323 0.0267618 0.0171840
25 0.1974921 0.6181323 0.0267618 0.0171840
1 0.2643966 0.6181323 0.0267618 0.0171840
19 0.3337341 0.6181323 0.0267618 0.0171840
31 0.4018550 0.6181323 0.0267618 0.0171840
24 0.4699759 0.6181323 0.0267618 0.0171840
20 0.1293712 0.6799948 0.0267618 0.0171840
