6 0.7009836 0.6839208 0.0277125 0.0165045
20 0.8420651 0.6839208 0.0277125 0.0165045
32 0.6323323 0.5106230 0.5101609 0.4225163
33 0.6310726 0.3279727 0.4622939 0.0154043
11 0.4188205 0.3868389 0.0277124 0.0165046
34 0.4887314 0.3862888 0.0642425 0.0594163
18 0.4893613 0.3868389 0.0277124 0.0165046
10 0.5599020 0.3868389 0.0277124 0.0165046
14 0.6291831 0.3868389 0.0277124 0.0165046
23 0.7009836 0.3868389 0.0277125 0.0165046
24 0.7715244 0.3868389 0.0277125 0.0165046
1 0.8420651 0.3868389 0.0277125 0.0165046
22 0.4893613 0.4462553 0.0277124 0.0165046
30 0.5599020 0.4462553 0.0277124 0.0165046
27 0.7009836 0.4462553 0.0277125 0.0165046
31 0.8420651 0.4462553 0.0277125 0.0165046
2 0.4188205 0.5056716 0.0277124 0.0165045
7 0.4893613 0.5056716 0.0277124 0.0165045
18 0.6291831 0.5056716 0.0277124 0.0165045
9 0.7715244 0.5056716 0.0277125 0.0165045
25 0.8420651 0.5056716 0.0277125 0.0165045
8 0.4188205 0.5650880 0.0277124 0.0165045
19 0.4893613 0.5650880 0.0277124 0.0165045
17 0.5599020 0.5650880 0.0277124 0.0165045
26 0.6291831 0.5650880 0.0277124 0.0165045
4 0.7715244 0.5650880 0.0277125 0.0165045
13 0.4188205 0.6245044 0.0277124 0.0165045
21 0.4893613 0.6245044 0.0277124 0.0165045
3 0.5599020 0.6245044 0.0277124 0.0165045
5 0.6291831 0.6245044 0.0277124 0.0165045
29 0.7009836 0.6245044 0.0277125 0.0165045
12 0.7715244 0.6245044 0.0277125 0.0165045
16 0.8420651 0.6245044 0.0277125 0.0165045
15 0.5599020 0.6839208 0.0277124 0.0165045
