26 0.5744155 0.6823941 0.0268122 0.0172630
10 0.6426646 0.6823941 0.0268121 0.0172630
32 0.4397454 0.5011327 0.4935872 0.4419324
33 0.4385266 0.3100891 0.4472753 0.0161121
30 0.2331700 0.3716604 0.0268121 0.0172630
19 0.4366985 0.3716604 0.0268121 0.0172630
15 0.5061664 0.3716604 0.0268121 0.0172630
23 0.5744155 0.3716604 0.0268122 0.0172630
4 0.6426646 0.3716604 0.0268121 0.0172630
20 0.2331700 0.4338071 0.0268121 0.0172630
21 0.3014191 0.4338071 0.0268121 0.0172630
3 0.3696682 0.4338071 0.0268121 0.0172630
14 0.4366985 0.4338071 0.0268121 0.0172630
11 0.5061664 0.4338071 0.0268121 0.0172630
6 0.6426646 0.4338071 0.0268121 0.0172630
16 0.3696682 0.4959539 0.0268121 0.0172630
18 0.4366985 0.4959539 0.0268121 0.0172630
2 0.5061664 0.4959539 0.0268121 0.0172630
8 0.6426646 0.4959539 0.0268121 0.0172630
17 0.2331700 0.5581006 0.0268121 0.0172630
13 0.3014191 0.5581006 0.0268121 0.0172630
12 0.3696682 0.5581006 0.0268121 0.0172630
29 0.4366985 0.5581006 0.0268121 0.0172630
5 0.5744155 0.5581006 0.0268122 0.0172630
25 0.3014191 0.6202474 0.0268121 0.0172630
34 0.3696682 0.6196719 0.0633742 0.0621467
27 0.3696682 0.6202474 0.0268121 0.0172630
9 0.4366985 0.6202474 0.0268121 0.0172630
1 0.5061664 0.6202474 0.0268121 0.0172630
7 0.5744155 0.6202474 0.0268122 0.0172630
22 0.2331700 0.6823941 0.0268121 0.0172630
24 0.3014191 0.6823941 0.0268121 0.0172630
27 0.4366985 0.6823941 0.0268121 0.0172630
31 0.5061664 0.6823941 0.0268121 0.0172630
