25 0.5734277 0.7097283 0.0273424 0.0174282
31 0.6430264 0.7097283 0.0273425 0.0174282
32 0.5056931 0.5267317 0.5033485 0.4461632
33 0.5044503 0.3338590 0.4561207 0.0162664
23 0.2950324 0.3960198 0.0273424 0.0174282
11 0.3646312 0.3960198 0.0273424 0.0174282
34 0.4342300 0.3954389 0.0646275 0.0627417
31 0.4342300 0.3960198 0.0273424 0.0174282
4 0.5025860 0.3960198 0.0273424 0.0174282
7 0.5734277 0.3960198 0.0273424 0.0174282
20 0.2950324 0.4587615 0.0273424 0.0174282
14 0.3646312 0.4587615 0.0273424 0.0174282
27 0.5025860 0.4587615 0.0273424 0.0174282
13 0.5734277 0.4587615 0.0273424 0.0174282
16 0.6430264 0.4587615 0.0273425 0.0174282
6 0.7126252 0.4587615 0.0273424 0.0174282
2 0.5734277 0.5215032 0.0273424 0.0174282
24 0.6430264 0.5215032 0.0273425 0.0174282
17 0.7126252 0.5215032 0.0273424 0.0174282
22 0.3646312 0.5842449 0.0273424 0.0174282
19 0.4342300 0.5842449 0.0273424 0.0174282
5 0.5025860 0.5842449 0.0273424 0.0174282
12 0.5734277 0.5842449 0.0273424 0.0174282
9 0.6430264 0.5842449 0.0273425 0.0174282
18 0.7126252 0.5842449 0.0273424 0.0174282
10 0.2950324 0.6469866 0.0273424 0.0174282
30 0.3646312 0.6469866 0.0273424 0.0174282
26 0.5025860 0.6469866 0.0273424 0.0174282
8 0.5734277 0.6469866 0.0273424 0.0174282
15 0.6430264 0.6469866 0.0273425 0.0174282
3 0.7126252 0.6469866 0.0273424 0.0174282
1 0.2950324 0.7097283 0.0273424 0.0174282
29 0.4342300 0.7097283 0.0273424 0.0174282
21 0.5025860 0.7097283 0.0273424 0.0174282
