27 0.6981104 0.6123781 0.0282725 0.0165207
21 0.8420430 0.6123781 0.0282725 0.0165207
32 0.6280718 0.4389113 0.5204705 0.4229284
33 0.6267867 0.2560829 0.4716362 0.0154193
23 0.4822116 0.3150065 0.0282725 0.0165207
4 0.6248590 0.3150065 0.0282725 0.0165207
14 0.8420430 0.3150065 0.0282725 0.0165207
3 0.4102453 0.3744809 0.0282725 0.0165206
7 0.4822116 0.3744809 0.0282725 0.0165206
25 0.5541778 0.3744809 0.0282725 0.0165206
24 0.6981104 0.3744809 0.0282725 0.0165206
11 0.7700767 0.3744809 0.0282726 0.0165206
18 0.8420430 0.3744809 0.0282725 0.0165206
5 0.4102453 0.4339551 0.0282725 0.0165206
19 0.5541778 0.4339551 0.0282725 0.0165206
29 0.7700767 0.4339551 0.0282726 0.0165206
6 0.8420430 0.4339551 0.0282725 0.0165206
31 0.4102453 0.4934295 0.0282725 0.0165207
12 0.5541778 0.4934295 0.0282725 0.0165207
2 0.6248590 0.4934295 0.0282725 0.0165207
34 0.6974678 0.4928788 0.0681109 0.0594743
14 0.6981104 0.4934295 0.0282725 0.0165207
22 0.7700767 0.4934295 0.0282726 0.0165207
10 0.8420430 0.4934295 0.0282725 0.0165207
8 0.4102453 0.5529037 0.0282725 0.0165207
1 0.4822116 0.5529037 0.0282725 0.0165207
30 0.5541778 0.5529037 0.0282725 0.0165207
16 0.6248590 0.5529037 0.0282725 0.0165207
13 0.6981104 0.5529037 0.0282725 0.0165207
20 0.7700767 0.5529037 0.0282726 0.0165207
17 0.8420430 0.5529037 0.0282725 0.0165207
26 0.5541778 0.6123781 0.0282725 0.0165207
9 0.6248590 0.6123781 0.0282725 0.0165207
