11 0.5888358 0.5688535 0.0277194 0.0158901
6 0.6593942 0.5688535 0.0277194 0.0158901
32 0.4496091 0.4020073 0.5102881 0.4067869
33 0.4483491 0.2261567 0.4624093 0.0148308
8 0.2360440 0.2828315 0.0277193 0.0158901
25 0.3066024 0.2828315 0.0277194 0.0158901
7 0.3771608 0.2828315 0.0277193 0.0158901
22 0.6593942 0.2828315 0.0277194 0.0158901
26 0.2360440 0.3400359 0.0277193 0.0158901
9 0.3066024 0.3400359 0.0277194 0.0158901
31 0.3771608 0.3400359 0.0277193 0.0158901
24 0.5888358 0.3400359 0.0277194 0.0158901
1 0.6593942 0.3400359 0.0277194 0.0158901
16 0.2360440 0.3972403 0.0277193 0.0158901
34 0.3059724 0.3967106 0.0642585 0.0572045
8 0.3066024 0.3972403 0.0277194 0.0158901
20 0.3771608 0.3972403 0.0277193 0.0158901
2 0.5182775 0.3972403 0.0277194 0.0158901
23 0.5888358 0.3972403 0.0277194 0.0158901
17 0.3066024 0.4544447 0.0277194 0.0158901
15 0.3771608 0.4544447 0.0277193 0.0158901
30 0.4464592 0.4544447 0.0277193 0.0158901
5 0.5182775 0.4544447 0.0277194 0.0158901
10 0.5888358 0.4544447 0.0277194 0.0158901
29 0.6593942 0.4544447 0.0277194 0.0158901
4 0.3066024 0.5116491 0.0277194 0.0158902
12 0.3771608 0.5116491 0.0277193 0.0158902
18 0.5888358 0.5116491 0.0277194 0.0158902
27 0.6593942 0.5116491 0.0277194 0.0158902
21 0.3066024 0.5688535 0.0277194 0.0158901
19 0.3771608 0.5688535 0.0277193 0.0158901
14 0.4464592 0.5688535 0.0277193 0.0158901
3 0.5182775 0.5688535 0.0277194 0.0158901
