18 0.5766182 0.6235437 0.0274098 0.0158843
26 0.6463885 0.6235437 0.0274097 0.0158843
32 0.5087167 0.4567589 0.5045890 0.4066373
33 0.5074709 0.2809730 0.4572449 0.0148253
11 0.3673072 0.3376268 0.0274098 0.0158843
16 0.4370775 0.3376268 0.0274097 0.0158843
30 0.5766182 0.3376268 0.0274098 0.0158843
5 0.6463885 0.3376268 0.0274097 0.0158843
21 0.3673072 0.3948102 0.0274098 0.0158843
7 0.4370775 0.3948102 0.0274097 0.0158843
25 0.5766182 0.3948102 0.0274098 0.0158843
3 0.7161589 0.3948102 0.0274097 0.0158843
4 0.2975368 0.4519936 0.0274098 0.0158843
19 0.3673072 0.4519936 0.0274098 0.0158843
6 0.4370775 0.4519936 0.0274097 0.0158843
24 0.5056020 0.4519936 0.0274098 0.0158843
17 0.5766182 0.4519936 0.0274098 0.0158843
12 0.7161589 0.4519936 0.0274097 0.0158843
14 0.2975368 0.5091769 0.0274098 0.0158843
20 0.4370775 0.5091769 0.0274097 0.0158843
15 0.5056020 0.5091769 0.0274098 0.0158843
2 0.5766182 0.5091769 0.0274098 0.0158843
27 0.6463885 0.5091769 0.0274097 0.0158843
9 0.7161589 0.5091769 0.0274097 0.0158843
23 0.2975368 0.5663603 0.0274098 0.0158843
10 0.3673072 0.5663603 0.0274098 0.0158843
22 0.4370775 0.5663603 0.0274097 0.0158843
34 0.6457656 0.5658308 0.0635408 0.0571834
26 0.6463885 0.5663603 0.0274097 0.0158843
29 0.7161589 0.5663603 0.0274097 0.0158843
13 0.2975368 0.6235437 0.0274098 0.0158843
8 0.3673072 0.6235437 0.0274098 0.0158843
31 0.5056020 0.6235437 0.0274098 0.0158843
