11 0.4468619 0.7583639 0.0284809 0.0162101
30 0.5918556 0.7583639 0.0284809 0.0162101
32 0.3763070 0.5881578 0.5243075 0.4149784
33 0.3750124 0.4087661 0.4751132 0.0151294
5 0.1568746 0.4665822 0.0284809 0.0162101
14 0.2293714 0.4665822 0.0284809 0.0162101
17 0.3018682 0.4665822 0.0284809 0.0162101
13 0.3730705 0.4665822 0.0284809 0.0162101
25 0.4468619 0.4665822 0.0284809 0.0162101
9 0.5193587 0.4665822 0.0284809 0.0162101
6 0.1568746 0.5249385 0.0284809 0.0162101
19 0.2293714 0.5249385 0.0284809 0.0162101
7 0.3730705 0.5249385 0.0284809 0.0162101
1 0.4468619 0.5249385 0.0284809 0.0162101
16 0.5193587 0.5249385 0.0284809 0.0162101
3 0.5918556 0.5249385 0.0284809 0.0162101
27 0.1568746 0.5832948 0.0284809 0.0162101
21 0.2293714 0.5832948 0.0284809 0.0162101
10 0.5193587 0.5832948 0.0284809 0.0162101
24 0.1568746 0.6416511 0.0284809 0.0162101
22 0.2293714 0.6416511 0.0284809 0.0162101
20 0.3018682 0.6416511 0.0284809 0.0162101
31 0.3730705 0.6416511 0.0284809 0.0162101
34 0.4462146 0.6411108 0.0686131 0.0583563
2 0.4468619 0.6416511 0.0284809 0.0162101
15 0.5193587 0.6416511 0.0284809 0.0162101
8 0.2293714 0.7000075 0.0284809 0.0162101
26 0.3018682 0.7000075 0.0284809 0.0162101
23 0.5193587 0.7000075 0.0284809 0.0162101
29 0.5918556 0.7000075 0.0284809 0.0162101
12 0.1568746 0.7583639 0.0284809 0.0162101
18 0.2293714 0.7583639 0.0284809 0.0162101
2 0.3018682 0.7583639 0.0284809 0.0162101
