27 0.3743733 0.6035935 0.0272511 0.0158535
14 0.5837118 0.6035935 0.0272512 0.0158535
32 0.3774700 0.4371317 0.5016690 0.4058497
33 0.3762313 0.2616862 0.4545988 0.0147966
34 0.2362595 0.3177020 0.0631731 0.0570726
6 0.2368788 0.3182304 0.0272512 0.0158535
24 0.3743733 0.3182304 0.0272511 0.0158535
13 0.4449786 0.3182304 0.0272512 0.0158535
31 0.5143452 0.3182304 0.0272512 0.0158535
9 0.5837118 0.3182304 0.0272512 0.0158535
15 0.1675122 0.3753030 0.0272512 0.0158535
1 0.3062454 0.3753030 0.0272511 0.0158535
22 0.3743733 0.3753030 0.0272511 0.0158535
29 0.5837118 0.3753030 0.0272512 0.0158535
4 0.1675122 0.4323756 0.0272512 0.0158535
5 0.2368788 0.4323756 0.0272512 0.0158535
2 0.3743733 0.4323756 0.0272511 0.0158535
16 0.4449786 0.4323756 0.0272512 0.0158535
11 0.5143452 0.4323756 0.0272512 0.0158535
17 0.5837118 0.4323756 0.0272512 0.0158535
3 0.2368788 0.4894482 0.0272512 0.0158535
18 0.3062454 0.4894482 0.0272511 0.0158535
19 0.4449786 0.4894482 0.0272512 0.0158535
8 0.5837118 0.4894482 0.0272512 0.0158535
21 0.1675122 0.5465208 0.0272512 0.0158535
10 0.2368788 0.5465208 0.0272512 0.0158535
12 0.3062454 0.5465208 0.0272511 0.0158535
23 0.3743733 0.5465208 0.0272511 0.0158535
7 0.5143452 0.5465208 0.0272512 0.0158535
20 0.5837118 0.5465208 0.0272512 0.0158535
30 0.1675122 0.6035935 0.0272512 0.0158535
25 0.2368788 0.6035935 0.0272512 0.0158535
6 0.3062454 0.6035935 0.0272511 0.0158535
