26 0.6329330 0.5781258 0.0270293 0.0162168
15 0.7017349 0.5781258 0.0270293 0.0162168
32 0.4971721 0.4078488 0.4975851 0.4151515
33 0.4959435 0.2283822 0.4508982 0.0151357
10 0.2889235 0.2862224 0.0270293 0.0162168
16 0.3577254 0.2862224 0.0270293 0.0162168
34 0.4265273 0.2856818 0.0638875 0.0583807
15 0.4265273 0.2862224 0.0270293 0.0162168
19 0.4941006 0.2862224 0.0270293 0.0162168
25 0.5641311 0.2862224 0.0270293 0.0162168
3 0.6329330 0.2862224 0.0270293 0.0162168
7 0.2889235 0.3446031 0.0270293 0.0162169
11 0.3577254 0.3446031 0.0270293 0.0162169
9 0.4941006 0.3446031 0.0270293 0.0162169
8 0.5641311 0.3446031 0.0270293 0.0162169
1 0.7017349 0.3446031 0.0270293 0.0162169
4 0.2889235 0.4029837 0.0270293 0.0162169
27 0.3577254 0.4029837 0.0270293 0.0162169
20 0.5641311 0.4029837 0.0270293 0.0162169
17 0.6329330 0.4029837 0.0270293 0.0162169
31 0.7017349 0.4029837 0.0270293 0.0162169
14 0.2889235 0.4613644 0.0270293 0.0162169
2 0.5641311 0.4613644 0.0270293 0.0162169
12 0.6329330 0.4613644 0.0270293 0.0162169
22 0.7017349 0.4613644 0.0270293 0.0162169
24 0.2889235 0.5197451 0.0270293 0.0162168
13 0.3577254 0.5197451 0.0270293 0.0162168
30 0.4265273 0.5197451 0.0270293 0.0162168
18 0.6329330 0.5197451 0.0270293 0.0162168
5 0.7017349 0.5197451 0.0270293 0.0162168
6 0.2889235 0.5781258 0.0270293 0.0162168
23 0.3577254 0.5781258 0.0270293 0.0162168
29 0.4265273 0.5781258 0.0270293 0.0162168
