18 0.6018861 0.7826897 0.0284891 0.0167867
21 0.6744037 0.7826897 0.0284892 0.0167867
32 0.5313108 0.6064303 0.5244584 0.4297374
33 0.5300158 0.4206583 0.4752499 0.0156675
1 0.3118152 0.4805306 0.0284891 0.0167866
20 0.3843329 0.4805306 0.0284891 0.0167866
4 0.5280733 0.4805306 0.0284891 0.0167866
31 0.6018861 0.4805306 0.0284891 0.0167866
29 0.7469215 0.4805306 0.0284891 0.0167866
24 0.3118152 0.5409624 0.0284891 0.0167866
34 0.3836855 0.5404028 0.0660429 0.0604318
15 0.3843329 0.5409624 0.0284891 0.0167866
6 0.5280733 0.5409624 0.0284891 0.0167866
3 0.6018861 0.5409624 0.0284891 0.0167866
7 0.6744037 0.5409624 0.0284892 0.0167866
2 0.3118152 0.6013942 0.0284891 0.0167867
23 0.4568506 0.6013942 0.0284891 0.0167867
8 0.5280733 0.6013942 0.0284891 0.0167867
14 0.6018861 0.6013942 0.0284891 0.0167867
27 0.6744037 0.6013942 0.0284892 0.0167867
26 0.7469215 0.6013942 0.0284891 0.0167867
19 0.3843329 0.6618260 0.0284891 0.0167866
5 0.4568506 0.6618260 0.0284891 0.0167866
13 0.5280733 0.6618260 0.0284891 0.0167866
17 0.6018861 0.6618260 0.0284891 0.0167866
30 0.6744037 0.6618260 0.0284892 0.0167866
15 0.7469215 0.6618260 0.0284891 0.0167866
22 0.5280733 0.7222579 0.0284891 0.0167866
9 0.6018861 0.7222579 0.0284891 0.0167866
11 0.6744037 0.7222579 0.0284892 0.0167866
25 0.7469215 0.7222579 0.0284891 0.0167866
16 0.3118152 0.7826897 0.0284891 0.0167867
10 0.5280733 0.7826897 0.0284891 0.0167867
