27 0.5697514 0.6802714 0.0283118 0.0171143
18 0.6418179 0.6802714 0.0283118 0.0171143
32 0.4275487 0.5005710 0.5211954 0.4381268
33 0.4262618 0.3111725 0.4722932 0.0159734
7 0.2814853 0.3722136 0.0283118 0.0171143
17 0.3535518 0.3722136 0.0283118 0.0171143
9 0.4243314 0.3722136 0.0283119 0.0171143
26 0.5697514 0.3722136 0.0283118 0.0171143
3 0.2094188 0.4338252 0.0283119 0.0171143
12 0.3535518 0.4338252 0.0283118 0.0171143
31 0.5697514 0.4338252 0.0283118 0.0171143
22 0.6418179 0.4338252 0.0283118 0.0171143
11 0.2094188 0.4954367 0.0283119 0.0171143
23 0.2814853 0.4954367 0.0283118 0.0171143
16 0.3535518 0.4954367 0.0283118 0.0171143
20 0.4243314 0.4954367 0.0283119 0.0171143
21 0.4976849 0.4954367 0.0283118 0.0171143
25 0.5697514 0.4954367 0.0283118 0.0171143
13 0.2094188 0.5570483 0.0283119 0.0171143
29 0.2814853 0.5570483 0.0283118 0.0171143
5 0.4243314 0.5570483 0.0283119 0.0171143
14 0.6418179 0.5570483 0.0283118 0.0171143
1 0.2094188 0.6186598 0.0283119 0.0171143
34 0.3535518 0.6180894 0.0669189 0.0616116
23 0.3535518 0.6186598 0.0283118 0.0171143
19 0.4243314 0.6186598 0.0283119 0.0171143
6 0.4976849 0.6186598 0.0283118 0.0171143
30 0.6418179 0.6186598 0.0283118 0.0171143
24 0.2094188 0.6802714 0.0283119 0.0171143
8 0.2814853 0.6802714 0.0283118 0.0171143
15 0.3535518 0.6802714 0.0283118 0.0171143
4 0.4243314 0.6802714 0.0283119 0.0171143
2 0.4976849 0.6802714 0.0283118 0.0171143
