31 0.3618637 0.5868558 0.0288700 0.0173851
5 0.5088387 0.5868558 0.0288701 0.0173851
32 0.2903447 0.4043117 0.5314719 0.4450598
33 0.2890324 0.2119160 0.4816055 0.0162262
3 0.0679138 0.2739231 0.0288701 0.0173852
24 0.1414013 0.2739231 0.0288701 0.0173852
10 0.2870640 0.2739231 0.0288701 0.0173852
6 0.3618637 0.2739231 0.0288700 0.0173852
19 0.4353512 0.2739231 0.0288701 0.0173852
27 0.5088387 0.2739231 0.0288701 0.0173852
34 0.0679138 0.3359301 0.0682384 0.0625865
8 0.0679138 0.3365096 0.0288701 0.0173852
13 0.1414013 0.3365096 0.0288701 0.0173852
16 0.2148888 0.3365096 0.0288701 0.0173852
29 0.2870640 0.3365096 0.0288701 0.0173852
20 0.3618637 0.3365096 0.0288700 0.0173852
22 0.4353512 0.3365096 0.0288701 0.0173852
1 0.1414013 0.3990962 0.0288701 0.0173852
11 0.2870640 0.3990962 0.0288701 0.0173852
30 0.5088387 0.3990962 0.0288701 0.0173852
21 0.0679138 0.4616827 0.0288701 0.0173852
4 0.1414013 0.4616827 0.0288701 0.0173852
8 0.2148888 0.4616827 0.0288701 0.0173852
14 0.3618637 0.4616827 0.0288700 0.0173852
15 0.5088387 0.4616827 0.0288701 0.0173852
26 0.0679138 0.5242693 0.0288701 0.0173851
2 0.1414013 0.5242693 0.0288701 0.0173851
17 0.2148888 0.5242693 0.0288701 0.0173851
23 0.2870640 0.5242693 0.0288701 0.0173851
12 0.4353512 0.5242693 0.0288701 0.0173851
18 0.5088387 0.5242693 0.0288701 0.0173851
25 0.1414013 0.5868558 0.0288701 0.0173851
7 0.2148888 0.5868558 0.0288701 0.0173851
