9 0.5567530 0.7830935 0.0268705 0.0158810
24 0.6935481 0.7830935 0.0268705 0.0158810
32 0.6269827 0.6163431 0.4946613 0.4065534
33 0.6257613 0.4405934 0.4482486 0.0148223
27 0.4199578 0.4972356 0.0268705 0.0158810
4 0.4883554 0.4972356 0.0268705 0.0158810
12 0.5567530 0.4972356 0.0268705 0.0158810
10 0.6239292 0.4972356 0.0268705 0.0158810
11 0.6935481 0.4972356 0.0268705 0.0158810
21 0.8303434 0.4972356 0.0268706 0.0158810
13 0.4199578 0.5544072 0.0268705 0.0158810
15 0.5567530 0.5544072 0.0268705 0.0158810
19 0.6239292 0.5544072 0.0268705 0.0158810
29 0.6935481 0.5544072 0.0268705 0.0158810
5 0.7619458 0.5544072 0.0268704 0.0158810
31 0.8303434 0.5544072 0.0268706 0.0158810
1 0.4199578 0.6115788 0.0268705 0.0158810
3 0.5567530 0.6115788 0.0268705 0.0158810
20 0.7619458 0.6115788 0.0268704 0.0158810
17 0.4199578 0.6687504 0.0268705 0.0158810
23 0.4883554 0.6687504 0.0268705 0.0158810
8 0.5567530 0.6687504 0.0268705 0.0158810
6 0.6239292 0.6687504 0.0268705 0.0158810
22 0.6935481 0.6687504 0.0268705 0.0158810
30 0.7619458 0.6687504 0.0268704 0.0158810
26 0.8303434 0.6687504 0.0268706 0.0158810
2 0.4199578 0.7259219 0.0268705 0.0158810
14 0.4883554 0.7259219 0.0268705 0.0158810
34 0.6239292 0.7253925 0.0635120 0.0571716
17 0.6239292 0.7259219 0.0268705 0.0158810
16 0.7619458 0.7259219 0.0268704 0.0158810
25 0.4199578 0.7830935 0.0268705 0.0158810
18 0.4883554 0.7830935 0.0268705 0.0158810
