12 0.5365055 0.6777768 0.0269530 0.0168228
7 0.6051133 0.6777768 0.0269531 0.0168228
32 0.4011275 0.5011376 0.4961815 0.4306632
33 0.3999024 0.3149654 0.4496262 0.0157013
10 0.1934664 0.3749667 0.0269531 0.0168228
4 0.2620742 0.3749667 0.0269531 0.0168228
24 0.3306820 0.3749667 0.0269530 0.0168228
17 0.4678976 0.3749667 0.0269531 0.0168228
27 0.5365055 0.3749667 0.0269530 0.0168228
31 0.2620742 0.4355287 0.0269531 0.0168228
18 0.3306820 0.4355287 0.0269530 0.0168228
16 0.5365055 0.4355287 0.0269530 0.0168228
2 0.6051133 0.4355287 0.0269531 0.0168228
9 0.1934664 0.4960907 0.0269531 0.0168228
5 0.2620742 0.4960907 0.0269531 0.0168228
3 0.3306820 0.4960907 0.0269530 0.0168228
30 0.3980647 0.4960907 0.0269530 0.0168228
29 0.5365055 0.4960907 0.0269530 0.0168228
14 0.6051133 0.4960907 0.0269531 0.0168228
6 0.1934664 0.5566528 0.0269531 0.0168228
15 0.3306820 0.5566528 0.0269530 0.0168228
11 0.4678976 0.5566528 0.0269531 0.0168228
19 0.5365055 0.5566528 0.0269530 0.0168228
25 0.6051133 0.5566528 0.0269531 0.0168228
21 0.2620742 0.6172148 0.0269531 0.0168228
22 0.3306820 0.6172148 0.0269530 0.0168228
34 0.4672851 0.6166541 0.0649324 0.0605620
27 0.4678976 0.6172148 0.0269531 0.0168228
20 0.6051133 0.6172148 0.0269531 0.0168228
26 0.2620742 0.6777768 0.0269531 0.0168228
23 0.3306820 0.6777768 0.0269530 0.0168228
13 0.3980647 0.6777768 0.0269530 0.0168228
8 0.4678976 0.6777768 0.0269531 0.0168228
