5 0.7812804 0.5447653 0.0272098 0.0168281
19 0.8505415 0.5447653 0.0272098 0.0168281
32 0.6446131 0.3680700 0.5009069 0.4307998
33 0.6433763 0.1818389 0.4539083 0.0157062
23 0.5734967 0.2418592 0.0272098 0.0168281
31 0.7812804 0.2418592 0.0272098 0.0168281
7 0.8505415 0.2418592 0.0272098 0.0168281
8 0.4349743 0.3024404 0.0272098 0.0168281
17 0.5042355 0.3024404 0.0272097 0.0168281
9 0.5734967 0.3024404 0.0272098 0.0168281
4 0.6415211 0.3024404 0.0272098 0.0168281
13 0.8505415 0.3024404 0.0272098 0.0168281
16 0.4349743 0.3630216 0.0272098 0.0168281
20 0.5042355 0.3630216 0.0272097 0.0168281
21 0.6415211 0.3630216 0.0272098 0.0168281
18 0.7120191 0.3630216 0.0272098 0.0168281
30 0.7812804 0.3630216 0.0272098 0.0168281
1 0.8505415 0.3630216 0.0272098 0.0168281
11 0.4349743 0.4236028 0.0272098 0.0168281
29 0.6415211 0.4236028 0.0272098 0.0168281
6 0.7120191 0.4236028 0.0272098 0.0168281
2 0.7812804 0.4236028 0.0272098 0.0168281
24 0.8505415 0.4236028 0.0272098 0.0168281
25 0.4349743 0.4841841 0.0272098 0.0168281
34 0.5036171 0.4836231 0.0630772 0.0605812
13 0.5042355 0.4841841 0.0272097 0.0168281
15 0.5734967 0.4841841 0.0272098 0.0168281
14 0.6415211 0.4841841 0.0272098 0.0168281
12 0.7120191 0.4841841 0.0272098 0.0168281
3 0.8505415 0.4841841 0.0272098 0.0168281
22 0.4349743 0.5447653 0.0272098 0.0168281
26 0.5734967 0.5447653 0.0272098 0.0168281
27 0.6415211 0.5447653 0.0272098 0.0168281
