30 0.5949210 0.7743955 0.0263699 0.0173062
24 0.6620444 0.7743955 0.0263699 0.0173062
32 0.5295956 0.5926809 0.4854457 0.4430373
33 0.5283969 0.4011596 0.4398977 0.0161524
3 0.3264275 0.4628849 0.0263699 0.0173061
7 0.3935509 0.4628849 0.0263699 0.0173061
23 0.5265990 0.4628849 0.0263699 0.0173061
4 0.5949210 0.4628849 0.0263699 0.0173061
10 0.7291678 0.4628849 0.0263699 0.0173061
16 0.3264275 0.5251870 0.0263699 0.0173062
13 0.3935509 0.5251870 0.0263699 0.0173062
11 0.4606743 0.5251870 0.0263699 0.0173062
27 0.5949210 0.5251870 0.0263699 0.0173062
19 0.7291678 0.5251870 0.0263699 0.0173062
20 0.5265990 0.5874891 0.0263699 0.0173060
5 0.5949210 0.5874891 0.0263699 0.0173060
8 0.7291678 0.5874891 0.0263699 0.0173060
26 0.3264275 0.6497913 0.0263699 0.0173060
22 0.3935509 0.6497913 0.0263699 0.0173060
29 0.4606743 0.6497913 0.0263699 0.0173060
17 0.5949210 0.6497913 0.0263699 0.0173060
2 0.6620444 0.6497913 0.0263699 0.0173060
18 0.7291678 0.6497913 0.0263699 0.0173060
15 0.3264275 0.7120934 0.0263699 0.0173062
6 0.3935509 0.7120934 0.0263699 0.0173062
9 0.4606743 0.7120934 0.0263699 0.0173062
34 0.5943217 0.7115166 0.0635275 0.0623021
13 0.5949210 0.7120934 0.0263699 0.0173062
12 0.6620444 0.7120934 0.0263699 0.0173062
21 0.7291678 0.7120934 0.0263699 0.0173062
25 0.3264275 0.7743955 0.0263699 0.0173062
14 0.3935509 0.7743955 0.0263699 0.0173062
1 0.4606743 0.7743955 0.0263699 0.0173062
