18 0.4172579 0.8017426 0.0280188 0.0171842
12 0.4898521 0.8017426 0.0280188 0.0171842
32 0.4204418 0.6213083 0.5158003 0.4399162
33 0.4191683 0.4311362 0.4674043 0.0160386
19 0.2045699 0.4924266 0.0280188 0.0171842
23 0.3472109 0.4924266 0.0280188 0.0171842
17 0.4172579 0.4924266 0.0280188 0.0171842
34 0.5605358 0.4918538 0.0649526 0.0618632
15 0.5611726 0.4924266 0.0280188 0.0171842
22 0.6324931 0.4924266 0.0280188 0.0171842
9 0.2045699 0.5542898 0.0280188 0.0171842
1 0.2758904 0.5542898 0.0280188 0.0171842
16 0.3472109 0.5542898 0.0280188 0.0171842
4 0.4172579 0.5542898 0.0280188 0.0171842
27 0.6324931 0.5542898 0.0280188 0.0171842
24 0.2045699 0.6161530 0.0280188 0.0171842
7 0.2758904 0.6161530 0.0280188 0.0171842
10 0.3472109 0.6161530 0.0280188 0.0171842
2 0.4172579 0.6161530 0.0280188 0.0171842
26 0.5611726 0.6161530 0.0280188 0.0171842
8 0.6324931 0.6161530 0.0280188 0.0171842
31 0.3472109 0.6780162 0.0280188 0.0171842
21 0.4172579 0.6780162 0.0280188 0.0171842
5 0.4898521 0.6780162 0.0280188 0.0171842
29 0.6324931 0.6780162 0.0280188 0.0171842
15 0.2045699 0.7398794 0.0280188 0.0171842
13 0.3472109 0.7398794 0.0280188 0.0171842
3 0.4172579 0.7398794 0.0280188 0.0171842
14 0.4898521 0.7398794 0.0280188 0.0171842
6 0.6324931 0.7398794 0.0280188 0.0171842
20 0.2045699 0.8017426 0.0280188 0.0171842
11 0.2758904 0.8017426 0.0280188 0.0171842
25 0.3472109 0.8017426 0.0280188 0.0171842
