12 0.5240668 0.6217377 0.0273385 0.0163333
20 0.6644875 0.6217377 0.0273385 0.0163333
32 0.5271735 0.4502374 0.5032772 0.4181342
33 0.5259309 0.2694815 0.4560561 0.0152444
15 0.3165427 0.3277371 0.0273385 0.0163333
9 0.5240668 0.3277371 0.0273385 0.0163333
1 0.5948985 0.3277371 0.0273386 0.0163333
13 0.6644875 0.3277371 0.0273385 0.0163333
11 0.7340764 0.3277371 0.0273385 0.0163333
4 0.3165427 0.3865372 0.0273385 0.0163333
2 0.4557206 0.3865372 0.0273385 0.0163333
23 0.6644875 0.3865372 0.0273385 0.0163333
24 0.7340764 0.3865372 0.0273385 0.0163333
5 0.3165427 0.4453374 0.0273385 0.0163333
17 0.3861316 0.4453374 0.0273385 0.0163333
10 0.4557206 0.4453374 0.0273385 0.0163333
27 0.5240668 0.4453374 0.0273385 0.0163333
7 0.5948985 0.4453374 0.0273386 0.0163333
21 0.6644875 0.4453374 0.0273385 0.0163333
16 0.7340764 0.4453374 0.0273385 0.0163333
6 0.3165427 0.5041375 0.0273385 0.0163333
14 0.3861316 0.5041375 0.0273385 0.0163333
30 0.4557206 0.5041375 0.0273385 0.0163333
26 0.7340764 0.5041375 0.0273385 0.0163333
18 0.3165427 0.5629376 0.0273385 0.0163333
31 0.3861316 0.5629376 0.0273385 0.0163333
19 0.4557206 0.5629376 0.0273385 0.0163333
25 0.5240668 0.5629376 0.0273385 0.0163333
22 0.5948985 0.5629376 0.0273386 0.0163333
8 0.6644875 0.5629376 0.0273385 0.0163333
3 0.3165427 0.6217377 0.0273385 0.0163333
34 0.4557206 0.6211933 0.0646183 0.0588001
10 0.4557206 0.6217377 0.0273385 0.0163333
