16 0.5860758 0.5669624 0.0269627 0.0165460
11 0.6547081 0.5669624 0.0269627 0.0165460
32 0.4506496 0.3932302 0.4963585 0.4235758
33 0.4494240 0.2101219 0.4497866 0.0154429
2 0.2429144 0.2691357 0.0269627 0.0165459
19 0.3115467 0.2691357 0.0269627 0.0165459
9 0.5174435 0.2691357 0.0269627 0.0165459
30 0.5860758 0.2691357 0.0269627 0.0165459
12 0.3115467 0.3287010 0.0269627 0.0165460
26 0.3801790 0.3287010 0.0269627 0.0165460
15 0.4475857 0.3287010 0.0269627 0.0165460
13 0.5174435 0.3287010 0.0269627 0.0165460
3 0.5860758 0.3287010 0.0269627 0.0165460
17 0.6547081 0.3287010 0.0269627 0.0165460
34 0.2429144 0.3877148 0.0637300 0.0595653
20 0.2429144 0.3882664 0.0269627 0.0165460
25 0.3115467 0.3882664 0.0269627 0.0165460
7 0.4475857 0.3882664 0.0269627 0.0165460
21 0.5860758 0.3882664 0.0269627 0.0165460
23 0.3115467 0.4478317 0.0269627 0.0165459
1 0.5174435 0.4478317 0.0269627 0.0165459
29 0.5860758 0.4478317 0.0269627 0.0165459
27 0.6547081 0.4478317 0.0269627 0.0165459
8 0.2429144 0.5073971 0.0269627 0.0165460
31 0.3115467 0.5073971 0.0269627 0.0165460
14 0.3801790 0.5073971 0.0269627 0.0165460
6 0.4475857 0.5073971 0.0269627 0.0165460
10 0.5860758 0.5073971 0.0269627 0.0165460
18 0.6547081 0.5073971 0.0269627 0.0165460
24 0.2429144 0.5669624 0.0269627 0.0165460
22 0.3115467 0.5669624 0.0269627 0.0165460
5 0.3801790 0.5669624 0.0269627 0.0165460
20 0.4475857 0.5669624 0.0269627 0.0165460
