11 0.4811705 0.5608681 0.0273014 0.0170865
31 0.5519059 0.5608681 0.0273014 0.0170865
32 0.4842729 0.3814603 0.5025942 0.4374134
33 0.4830319 0.1923701 0.4554373 0.0159474
29 0.3434224 0.2533118 0.0273014 0.0170865
3 0.4129169 0.2533118 0.0273014 0.0170865
24 0.4811705 0.2533118 0.0273014 0.0170865
21 0.5519059 0.2533118 0.0273014 0.0170865
26 0.6908949 0.2533118 0.0273014 0.0170865
2 0.3434224 0.3148231 0.0273014 0.0170865
12 0.4811705 0.3148231 0.0273014 0.0170865
17 0.5519059 0.3148231 0.0273014 0.0170865
19 0.6214005 0.3148231 0.0273014 0.0170865
10 0.6908949 0.3148231 0.0273014 0.0170865
6 0.2739279 0.3763343 0.0273014 0.0170865
34 0.3428019 0.3757648 0.0632896 0.0615112
18 0.3434224 0.3763343 0.0273014 0.0170865
15 0.5519059 0.3763343 0.0273014 0.0170865
1 0.6214005 0.3763343 0.0273014 0.0170865
8 0.6908949 0.3763343 0.0273014 0.0170865
16 0.2739279 0.4378456 0.0273014 0.0170865
23 0.3434224 0.4378456 0.0273014 0.0170865
30 0.4811705 0.4378456 0.0273014 0.0170865
7 0.5519059 0.4378456 0.0273014 0.0170865
25 0.6214005 0.4378456 0.0273014 0.0170865
20 0.6908949 0.4378456 0.0273014 0.0170865
4 0.2739279 0.4993569 0.0273014 0.0170865
5 0.4129169 0.4993569 0.0273014 0.0170865
27 0.6214005 0.4993569 0.0273014 0.0170865
14 0.6908949 0.4993569 0.0273014 0.0170865
13 0.2739279 0.5608681 0.0273014 0.0170865
9 0.3434224 0.5608681 0.0273014 0.0170865
22 0.4129169 0.5608681 0.0273014 0.0170865
