19 0.6364164 0.5058845 0.0288154 0.0158994
1 0.7097647 0.5058845 0.0288153 0.0158994
32 0.4916845 0.3389410 0.5304652 0.4070241
33 0.4903748 0.1629879 0.4806932 0.0148394
31 0.2696750 0.2196957 0.0288154 0.0158994
8 0.3430233 0.2196957 0.0288154 0.0158994
12 0.4884101 0.2196957 0.0288154 0.0158994
18 0.5630682 0.2196957 0.0288154 0.0158994
2 0.7097647 0.2196957 0.0288153 0.0158994
9 0.2696750 0.2769335 0.0288154 0.0158994
10 0.3430233 0.2769335 0.0288154 0.0158994
30 0.4163716 0.2769335 0.0288154 0.0158994
26 0.4884101 0.2769335 0.0288154 0.0158994
3 0.5630682 0.2769335 0.0288154 0.0158994
20 0.7097647 0.2769335 0.0288153 0.0158994
21 0.4884101 0.3341712 0.0288154 0.0158994
29 0.5630682 0.3341712 0.0288154 0.0158994
25 0.6364164 0.3341712 0.0288154 0.0158994
22 0.7097647 0.3341712 0.0288153 0.0158994
14 0.2696750 0.3914090 0.0288154 0.0158994
15 0.3430233 0.3914090 0.0288154 0.0158994
23 0.4163716 0.3914090 0.0288154 0.0158994
13 0.4884101 0.3914090 0.0288154 0.0158994
7 0.6364164 0.3914090 0.0288154 0.0158994
17 0.7097647 0.3914090 0.0288153 0.0158994
11 0.3430233 0.4486467 0.0288154 0.0158994
6 0.4163716 0.4486467 0.0288154 0.0158994
16 0.6364164 0.4486467 0.0288154 0.0158994
5 0.7097647 0.4486467 0.0288153 0.0158994
34 0.2696750 0.5053545 0.0681091 0.0572378
11 0.2696750 0.5058845 0.0288154 0.0158994
27 0.3430233 0.5058845 0.0288154 0.0158994
24 0.4163716 0.5058845 0.0288154 0.0158994
