23 0.6852493 0.7268846 0.0284173 0.0165948
24 0.7575842 0.7268846 0.0284172 0.0165948
32 0.6148521 0.5526392 0.5231355 0.4248269
33 0.6135604 0.3689901 0.4740512 0.0154885
15 0.4682450 0.4281782 0.0284172 0.0165948
18 0.5405798 0.4281782 0.0284172 0.0165948
30 0.6116229 0.4281782 0.0284173 0.0165948
8 0.6852493 0.4281782 0.0284173 0.0165948
7 0.7575842 0.4281782 0.0284172 0.0165948
5 0.3959102 0.4879195 0.0284172 0.0165948
12 0.4682450 0.4879195 0.0284172 0.0165948
20 0.5405798 0.4879195 0.0284172 0.0165948
6 0.6116229 0.4879195 0.0284173 0.0165948
21 0.6852493 0.4879195 0.0284173 0.0165948
3 0.7575842 0.4879195 0.0284172 0.0165948
25 0.8299190 0.4879195 0.0284173 0.0165948
16 0.4682450 0.5476608 0.0284172 0.0165948
9 0.6116229 0.5476608 0.0284173 0.0165948
17 0.6852493 0.5476608 0.0284173 0.0165948
11 0.7575842 0.5476608 0.0284172 0.0165948
4 0.3959102 0.6074021 0.0284172 0.0165948
31 0.4682450 0.6074021 0.0284172 0.0165948
10 0.5405798 0.6074021 0.0284172 0.0165948
26 0.3959102 0.6671434 0.0284172 0.0165948
13 0.4682450 0.6671434 0.0284172 0.0165948
14 0.5405798 0.6671434 0.0284172 0.0165948
1 0.6116229 0.6671434 0.0284173 0.0165948
19 0.6852493 0.6671434 0.0284173 0.0165948
2 0.8299190 0.6671434 0.0284173 0.0165948
27 0.4682450 0.7268846 0.0284172 0.0165948
34 0.5405798 0.7263315 0.0671680 0.0597413
8 0.5405798 0.7268846 0.0284172 0.0165948
29 0.6116229 0.7268846 0.0284173 0.0165948
