17 0.3960401 0.5221736 0.0274508 0.0163334
6 0.4659148 0.5221736 0.0274508 0.0163334
32 0.3280370 0.3506731 0.5053441 0.4181346
33 0.3267892 0.1699170 0.4579292 0.0152445
23 0.1165411 0.2281727 0.0274508 0.0163334
30 0.1864158 0.2281727 0.0274508 0.0163334
9 0.2562906 0.2281727 0.0274508 0.0163334
11 0.3249176 0.2281727 0.0274508 0.0163334
1 0.3960401 0.2281727 0.0274508 0.0163334
22 0.4659148 0.2281727 0.0274508 0.0163334
27 0.1165411 0.2869729 0.0274508 0.0163334
29 0.1864158 0.2869729 0.0274508 0.0163334
20 0.3249176 0.2869729 0.0274508 0.0163334
21 0.4659148 0.2869729 0.0274508 0.0163334
4 0.5357896 0.2869729 0.0274508 0.0163334
31 0.1165411 0.3457731 0.0274508 0.0163333
19 0.1864158 0.3457731 0.0274508 0.0163333
24 0.2562906 0.3457731 0.0274508 0.0163333
13 0.3249176 0.3457731 0.0274508 0.0163333
2 0.4659148 0.3457731 0.0274508 0.0163333
3 0.1165411 0.4045732 0.0274508 0.0163334
10 0.1864158 0.4045732 0.0274508 0.0163334
16 0.3249176 0.4045732 0.0274508 0.0163334
25 0.3960401 0.4045732 0.0274508 0.0163334
8 0.4659148 0.4045732 0.0274508 0.0163334
15 0.5357896 0.4045732 0.0274508 0.0163334
14 0.1165411 0.4633734 0.0274508 0.0163334
7 0.4659148 0.4633734 0.0274508 0.0163334
12 0.1165411 0.5221736 0.0274508 0.0163334
18 0.1864158 0.5221736 0.0274508 0.0163334
34 0.2562906 0.5216292 0.0648837 0.0588002
11 0.2562906 0.5221736 0.0274508 0.0163334
26 0.3249176 0.5221736 0.0274508 0.0163334
