22 0.5415645 0.5131595 0.0265652 0.0160475
23 0.6768056 0.5131595 0.0265652 0.0160475
32 0.4757552 0.3446611 0.4890415 0.4108152
33 0.4745477 0.1670690 0.4431561 0.0149777
13 0.2710823 0.2243050 0.0265652 0.0160475
27 0.3387029 0.2243050 0.0265652 0.0160475
19 0.4063234 0.2243050 0.0265652 0.0160475
31 0.4727364 0.2243050 0.0265652 0.0160475
1 0.6091850 0.2243050 0.0265652 0.0160475
30 0.2710823 0.2820759 0.0265652 0.0160475
26 0.3387029 0.2820759 0.0265652 0.0160475
9 0.4063234 0.2820759 0.0265652 0.0160475
29 0.4727364 0.2820759 0.0265652 0.0160475
34 0.2710823 0.3393119 0.0627905 0.0577709
20 0.2710823 0.3398468 0.0265652 0.0160475
11 0.4063234 0.3398468 0.0265652 0.0160475
12 0.4727364 0.3398468 0.0265652 0.0160475
8 0.5415645 0.3398468 0.0265652 0.0160475
20 0.6091850 0.3398468 0.0265652 0.0160475
15 0.6768056 0.3398468 0.0265652 0.0160475
21 0.2710823 0.3976177 0.0265652 0.0160475
5 0.3387029 0.3976177 0.0265652 0.0160475
3 0.4063234 0.3976177 0.0265652 0.0160475
17 0.4727364 0.3976177 0.0265652 0.0160475
24 0.6091850 0.3976177 0.0265652 0.0160475
4 0.6768056 0.3976177 0.0265652 0.0160475
7 0.4063234 0.4553886 0.0265652 0.0160474
14 0.4727364 0.4553886 0.0265652 0.0160474
2 0.5415645 0.4553886 0.0265652 0.0160474
18 0.6768056 0.4553886 0.0265652 0.0160474
16 0.2710823 0.5131595 0.0265652 0.0160475
6 0.4063234 0.5131595 0.0265652 0.0160475
25 0.4727364 0.5131595 0.0265652 0.0160475
