21 0.4850031 0.6523535 0.0283863 0.0160960
29 0.5572592 0.6523535 0.0283863 0.0160960
32 0.4146825 0.4833459 0.5225663 0.4120567
33 0.4133922 0.3052172 0.4735353 0.0150229
16 0.3404910 0.3626262 0.0283863 0.0160960
19 0.4114567 0.3626262 0.0283863 0.0160960
23 0.4850031 0.3626262 0.0283863 0.0160960
31 0.5572592 0.3626262 0.0283863 0.0160960
1 0.1959788 0.4205717 0.0283863 0.0160960
18 0.3404910 0.4205717 0.0283863 0.0160960
34 0.4114567 0.4200351 0.0670950 0.0579455
11 0.4114567 0.4205717 0.0283863 0.0160960
9 0.4850031 0.4205717 0.0283863 0.0160960
4 0.5572592 0.4205717 0.0283863 0.0160960
25 0.6295152 0.4205717 0.0283863 0.0160960
26 0.1959788 0.4785172 0.0283863 0.0160960
13 0.2682349 0.4785172 0.0283863 0.0160960
15 0.4114567 0.4785172 0.0283863 0.0160960
3 0.4850031 0.4785172 0.0283863 0.0160960
27 0.5572592 0.4785172 0.0283863 0.0160960
30 0.1959788 0.5364626 0.0283863 0.0160959
17 0.2682349 0.5364626 0.0283863 0.0160959
2 0.3404910 0.5364626 0.0283863 0.0160959
22 0.4114567 0.5364626 0.0283863 0.0160959
12 0.4850031 0.5364626 0.0283863 0.0160959
5 0.5572592 0.5364626 0.0283863 0.0160959
7 0.3404910 0.5944081 0.0283863 0.0160959
10 0.4114567 0.5944081 0.0283863 0.0160959
20 0.5572592 0.5944081 0.0283863 0.0160959
6 0.6295152 0.5944081 0.0283863 0.0160959
14 0.1959788 0.6523535 0.0283863 0.0160960
8 0.2682349 0.6523535 0.0283863 0.0160960
24 0.3404910 0.6523535 0.0283863 0.0160960
