5 0.5484701 0.5845646 0.0264036 0.0159114
24 0.6156793 0.5845646 0.0264036 0.0159114
32 0.4158519 0.4174946 0.4860665 0.4073326
33 0.4146518 0.2414081 0.4404603 0.0148507
31 0.2124241 0.2981589 0.0264036 0.0159114
2 0.2796333 0.2981589 0.0264036 0.0159114
19 0.3468425 0.2981589 0.0264036 0.0159114
8 0.4812609 0.2981589 0.0264037 0.0159114
9 0.5484701 0.2981589 0.0264036 0.0159114
15 0.6156793 0.2981589 0.0264036 0.0159114
4 0.2124241 0.3554401 0.0264036 0.0159114
21 0.2796333 0.3554401 0.0264036 0.0159114
12 0.4128516 0.3554401 0.0264036 0.0159114
18 0.4812609 0.3554401 0.0264037 0.0159114
17 0.5484701 0.3554401 0.0264036 0.0159114
25 0.2124241 0.4127212 0.0264036 0.0159115
27 0.3468425 0.4127212 0.0264036 0.0159115
30 0.4128516 0.4127212 0.0264036 0.0159115
26 0.4812609 0.4127212 0.0264037 0.0159115
6 0.5484701 0.4127212 0.0264036 0.0159115
7 0.6156793 0.4127212 0.0264036 0.0159115
23 0.2124241 0.4700024 0.0264036 0.0159115
13 0.2796333 0.4700024 0.0264036 0.0159115
3 0.3468425 0.4700024 0.0264036 0.0159115
34 0.4128516 0.4694720 0.0624086 0.0572811
13 0.4128516 0.4700024 0.0264036 0.0159115
29 0.4812609 0.4700024 0.0264037 0.0159115
14 0.5484701 0.4700024 0.0264036 0.0159115
11 0.2124241 0.5272835 0.0264036 0.0159115
10 0.5484701 0.5272835 0.0264036 0.0159115
20 0.6156793 0.5272835 0.0264036 0.0159115
1 0.2796333 0.5845646 0.0264036 0.0159114
22 0.4128516 0.5845646 0.0264036 0.0159114
