11 0.5587059 0.6513359 0.0273507 0.0173139
16 0.6283259 0.6513359 0.0273507 0.0173139
32 0.4213308 0.4695398 0.5035017 0.4432361
33 0.4200875 0.2779325 0.4562595 0.0161596
17 0.2802260 0.3396855 0.0273507 0.0173139
2 0.3498460 0.3396855 0.0273507 0.0173139
18 0.4182227 0.3396855 0.0273507 0.0173139
24 0.4890860 0.3396855 0.0273507 0.0173139
5 0.5587059 0.3396855 0.0273507 0.0173139
23 0.2106060 0.4020155 0.0273507 0.0173139
26 0.3498460 0.4020155 0.0273507 0.0173139
7 0.4182227 0.4020155 0.0273507 0.0173139
1 0.2106060 0.4643456 0.0273507 0.0173139
10 0.2802260 0.4643456 0.0273507 0.0173139
12 0.3498460 0.4643456 0.0273507 0.0173139
21 0.4182227 0.4643456 0.0273507 0.0173139
4 0.5587059 0.4643456 0.0273507 0.0173139
20 0.6283259 0.4643456 0.0273507 0.0173139
27 0.2106060 0.5266757 0.0273507 0.0173139
9 0.2802260 0.5266757 0.0273507 0.0173139
25 0.3498460 0.5266757 0.0273507 0.0173139
30 0.4890860 0.5266757 0.0273507 0.0173139
19 0.2106060 0.5890057 0.0273507 0.0173139
8 0.2802260 0.5890057 0.0273507 0.0173139
15 0.3498460 0.5890057 0.0273507 0.0173139
6 0.4182227 0.5890057 0.0273507 0.0173139
29 0.5587059 0.5890057 0.0273507 0.0173139
3 0.6283259 0.5890057 0.0273507 0.0173139
31 0.2106060 0.6513359 0.0273507 0.0173139
34 0.3498460 0.6507587 0.0646471 0.0623301
1 0.3498460 0.6513359 0.0273507 0.0173139
13 0.4182227 0.6513359 0.0273507 0.0173139
14 0.4890860 0.6513359 0.0273507 0.0173139
