26 0.6118979 0.7553132 0.0282368 0.0162352
22 0.6837734 0.7553132 0.0282368 0.0162352
32 0.4700720 0.5848433 0.5198142 0.4156218
33 0.4687885 0.4051734 0.4710415 0.0151529
20 0.2525201 0.4630791 0.0282368 0.0162352
4 0.3243957 0.4630791 0.0282368 0.0162352
5 0.4668633 0.4630791 0.0282368 0.0162352
1 0.5400224 0.4630791 0.0282368 0.0162352
27 0.6118979 0.4630791 0.0282368 0.0162352
16 0.6837734 0.4630791 0.0282368 0.0162352
14 0.2525201 0.5215259 0.0282368 0.0162352
17 0.3243957 0.5215259 0.0282368 0.0162352
2 0.3962712 0.5215259 0.0282368 0.0162352
7 0.4668633 0.5215259 0.0282368 0.0162352
34 0.5393806 0.5209847 0.0680251 0.0584468
2 0.5400224 0.5215259 0.0282368 0.0162352
23 0.6837734 0.5215259 0.0282368 0.0162352
10 0.2525201 0.5799727 0.0282368 0.0162352
15 0.3962712 0.5799727 0.0282368 0.0162352
24 0.5400224 0.5799727 0.0282368 0.0162352
12 0.6837734 0.5799727 0.0282368 0.0162352
6 0.2525201 0.6384195 0.0282368 0.0162352
30 0.3243957 0.6384195 0.0282368 0.0162352
11 0.3962712 0.6384195 0.0282368 0.0162352
8 0.6837734 0.6384195 0.0282368 0.0162352
3 0.2525201 0.6968664 0.0282368 0.0162352
31 0.3243957 0.6968664 0.0282368 0.0162352
13 0.3962712 0.6968664 0.0282368 0.0162352
21 0.4668633 0.6968664 0.0282368 0.0162352
25 0.6118979 0.6968664 0.0282368 0.0162352
19 0.2525201 0.7553132 0.0282368 0.0162352
9 0.3243957 0.7553132 0.0282368 0.0162352
18 0.4668633 0.7553132 0.0282368 0.0162352
