22 0.5118357 0.5298201 0.0279839 0.0172611
2 0.5830675 0.5298201 0.0279840 0.0172611
32 0.4425118 0.3485786 0.5151588 0.4418844
33 0.4412399 0.1575556 0.4668230 0.0161104
30 0.4393318 0.2191202 0.0279839 0.0172611
17 0.5118357 0.2191202 0.0279839 0.0172611
13 0.6542993 0.2191202 0.0279840 0.0172611
8 0.2981401 0.2812602 0.0279839 0.0172611
18 0.3693720 0.2812602 0.0279839 0.0172611
19 0.4393318 0.2812602 0.0279839 0.0172611
7 0.5118357 0.2812602 0.0279839 0.0172611
31 0.6542993 0.2812602 0.0279840 0.0172611
4 0.2269083 0.3434002 0.0279839 0.0172611
15 0.2981401 0.3434002 0.0279839 0.0172611
24 0.3693720 0.3434002 0.0279839 0.0172611
23 0.4393318 0.3434002 0.0279839 0.0172611
21 0.5118357 0.3434002 0.0279839 0.0172611
5 0.5830675 0.3434002 0.0279840 0.0172611
3 0.6542993 0.3434002 0.0279840 0.0172611
27 0.2981401 0.4055402 0.0279839 0.0172611
10 0.4393318 0.4055402 0.0279839 0.0172611
25 0.5830675 0.4055402 0.0279840 0.0172611
34 0.6542993 0.4049648 0.0661438 0.0621400
16 0.6542993 0.4055402 0.0279840 0.0172611
16 0.2269083 0.4676802 0.0279839 0.0172611
29 0.3693720 0.4676802 0.0279839 0.0172611
26 0.4393318 0.4676802 0.0279839 0.0172611
14 0.5830675 0.4676802 0.0279840 0.0172611
6 0.6542993 0.4676802 0.0279840 0.0172611
11 0.2269083 0.5298201 0.0279839 0.0172611
1 0.2981401 0.5298201 0.0279839 0.0172611
12 0.3693720 0.5298201 0.0279839 0.0172611
9 0.4393318 0.5298201 0.0279839 0.0172611
