26 0.4592770 0.7965970 0.0278634 0.0163516
21 0.5302022 0.7965970 0.0278634 0.0163516
32 0.6030270 0.6249048 0.5129406 0.4186018
33 0.6017605 0.4439467 0.4648129 0.0152615
6 0.3883519 0.5022676 0.0278635 0.0163516
31 0.4592770 0.5022676 0.0278634 0.0163516
5 0.5302022 0.5022676 0.0278634 0.0163516
11 0.5998608 0.5022676 0.0278634 0.0163516
34 0.6714191 0.5017225 0.0671255 0.0588659
19 0.6720524 0.5022676 0.0278635 0.0163516
4 0.7429774 0.5022676 0.0278634 0.0163516
15 0.8139026 0.5022676 0.0278635 0.0163516
19 0.3883519 0.5611335 0.0278635 0.0163517
16 0.4592770 0.5611335 0.0278634 0.0163517
23 0.5302022 0.5611335 0.0278634 0.0163517
27 0.5998608 0.5611335 0.0278634 0.0163517
30 0.8139026 0.5611335 0.0278635 0.0163517
17 0.3883519 0.6199993 0.0278635 0.0163517
8 0.4592770 0.6199993 0.0278634 0.0163517
12 0.5302022 0.6199993 0.0278634 0.0163517
18 0.5998608 0.6199993 0.0278634 0.0163517
24 0.7429774 0.6199993 0.0278634 0.0163517
7 0.3883519 0.6788652 0.0278635 0.0163516
14 0.5998608 0.6788652 0.0278634 0.0163516
22 0.7429774 0.6788652 0.0278634 0.0163516
29 0.8139026 0.6788652 0.0278635 0.0163516
1 0.3883519 0.7377311 0.0278635 0.0163516
13 0.4592770 0.7377311 0.0278634 0.0163516
2 0.5302022 0.7377311 0.0278634 0.0163516
20 0.6720524 0.7377311 0.0278635 0.0163516
3 0.7429774 0.7377311 0.0278634 0.0163516
9 0.8139026 0.7377311 0.0278635 0.0163516
10 0.3883519 0.7965970 0.0278635 0.0163516
