13 0.6460017 0.7592996 0.0281291 0.0166163
19 0.7176031 0.7592996 0.0281291 0.0166163
32 0.5763183 0.5848286 0.5178312 0.4253769
33 0.5750397 0.4009418 0.4692446 0.0155085
26 0.3595964 0.4602065 0.0281291 0.0166163
29 0.4311977 0.4602065 0.0281291 0.0166163
18 0.5027991 0.4602065 0.0281291 0.0166163
34 0.5731218 0.4596526 0.0664870 0.0598186
11 0.5731218 0.4602065 0.0281291 0.0166163
14 0.6460017 0.4602065 0.0281291 0.0166163
9 0.7176031 0.4602065 0.0281291 0.0166163
30 0.7892045 0.4602065 0.0281291 0.0166163
11 0.5027991 0.5200251 0.0281291 0.0166163
2 0.5731218 0.5200251 0.0281291 0.0166163
27 0.6460017 0.5200251 0.0281291 0.0166163
3 0.7176031 0.5200251 0.0281291 0.0166163
6 0.7892045 0.5200251 0.0281291 0.0166163
25 0.3595964 0.5798437 0.0281291 0.0166163
17 0.4311977 0.5798437 0.0281291 0.0166163
16 0.5731218 0.5798437 0.0281291 0.0166163
7 0.6460017 0.5798437 0.0281291 0.0166163
20 0.3595964 0.6396624 0.0281291 0.0166163
15 0.4311977 0.6396624 0.0281291 0.0166163
5 0.6460017 0.6396624 0.0281291 0.0166163
23 0.7892045 0.6396624 0.0281291 0.0166163
4 0.3595964 0.6994811 0.0281291 0.0166163
12 0.5027991 0.6994811 0.0281291 0.0166163
10 0.6460017 0.6994811 0.0281291 0.0166163
21 0.7176031 0.6994811 0.0281291 0.0166163
24 0.7892045 0.6994811 0.0281291 0.0166163
1 0.3595964 0.7592996 0.0281291 0.0166163
31 0.4311977 0.7592996 0.0281291 0.0166163
22 0.5027991 0.7592996 0.0281291 0.0166163
