17 0.6712775 0.6836821 0.0284451 0.0158963
21 0.7436832 0.6836821 0.0284451 0.0158963
32 0.6008112 0.5167712 0.5236486 0.4069447
33 0.5995183 0.3408524 0.4745162 0.0148365
26 0.3816546 0.3975491 0.0284451 0.0158963
34 0.5975788 0.3970192 0.0672339 0.0572266
7 0.5975788 0.3975491 0.0284451 0.0158963
15 0.7436832 0.3975491 0.0284451 0.0158963
2 0.8160890 0.3975491 0.0284451 0.0158963
1 0.3816546 0.4547757 0.0284451 0.0158963
13 0.4540603 0.4547757 0.0284451 0.0158963
11 0.5264661 0.4547757 0.0284451 0.0158963
22 0.6712775 0.4547757 0.0284451 0.0158963
14 0.7436832 0.4547757 0.0284451 0.0158963
30 0.8160890 0.4547757 0.0284451 0.0158963
4 0.4540603 0.5120024 0.0284451 0.0158963
10 0.5264661 0.5120024 0.0284451 0.0158963
25 0.5975788 0.5120024 0.0284451 0.0158963
6 0.6712775 0.5120024 0.0284451 0.0158963
7 0.7436832 0.5120024 0.0284451 0.0158963
3 0.8160890 0.5120024 0.0284451 0.0158963
31 0.5264661 0.5692289 0.0284451 0.0158963
5 0.5975788 0.5692289 0.0284451 0.0158963
19 0.6712775 0.5692289 0.0284451 0.0158963
23 0.8160890 0.5692289 0.0284451 0.0158963
8 0.3816546 0.6264556 0.0284451 0.0158963
20 0.4540603 0.6264556 0.0284451 0.0158963
12 0.5264661 0.6264556 0.0284451 0.0158963
27 0.6712775 0.6264556 0.0284451 0.0158963
29 0.3816546 0.6836821 0.0284451 0.0158963
24 0.4540603 0.6836821 0.0284451 0.0158963
18 0.5264661 0.6836821 0.0284451 0.0158963
9 0.5975788 0.6836821 0.0284451 0.0158963
