10 0.3754602 0.7240911 0.0271242 0.0161944
6 0.5135470 0.7240911 0.0271242 0.0161944
32 0.3082661 0.5540504 0.4993318 0.4145755
33 0.3070332 0.3748328 0.4524809 0.0151147
15 0.1683299 0.4325927 0.0271242 0.0161944
29 0.2373734 0.4325927 0.0271242 0.0161944
16 0.3051838 0.4325927 0.0271242 0.0161944
17 0.3754602 0.4325927 0.0271242 0.0161944
8 0.2373734 0.4908924 0.0271242 0.0161944
26 0.3051838 0.4908924 0.0271242 0.0161944
9 0.3754602 0.4908924 0.0271242 0.0161944
20 0.4445036 0.4908924 0.0271242 0.0161944
34 0.0992865 0.5486522 0.0641117 0.0582996
13 0.0992865 0.5491920 0.0271242 0.0161944
27 0.1683299 0.5491920 0.0271242 0.0161944
30 0.3051838 0.5491920 0.0271242 0.0161944
18 0.3754602 0.5491920 0.0271242 0.0161944
12 0.4445036 0.5491920 0.0271242 0.0161944
4 0.5135470 0.5491920 0.0271242 0.0161944
22 0.0992865 0.6074917 0.0271242 0.0161944
2 0.1683299 0.6074917 0.0271242 0.0161944
5 0.2373734 0.6074917 0.0271242 0.0161944
21 0.3051838 0.6074917 0.0271242 0.0161944
1 0.5135470 0.6074917 0.0271242 0.0161944
31 0.0992865 0.6657914 0.0271242 0.0161943
13 0.1683299 0.6657914 0.0271242 0.0161943
23 0.2373734 0.6657914 0.0271242 0.0161943
3 0.3754602 0.6657914 0.0271242 0.0161943
19 0.4445036 0.6657914 0.0271242 0.0161943
11 0.5135470 0.6657914 0.0271242 0.0161943
7 0.1683299 0.7240911 0.0271242 0.0161944
25 0.2373734 0.7240911 0.0271242 0.0161944
14 0.3051838 0.7240911 0.0271242 0.0161944
