5 0.5042115 0.5240287 0.0278938 0.0169472
22 0.5752138 0.5240287 0.0278938 0.0169472
32 0.3641088 0.3460826 0.5134985 0.4338496
33 0.3628409 0.1585330 0.4653185 0.0158174
34 0.1492002 0.2184133 0.0659307 0.0610101
4 0.1492002 0.2189782 0.0278938 0.0169473
7 0.2202024 0.2189782 0.0278937 0.0169473
13 0.2912047 0.2189782 0.0278938 0.0169473
30 0.3609391 0.2189782 0.0278938 0.0169473
1 0.4332092 0.2189782 0.0278938 0.0169473
23 0.5752138 0.2189782 0.0278938 0.0169473
10 0.2202024 0.2799883 0.0278937 0.0169472
6 0.3609391 0.2799883 0.0278938 0.0169472
20 0.5042115 0.2799883 0.0278938 0.0169472
9 0.1492002 0.3409984 0.0278938 0.0169472
3 0.2202024 0.3409984 0.0278937 0.0169472
12 0.2912047 0.3409984 0.0278938 0.0169472
17 0.3609391 0.3409984 0.0278938 0.0169472
15 0.4332092 0.3409984 0.0278938 0.0169472
31 0.5042115 0.3409984 0.0278938 0.0169472
21 0.5752138 0.3409984 0.0278938 0.0169472
19 0.2912047 0.4020085 0.0278938 0.0169472
25 0.3609391 0.4020085 0.0278938 0.0169472
11 0.5752138 0.4020085 0.0278938 0.0169472
18 0.1492002 0.4630186 0.0278938 0.0169472
4 0.2202024 0.4630186 0.0278937 0.0169472
29 0.3609391 0.4630186 0.0278938 0.0169472
24 0.4332092 0.4630186 0.0278938 0.0169472
2 0.1492002 0.5240287 0.0278938 0.0169472
8 0.2912047 0.5240287 0.0278938 0.0169472
27 0.3609391 0.5240287 0.0278938 0.0169472
26 0.4332092 0.5240287 0.0278938 0.0169472
