11 0.5740392 0.7328864 0.0273659 0.0168081
5 0.7830150 0.7328864 0.0273659 0.0168081
32 0.6455637 0.5564019 0.5037808 0.4302863
33 0.6443198 0.3703927 0.4565125 0.0156875
26 0.5043806 0.4303415 0.0273659 0.0168081
6 0.5740392 0.4303415 0.0273659 0.0168081
9 0.7133564 0.4303415 0.0273659 0.0168081
30 0.7830150 0.4303415 0.0273659 0.0168081
16 0.8526736 0.4303415 0.0273659 0.0168081
8 0.5043806 0.4908505 0.0273659 0.0168081
24 0.7133564 0.4908505 0.0273659 0.0168081
19 0.7830150 0.4908505 0.0273659 0.0168081
21 0.8526736 0.4908505 0.0273659 0.0168081
13 0.4347221 0.5513595 0.0273659 0.0168081
15 0.5740392 0.5513595 0.0273659 0.0168081
17 0.6424539 0.5513595 0.0273659 0.0168081
29 0.7133564 0.5513595 0.0273659 0.0168081
12 0.7830150 0.5513595 0.0273659 0.0168081
34 0.8526735 0.5507992 0.0646830 0.0605090
15 0.8526736 0.5513595 0.0273659 0.0168081
22 0.4347221 0.6118685 0.0273659 0.0168081
1 0.5043806 0.6118685 0.0273659 0.0168081
20 0.5740392 0.6118685 0.0273659 0.0168081
18 0.7830150 0.6118685 0.0273659 0.0168081
25 0.4347221 0.6723775 0.0273659 0.0168081
7 0.5043806 0.6723775 0.0273659 0.0168081
2 0.5740392 0.6723775 0.0273659 0.0168081
14 0.6424539 0.6723775 0.0273659 0.0168081
23 0.7133564 0.6723775 0.0273659 0.0168081
27 0.8526736 0.6723775 0.0273659 0.0168081
4 0.4347221 0.7328864 0.0273659 0.0168081
31 0.5043806 0.7328864 0.0273659 0.0168081
