3 0.7094618 0.7383826 0.0286578 0.0165223
8 0.7824091 0.7383826 0.0286578 0.0165223
32 0.5655215 0.5648982 0.5275642 0.4229715
33 0.5642189 0.3820511 0.4780643 0.0154208
26 0.3447261 0.4409808 0.0286578 0.0165223
34 0.4906204 0.4404300 0.0677367 0.0594804
7 0.4906204 0.4409808 0.0286578 0.0165223
10 0.5622649 0.4409808 0.0286578 0.0165223
1 0.7824091 0.4409808 0.0286578 0.0165223
6 0.3447261 0.5004611 0.0286578 0.0165223
12 0.5622649 0.5004611 0.0286578 0.0165223
30 0.7094618 0.5004611 0.0286578 0.0165223
31 0.7824091 0.5004611 0.0286578 0.0165223
23 0.4906204 0.5599415 0.0286578 0.0165223
7 0.5622649 0.5599415 0.0286578 0.0165223
19 0.6365147 0.5599415 0.0286578 0.0165223
5 0.7824091 0.5599415 0.0286578 0.0165223
20 0.3447261 0.6194219 0.0286578 0.0165224
27 0.4906204 0.6194219 0.0286578 0.0165224
25 0.5622649 0.6194219 0.0286578 0.0165224
24 0.6365147 0.6194219 0.0286578 0.0165224
17 0.7094618 0.6194219 0.0286578 0.0165224
13 0.7824091 0.6194219 0.0286578 0.0165224
4 0.3447261 0.6789022 0.0286578 0.0165224
18 0.4176733 0.6789022 0.0286578 0.0165224
22 0.4906204 0.6789022 0.0286578 0.0165224
29 0.5622649 0.6789022 0.0286578 0.0165224
11 0.6365147 0.6789022 0.0286578 0.0165224
9 0.7094618 0.6789022 0.0286578 0.0165224
15 0.7824091 0.6789022 0.0286578 0.0165224
16 0.3447261 0.7383826 0.0286578 0.0165223
14 0.4906204 0.7383826 0.0286578 0.0165223
