11 0.6453189 0.6355952 0.0266457 0.0170532
3 0.7131444 0.6355952 0.0266457 0.0170532
32 0.5114846 0.4565363 0.4905239 0.4365627
33 0.5102734 0.2678139 0.4444994 0.0159163
20 0.3061913 0.3286371 0.0266458 0.0170532
7 0.4418423 0.3286371 0.0266457 0.0170532
31 0.5084566 0.3286371 0.0266457 0.0170532
24 0.5774933 0.3286371 0.0266457 0.0170532
22 0.6453189 0.3286371 0.0266457 0.0170532
18 0.7131444 0.3286371 0.0266457 0.0170532
2 0.3061913 0.3900287 0.0266458 0.0170532
6 0.5084566 0.3900287 0.0266457 0.0170532
8 0.6453189 0.3900287 0.0266457 0.0170532
25 0.7131444 0.3900287 0.0266457 0.0170532
4 0.3061913 0.4514203 0.0266458 0.0170533
29 0.3740168 0.4514203 0.0266457 0.0170533
19 0.4418423 0.4514203 0.0266457 0.0170533
16 0.6453189 0.4514203 0.0266457 0.0170533
10 0.7131444 0.4514203 0.0266457 0.0170533
12 0.3061913 0.5128120 0.0266458 0.0170532
9 0.5084566 0.5128120 0.0266457 0.0170532
34 0.5768877 0.5122435 0.0641920 0.0613916
12 0.5774933 0.5128120 0.0266457 0.0170532
26 0.6453189 0.5128120 0.0266457 0.0170532
5 0.3061913 0.5742036 0.0266458 0.0170532
30 0.3740168 0.5742036 0.0266457 0.0170532
13 0.5084566 0.5742036 0.0266457 0.0170532
15 0.6453189 0.5742036 0.0266457 0.0170532
17 0.7131444 0.5742036 0.0266457 0.0170532
14 0.3740168 0.6355952 0.0266457 0.0170532
1 0.4418423 0.6355952 0.0266457 0.0170532
23 0.5774933 0.6355952 0.0266457 0.0170532
