9 0.6487251 0.7940466 0.0268660 0.0158725
26 0.7171113 0.7940466 0.0268660 0.0158725
32 0.5137844 0.6273849 0.4945788 0.4063370
33 0.5125632 0.4517288 0.4481738 0.0148144
17 0.3067941 0.5083409 0.0268660 0.0158726
19 0.5107315 0.5083409 0.0268660 0.0158726
23 0.5803389 0.5083409 0.0268660 0.0158726
21 0.7171113 0.5083409 0.0268660 0.0158726
16 0.3067941 0.5654820 0.0268660 0.0158725
20 0.3751803 0.5654820 0.0268660 0.0158725
15 0.4435665 0.5654820 0.0268660 0.0158725
1 0.5107315 0.5654820 0.0268660 0.0158725
25 0.6487251 0.5654820 0.0268660 0.0158725
34 0.7171112 0.5649529 0.0635015 0.0571412
21 0.7171113 0.5654820 0.0268660 0.0158725
27 0.3067941 0.6226231 0.0268660 0.0158725
12 0.3751803 0.6226231 0.0268660 0.0158725
22 0.4435665 0.6226231 0.0268660 0.0158725
11 0.7171113 0.6226231 0.0268660 0.0158725
3 0.3067941 0.6797642 0.0268660 0.0158725
5 0.3751803 0.6797642 0.0268660 0.0158725
18 0.5803389 0.6797642 0.0268660 0.0158725
6 0.6487251 0.6797642 0.0268660 0.0158725
2 0.7171113 0.6797642 0.0268660 0.0158725
24 0.3751803 0.7369053 0.0268660 0.0158725
31 0.5803389 0.7369053 0.0268660 0.0158725
4 0.6487251 0.7369053 0.0268660 0.0158725
10 0.7171113 0.7369053 0.0268660 0.0158725
30 0.3751803 0.7940466 0.0268660 0.0158725
13 0.4435665 0.7940466 0.0268660 0.0158725
14 0.5107315 0.7940466 0.0268660 0.0158725
29 0.5803389 0.7940466 0.0268660 0.0158725
