23 0.4153773 0.5035472 0.0263937 0.0159591
4 0.4825614 0.5035472 0.0263937 0.0159591
32 0.3499928 0.3359770 0.4858847 0.4085520
33 0.3487931 0.1593634 0.4402955 0.0148951
17 0.1466411 0.2162840 0.0263937 0.0159591
20 0.2810092 0.2162840 0.0263937 0.0159591
8 0.3469936 0.2162840 0.0263937 0.0159591
24 0.4153773 0.2162840 0.0263937 0.0159591
1 0.1466411 0.2737367 0.0263937 0.0159591
21 0.4153773 0.2737367 0.0263937 0.0159591
27 0.4825614 0.2737367 0.0263937 0.0159591
18 0.5497454 0.2737367 0.0263937 0.0159591
34 0.1466411 0.3306573 0.0623852 0.0574527
31 0.1466411 0.3311893 0.0263937 0.0159591
14 0.2810092 0.3311893 0.0263937 0.0159591
13 0.3469936 0.3311893 0.0263937 0.0159591
29 0.4153773 0.3311893 0.0263937 0.0159591
30 0.5497454 0.3311893 0.0263937 0.0159591
7 0.1466411 0.3886419 0.0263937 0.0159591
12 0.2138252 0.3886419 0.0263937 0.0159591
6 0.2810092 0.3886419 0.0263937 0.0159591
11 0.3469936 0.3886419 0.0263937 0.0159591
3 0.4153773 0.3886419 0.0263937 0.0159591
26 0.1466411 0.4460946 0.0263937 0.0159591
2 0.2138252 0.4460946 0.0263937 0.0159591
10 0.2810092 0.4460946 0.0263937 0.0159591
19 0.3469936 0.4460946 0.0263937 0.0159591
22 0.4153773 0.4460946 0.0263937 0.0159591
15 0.4825614 0.4460946 0.0263937 0.0159591
5 0.2138252 0.5035472 0.0263937 0.0159591
31 0.2810092 0.5035472 0.0263937 0.0159591
16 0.3469936 0.5035472 0.0263937 0.0159591
