20 0.7055829 0.5973910 0.0263082 0.0162861
4 0.7725493 0.5973910 0.0263083 0.0162861
32 0.5734439 0.4263871 0.4843103 0.4169235
33 0.5722481 0.2461546 0.4388689 0.0152003
14 0.3707510 0.3042416 0.0263082 0.0162861
13 0.5046838 0.3042416 0.0263082 0.0162861
5 0.6386165 0.3042416 0.0263082 0.0162861
34 0.3707510 0.3623286 0.0621831 0.0586299
2 0.3707510 0.3628715 0.0263082 0.0162861
29 0.4377174 0.3628715 0.0263082 0.0162861
19 0.5046838 0.3628715 0.0263082 0.0162861
15 0.6386165 0.3628715 0.0263082 0.0162861
7 0.7055829 0.3628715 0.0263082 0.0162861
8 0.7725493 0.3628715 0.0263083 0.0162861
23 0.4377174 0.4215013 0.0263082 0.0162861
26 0.5046838 0.4215013 0.0263082 0.0162861
18 0.7055829 0.4215013 0.0263082 0.0162861
17 0.7725493 0.4215013 0.0263083 0.0162861
11 0.5046838 0.4801312 0.0263082 0.0162861
30 0.5704543 0.4801312 0.0263083 0.0162861
22 0.7055829 0.4801312 0.0263082 0.0162861
21 0.7725493 0.4801312 0.0263083 0.0162861
27 0.3707510 0.5387611 0.0263082 0.0162861
24 0.4377174 0.5387611 0.0263082 0.0162861
6 0.5046838 0.5387611 0.0263082 0.0162861
9 0.5704543 0.5387611 0.0263083 0.0162861
12 0.6386165 0.5387611 0.0263082 0.0162861
3 0.7725493 0.5387611 0.0263083 0.0162861
1 0.3707510 0.5973910 0.0263082 0.0162861
25 0.5046838 0.5973910 0.0263082 0.0162861
10 0.5704543 0.5973910 0.0263083 0.0162861
2 0.6386165 0.5973910 0.0263082 0.0162861
