12 0.7181622 0.6210400 0.0286322 0.0158716
7 0.7910442 0.6210400 0.0286321 0.0158716
32 0.5743507 0.4543886 0.5270922 0.4063118
33 0.5730492 0.2787434 0.4776366 0.0148135
13 0.4266347 0.3353520 0.0286322 0.0158715
19 0.5710970 0.3353520 0.0286321 0.0158715
27 0.6452803 0.3353520 0.0286322 0.0158715
21 0.7181622 0.3353520 0.0286322 0.0158715
2 0.7910442 0.3353520 0.0286321 0.0158715
20 0.3537528 0.3924896 0.0286322 0.0158716
34 0.4259840 0.3919605 0.0663746 0.0571376
9 0.4266347 0.3924896 0.0286322 0.0158716
11 0.5710970 0.3924896 0.0286321 0.0158716
23 0.7181622 0.3924896 0.0286322 0.0158716
16 0.3537528 0.4496272 0.0286322 0.0158715
18 0.4266347 0.4496272 0.0286322 0.0158715
8 0.5710970 0.4496272 0.0286321 0.0158715
5 0.7181622 0.4496272 0.0286322 0.0158715
10 0.7910442 0.4496272 0.0286321 0.0158715
4 0.3537528 0.5067648 0.0286322 0.0158715
15 0.4995166 0.5067648 0.0286322 0.0158715
1 0.5710970 0.5067648 0.0286321 0.0158715
14 0.7181622 0.5067648 0.0286322 0.0158715
6 0.7910442 0.5067648 0.0286321 0.0158715
17 0.3537528 0.5639024 0.0286322 0.0158716
22 0.4995166 0.5639024 0.0286322 0.0158716
24 0.6452803 0.5639024 0.0286322 0.0158716
29 0.7910442 0.5639024 0.0286321 0.0158716
30 0.3537528 0.6210400 0.0286322 0.0158716
9 0.4995166 0.6210400 0.0286322 0.0158716
26 0.5710970 0.6210400 0.0286321 0.0158716
31 0.6452803 0.6210400 0.0286322 0.0158716
