18 0.4685690 0.5791933 0.0274442 0.0160692
10 0.5384269 0.5791933 0.0274442 0.0160692
32 0.3307245 0.4104666 0.5052219 0.4113715
33 0.3294770 0.2326342 0.4578184 0.0149979
8 0.1192797 0.2899476 0.0274442 0.0160692
19 0.1891376 0.2899476 0.0274442 0.0160692
6 0.2589954 0.2899476 0.0274442 0.0160692
3 0.3276058 0.2899476 0.0274441 0.0160692
1 0.5384269 0.2899476 0.0274442 0.0160692
17 0.1192797 0.3477968 0.0274442 0.0160692
5 0.1891376 0.3477968 0.0274442 0.0160692
24 0.2589954 0.3477968 0.0274442 0.0160692
22 0.3987112 0.3477968 0.0274441 0.0160692
2 0.4685690 0.3477968 0.0274442 0.0160692
30 0.5384269 0.3477968 0.0274442 0.0160692
20 0.1192797 0.4056459 0.0274442 0.0160692
4 0.1891376 0.4056459 0.0274442 0.0160692
12 0.2589954 0.4056459 0.0274442 0.0160692
34 0.3276058 0.4051103 0.0648680 0.0578491
23 0.3276058 0.4056459 0.0274441 0.0160692
9 0.3987112 0.4056459 0.0274441 0.0160692
27 0.1192797 0.4634950 0.0274442 0.0160692
26 0.3276058 0.4634950 0.0274441 0.0160692
11 0.3987112 0.4634950 0.0274441 0.0160692
13 0.4685690 0.4634950 0.0274442 0.0160692
21 0.5384269 0.4634950 0.0274442 0.0160692
14 0.1192797 0.5213441 0.0274442 0.0160692
25 0.3276058 0.5213441 0.0274441 0.0160692
29 0.3987112 0.5213441 0.0274441 0.0160692
23 0.4685690 0.5213441 0.0274442 0.0160692
31 0.2589954 0.5791933 0.0274442 0.0160692
16 0.3987112 0.5791933 0.0274441 0.0160692
