29 0.6525197 0.6118607 0.0285750 0.0170142
22 0.7252560 0.6118607 0.0285750 0.0170142
32 0.5089953 0.4332121 0.5260395 0.4355623
33 0.5076965 0.2449222 0.4766827 0.0158799
13 0.3615743 0.3056060 0.0285750 0.0170142
8 0.4343107 0.3056060 0.0285750 0.0170142
1 0.5057481 0.3056060 0.0285750 0.0170142
20 0.5797834 0.3056060 0.0285750 0.0170142
26 0.6525197 0.3056060 0.0285750 0.0170142
14 0.7252560 0.3056060 0.0285750 0.0170142
21 0.2888380 0.3668569 0.0285750 0.0170142
30 0.3615743 0.3668569 0.0285750 0.0170142
18 0.5057481 0.3668569 0.0285750 0.0170142
11 0.6525197 0.3668569 0.0285750 0.0170142
2 0.7252560 0.3668569 0.0285750 0.0170142
24 0.4343107 0.4281078 0.0285750 0.0170142
6 0.5057481 0.4281078 0.0285750 0.0170142
34 0.6518703 0.4275408 0.0662421 0.0612509
22 0.6525197 0.4281078 0.0285750 0.0170142
17 0.7252560 0.4281078 0.0285750 0.0170142
19 0.2888380 0.4893588 0.0285750 0.0170142
3 0.3615743 0.4893588 0.0285750 0.0170142
25 0.5057481 0.4893588 0.0285750 0.0170142
9 0.5797834 0.4893588 0.0285750 0.0170142
4 0.7252560 0.4893588 0.0285750 0.0170142
27 0.4343107 0.5506097 0.0285750 0.0170142
7 0.5797834 0.5506097 0.0285750 0.0170142
16 0.7252560 0.5506097 0.0285750 0.0170142
10 0.3615743 0.6118607 0.0285750 0.0170142
23 0.4343107 0.6118607 0.0285750 0.0170142
15 0.5057481 0.6118607 0.0285750 0.0170142
12 0.5797834 0.6118607 0.0285750 0.0170142
