25 0.3808058 0.8045104 0.0276527 0.0171470
14 0.5932291 0.8045104 0.0276527 0.0171470
32 0.3839482 0.6244667 0.5090616 0.4389638
33 0.3826913 0.4347063 0.4612978 0.0160039
13 0.1708965 0.4958640 0.0276527 0.0171470
30 0.2412853 0.4958640 0.0276527 0.0171470
19 0.3116740 0.4958640 0.0276527 0.0171470
3 0.3808058 0.4958640 0.0276527 0.0171470
16 0.5932291 0.4958640 0.0276527 0.0171470
12 0.1708965 0.5575933 0.0276527 0.0171470
6 0.2412853 0.5575933 0.0276527 0.0171470
23 0.3808058 0.5575933 0.0276527 0.0171470
10 0.5228403 0.5575933 0.0276527 0.0171470
9 0.5932291 0.5575933 0.0276527 0.0171470
34 0.1708965 0.6187509 0.0653610 0.0617293
28 0.1708965 0.6193225 0.0276527 0.0171470
21 0.3116740 0.6193225 0.0276527 0.0171470
7 0.3808058 0.6193225 0.0276527 0.0171470
24 0.4524516 0.6193225 0.0276527 0.0171470
31 0.5228403 0.6193225 0.0276527 0.0171470
8 0.5932291 0.6193225 0.0276527 0.0171470
11 0.1708965 0.6810518 0.0276527 0.0171470
22 0.2412853 0.6810518 0.0276527 0.0171470
27 0.5228403 0.6810518 0.0276527 0.0171470
2 0.5932291 0.6810518 0.0276527 0.0171470
29 0.2412853 0.7427812 0.0276527 0.0171470
26 0.3116740 0.7427812 0.0276527 0.0171470
18 0.3808058 0.7427812 0.0276527 0.0171470
1 0.5228403 0.7427812 0.0276527 0.0171470
15 0.1708965 0.8045104 0.0276527 0.0171470
17 0.2412853 0.8045104 0.0276527 0.0171470
5 0.3116740 0.8045104 0.0276527 0.0171470
