25 0.5991066 0.8164922 0.0266926 0.0173177
15 0.6670515 0.8164922 0.0266927 0.0173177
32 0.5329816 0.6346558 0.4913874 0.4433344
33 0.5317683 0.4430060 0.4452819 0.0161632
13 0.3273269 0.5047727 0.0266927 0.0173177
7 0.3952718 0.5047727 0.0266927 0.0173177
12 0.4632167 0.5047727 0.0266927 0.0173177
4 0.5299483 0.5047727 0.0266927 0.0173177
10 0.5991066 0.5047727 0.0266926 0.0173177
9 0.6670515 0.5047727 0.0266927 0.0173177
30 0.7349964 0.5047727 0.0266927 0.0173177
1 0.3952718 0.5671166 0.0266927 0.0173177
16 0.5991066 0.5671166 0.0266926 0.0173177
22 0.6670515 0.5671166 0.0266927 0.0173177
5 0.7349964 0.5671166 0.0266927 0.0173177
17 0.3273269 0.6294604 0.0266927 0.0173178
2 0.3952718 0.6294604 0.0266927 0.0173178
20 0.5991066 0.6294604 0.0266926 0.0173178
8 0.6670515 0.6294604 0.0266927 0.0173178
29 0.7349964 0.6294604 0.0266927 0.0173178
18 0.5299483 0.6918043 0.0266927 0.0173178
34 0.6664449 0.6912271 0.0618784 0.0623440
25 0.6670515 0.6918043 0.0266927 0.0173178
21 0.7349964 0.6918043 0.0266927 0.0173178
14 0.4632167 0.7541482 0.0266927 0.0173178
24 0.5299483 0.7541482 0.0266927 0.0173178
31 0.5991066 0.7541482 0.0266926 0.0173178
3 0.6670515 0.7541482 0.0266927 0.0173178
23 0.3273269 0.8164922 0.0266927 0.0173177
6 0.3952718 0.8164922 0.0266927 0.0173177
27 0.4632167 0.8164922 0.0266927 0.0173177
19 0.5299483 0.8164922 0.0266927 0.0173177
