5 0.3952465 0.7104089 0.0269797 0.0171528
3 0.5325977 0.7104089 0.0269797 0.0171528
32 0.3284104 0.5303041 0.4966716 0.4391129
33 0.3271841 0.3404793 0.4500703 0.0160093
7 0.1205442 0.4016577 0.0269797 0.0171528
17 0.2578953 0.4016577 0.0269797 0.0171528
11 0.3253446 0.4016577 0.0269797 0.0171528
23 0.5325977 0.4016577 0.0269797 0.0171528
8 0.1205442 0.4634080 0.0269797 0.0171528
22 0.2578953 0.4634080 0.0269797 0.0171528
14 0.3952465 0.4634080 0.0269797 0.0171528
4 0.4639221 0.4634080 0.0269797 0.0171528
9 0.1205442 0.5251583 0.0269797 0.0171528
15 0.3253446 0.5251583 0.0269797 0.0171528
6 0.3952465 0.5251583 0.0269797 0.0171528
1 0.4639221 0.5251583 0.0269797 0.0171528
29 0.1205442 0.5869085 0.0269797 0.0171528
18 0.1892197 0.5869085 0.0269797 0.0171528
30 0.2578953 0.5869085 0.0269797 0.0171528
31 0.3253446 0.5869085 0.0269797 0.0171528
20 0.3952465 0.5869085 0.0269797 0.0171528
24 0.4639221 0.5869085 0.0269797 0.0171528
13 0.5325977 0.5869085 0.0269797 0.0171528
27 0.1205442 0.6486587 0.0269797 0.0171528
16 0.2578953 0.6486587 0.0269797 0.0171528
34 0.3253446 0.6480870 0.0637702 0.0617503
17 0.3253446 0.6486587 0.0269797 0.0171528
19 0.3952465 0.6486587 0.0269797 0.0171528
26 0.5325977 0.6486587 0.0269797 0.0171528
25 0.1205442 0.7104089 0.0269797 0.0171528
12 0.1892197 0.7104089 0.0269797 0.0171528
10 0.2578953 0.7104089 0.0269797 0.0171528
