29 0.7632098 0.6196273 0.0280772 0.0171726
31 0.8346788 0.6196273 0.0280771 0.0171726
32 0.6221861 0.4393145 0.5168742 0.4396196
33 0.6209099 0.2492706 0.4683774 0.0160278
30 0.4773337 0.3105197 0.0280771 0.0171726
6 0.5488027 0.3105197 0.0280771 0.0171726
17 0.6917407 0.3105197 0.0280771 0.0171726
18 0.7632098 0.3105197 0.0280772 0.0171726
11 0.8346788 0.3105197 0.0280771 0.0171726
4 0.4058646 0.3723413 0.0280771 0.0171726
22 0.5488027 0.3723413 0.0280771 0.0171726
15 0.6189955 0.3723413 0.0280771 0.0171726
21 0.6917407 0.3723413 0.0280771 0.0171726
24 0.8346788 0.3723413 0.0280771 0.0171726
14 0.4058646 0.4341628 0.0280771 0.0171726
1 0.4773337 0.4341628 0.0280771 0.0171726
3 0.6189955 0.4341628 0.0280771 0.0171726
13 0.6917407 0.4341628 0.0280771 0.0171726
34 0.4058646 0.4954119 0.0663641 0.0618216
13 0.4058646 0.4959843 0.0280771 0.0171726
23 0.6189955 0.4959843 0.0280771 0.0171726
20 0.7632098 0.4959843 0.0280772 0.0171726
10 0.8346788 0.4959843 0.0280771 0.0171726
5 0.4058646 0.5578058 0.0280771 0.0171726
25 0.5488027 0.5578058 0.0280771 0.0171726
8 0.6189955 0.5578058 0.0280771 0.0171726
19 0.6917407 0.5578058 0.0280771 0.0171726
9 0.7632098 0.5578058 0.0280772 0.0171726
16 0.8346788 0.5578058 0.0280771 0.0171726
27 0.4058646 0.6196273 0.0280771 0.0171726
7 0.6189955 0.6196273 0.0280771 0.0171726
2 0.6917407 0.6196273 0.0280771 0.0171726
