26 0.4289225 0.5800955 0.0283479 0.0164760
14 0.5010809 0.5800955 0.0283480 0.0164760
32 0.2865385 0.4070968 0.5218597 0.4217872
33 0.2852500 0.2247617 0.4728951 0.0153776
31 0.1402890 0.2835264 0.0283479 0.0164761
9 0.2833172 0.2835264 0.0283479 0.0164761
17 0.3567641 0.2835264 0.0283479 0.0164761
3 0.5010809 0.2835264 0.0283480 0.0164761
27 0.0681306 0.3428402 0.0283479 0.0164761
1 0.1402890 0.3428402 0.0283479 0.0164761
20 0.2124473 0.3428402 0.0283479 0.0164761
11 0.2833172 0.3428402 0.0283479 0.0164761
24 0.3567641 0.3428402 0.0283479 0.0164761
4 0.4289225 0.3428402 0.0283479 0.0164761
12 0.5010809 0.3428402 0.0283480 0.0164761
5 0.1402890 0.4021540 0.0283479 0.0164760
25 0.3567641 0.4021540 0.0283479 0.0164760
16 0.5010809 0.4021540 0.0283480 0.0164760
19 0.0681306 0.4614679 0.0283479 0.0164760
2 0.2124473 0.4614679 0.0283479 0.0164760
30 0.2833172 0.4614679 0.0283479 0.0164760
13 0.3567641 0.4614679 0.0283479 0.0164760
15 0.1402890 0.5207817 0.0283479 0.0164760
18 0.2124473 0.5207817 0.0283479 0.0164760
7 0.2833172 0.5207817 0.0283479 0.0164760
29 0.3567641 0.5207817 0.0283479 0.0164760
10 0.4289225 0.5207817 0.0283479 0.0164760
34 0.5010809 0.5202325 0.0670042 0.0593138
27 0.5010809 0.5207817 0.0283480 0.0164760
23 0.0681306 0.5800955 0.0283479 0.0164760
21 0.2124473 0.5800955 0.0283479 0.0164760
22 0.3567641 0.5800955 0.0283479 0.0164760
