12 0.5013870 0.7529658 0.0274731 0.0165290
22 0.5713184 0.7529658 0.0274731 0.0165290
32 0.4333287 0.5794113 0.5057543 0.4231425
33 0.4320799 0.3964903 0.4583008 0.0154271
20 0.2915926 0.4554437 0.0274731 0.0165290
31 0.3615240 0.4554437 0.0274731 0.0165290
8 0.4302067 0.4554437 0.0274731 0.0165290
18 0.5713184 0.4554437 0.0274731 0.0165290
27 0.6412498 0.4554437 0.0274731 0.0165290
14 0.2216611 0.5149482 0.0274731 0.0165290
17 0.2915926 0.5149482 0.0274731 0.0165290
21 0.3615240 0.5149482 0.0274731 0.0165290
24 0.4302067 0.5149482 0.0274731 0.0165290
19 0.5013870 0.5149482 0.0274731 0.0165290
30 0.6412498 0.5149482 0.0274731 0.0165290
15 0.3615240 0.5744526 0.0274731 0.0165290
10 0.4302067 0.5744526 0.0274731 0.0165290
3 0.5713184 0.5744526 0.0274731 0.0165290
11 0.6412498 0.5744526 0.0274731 0.0165290
23 0.4302067 0.6339570 0.0274731 0.0165290
6 0.5013870 0.6339570 0.0274731 0.0165290
2 0.6412498 0.6339570 0.0274731 0.0165290
25 0.2216611 0.6934614 0.0274731 0.0165290
29 0.2915926 0.6934614 0.0274731 0.0165290
34 0.4302068 0.6929104 0.0649363 0.0595044
28 0.4302067 0.6934614 0.0274731 0.0165290
7 0.5013870 0.6934614 0.0274731 0.0165290
26 0.5713184 0.6934614 0.0274731 0.0165290
4 0.2216611 0.7529658 0.0274731 0.0165290
1 0.2915926 0.7529658 0.0274731 0.0165290
16 0.3615240 0.7529658 0.0274731 0.0165290
5 0.4302067 0.7529658 0.0274731 0.0165290
