9 0.3757333 0.6751613 0.0271695 0.0170048
12 0.4448920 0.6751613 0.0271695 0.0170048
32 0.3084270 0.4966108 0.5001659 0.4353231
33 0.3071920 0.3084243 0.4532368 0.0158711
16 0.0990983 0.3690747 0.0271695 0.0170048
18 0.1682570 0.3690747 0.0271695 0.0170048
26 0.2374158 0.3690747 0.0271695 0.0170048
1 0.3757333 0.3690747 0.0271695 0.0170048
23 0.5140508 0.3690747 0.0271695 0.0170048
15 0.0990983 0.4302921 0.0271695 0.0170048
31 0.1682570 0.4302921 0.0271695 0.0170048
24 0.3053395 0.4302921 0.0271695 0.0170048
29 0.3757333 0.4302921 0.0271695 0.0170048
2 0.4448920 0.4302921 0.0271695 0.0170048
20 0.5140508 0.4302921 0.0271695 0.0170048
25 0.0990983 0.4915094 0.0271695 0.0170048
17 0.1682570 0.4915094 0.0271695 0.0170048
27 0.3757333 0.4915094 0.0271695 0.0170048
30 0.5140508 0.4915094 0.0271695 0.0170048
6 0.0990983 0.5527267 0.0271695 0.0170048
19 0.1682570 0.5527267 0.0271695 0.0170048
21 0.2374158 0.5527267 0.0271695 0.0170048
22 0.3053395 0.5527267 0.0271695 0.0170048
7 0.3757333 0.5527267 0.0271695 0.0170048
34 0.5140508 0.5521599 0.0642188 0.0612174
7 0.5140508 0.5527267 0.0271695 0.0170048
5 0.0990983 0.6139440 0.0271695 0.0170048
10 0.3757333 0.6139440 0.0271695 0.0170048
4 0.5140508 0.6139440 0.0271695 0.0170048
13 0.1682570 0.6751613 0.0271695 0.0170048
3 0.2374158 0.6751613 0.0271695 0.0170048
14 0.3053395 0.6751613 0.0271695 0.0170048
