9 0.7138909 0.5302613 0.0272462 0.0164399
31 0.8525995 0.5302613 0.0272464 0.0164399
32 0.6463943 0.3576424 0.5015802 0.4208613
33 0.6451559 0.1757075 0.4545183 0.0153439
27 0.5751823 0.2343432 0.0272464 0.0164399
13 0.6432982 0.2343432 0.0272463 0.0164399
5 0.7138909 0.2343432 0.0272462 0.0164399
29 0.7832452 0.2343432 0.0272463 0.0164399
2 0.4364738 0.2935268 0.0272463 0.0164399
6 0.6432982 0.2935268 0.0272463 0.0164399
3 0.7138909 0.2935268 0.0272462 0.0164399
24 0.7832452 0.2935268 0.0272463 0.0164399
1 0.5751823 0.3527104 0.0272464 0.0164399
4 0.7138909 0.3527104 0.0272462 0.0164399
34 0.7826260 0.3521624 0.0631620 0.0591836
4 0.7832452 0.3527104 0.0272463 0.0164399
11 0.8525995 0.3527104 0.0272464 0.0164399
25 0.4364738 0.4118941 0.0272463 0.0164399
30 0.5058281 0.4118941 0.0272463 0.0164399
17 0.6432982 0.4118941 0.0272463 0.0164399
15 0.7138909 0.4118941 0.0272462 0.0164399
12 0.7832452 0.4118941 0.0272463 0.0164399
16 0.8525995 0.4118941 0.0272464 0.0164399
8 0.4364738 0.4710777 0.0272463 0.0164399
23 0.5058281 0.4710777 0.0272463 0.0164399
26 0.6432982 0.4710777 0.0272463 0.0164399
7 0.7138909 0.4710777 0.0272462 0.0164399
10 0.7832452 0.4710777 0.0272463 0.0164399
20 0.8525995 0.4710777 0.0272464 0.0164399
22 0.4364738 0.5302613 0.0272463 0.0164399
19 0.5751823 0.5302613 0.0272464 0.0164399
14 0.6432982 0.5302613 0.0272463 0.0164399
