17 0.6829292 0.5883463 0.0262048 0.0168652
16 0.8163357 0.5883463 0.0262048 0.0168652
32 0.6180128 0.4112612 0.4824071 0.4317504
33 0.6168216 0.2246191 0.4371441 0.0157409
26 0.4161165 0.2847718 0.0262048 0.0168653
19 0.4828197 0.2847718 0.0262048 0.0168653
6 0.5495229 0.2847718 0.0262048 0.0168653
18 0.6150349 0.2847718 0.0262048 0.0168653
20 0.6829292 0.2847718 0.0262048 0.0168653
24 0.7496325 0.2847718 0.0262048 0.0168653
34 0.4161165 0.3449245 0.0619387 0.0607149
1 0.4161165 0.3454867 0.0262048 0.0168652
29 0.4828197 0.3454867 0.0262048 0.0168652
3 0.5495229 0.3454867 0.0262048 0.0168652
9 0.6150349 0.3454867 0.0262048 0.0168652
10 0.6829292 0.3454867 0.0262048 0.0168652
21 0.8163357 0.3454867 0.0262048 0.0168652
2 0.4828197 0.4062016 0.0262048 0.0168653
13 0.5495229 0.4062016 0.0262048 0.0168653
15 0.8163357 0.4062016 0.0262048 0.0168653
7 0.4828197 0.4669165 0.0262048 0.0168652
25 0.5495229 0.4669165 0.0262048 0.0168652
31 0.6150349 0.4669165 0.0262048 0.0168652
8 0.7496325 0.4669165 0.0262048 0.0168652
14 0.4161165 0.5276314 0.0262048 0.0168652
22 0.4828197 0.5276314 0.0262048 0.0168652
12 0.6829292 0.5276314 0.0262048 0.0168652
1 0.7496325 0.5276314 0.0262048 0.0168652
11 0.4161165 0.5883463 0.0262048 0.0168652
30 0.4828197 0.5883463 0.0262048 0.0168652
4 0.5495229 0.5883463 0.0262048 0.0168652
23 0.6150349 0.5883463 0.0262048 0.0168652
