22 0.5628080 0.5112849 0.0269756 0.0161377
8 0.6314731 0.5112849 0.0269756 0.0161377
32 0.4273172 0.3418397 0.4965955 0.4131235
33 0.4260910 0.1632498 0.4500013 0.0150618
23 0.4941430 0.2208074 0.0269756 0.0161376
29 0.5628080 0.2208074 0.0269756 0.0161376
3 0.2194828 0.2789029 0.0269756 0.0161376
14 0.2881479 0.2789029 0.0269756 0.0161376
24 0.3568129 0.2789029 0.0269756 0.0161376
27 0.4242518 0.2789029 0.0269756 0.0161376
20 0.4941430 0.2789029 0.0269756 0.0161376
10 0.5628080 0.2789029 0.0269756 0.0161376
21 0.6314731 0.2789029 0.0269756 0.0161376
13 0.2881479 0.3369984 0.0269756 0.0161376
6 0.3568129 0.3369984 0.0269756 0.0161376
5 0.4242518 0.3369984 0.0269756 0.0161376
18 0.5628080 0.3369984 0.0269756 0.0161376
30 0.2194828 0.3950939 0.0269756 0.0161376
31 0.2881479 0.3950939 0.0269756 0.0161376
11 0.3568129 0.3950939 0.0269756 0.0161376
4 0.4941430 0.3950939 0.0269756 0.0161376
17 0.6314731 0.3950939 0.0269756 0.0161376
1 0.2194828 0.4531894 0.0269756 0.0161376
2 0.2881479 0.4531894 0.0269756 0.0161376
7 0.3568129 0.4531894 0.0269756 0.0161376
19 0.4242518 0.4531894 0.0269756 0.0161376
16 0.4941430 0.4531894 0.0269756 0.0161376
12 0.5628080 0.4531894 0.0269756 0.0161376
15 0.2194828 0.5112849 0.0269756 0.0161377
9 0.3568129 0.5112849 0.0269756 0.0161377
34 0.4242518 0.5107469 0.0637604 0.0580954
24 0.4242518 0.5112849 0.0269756 0.0161377
