18 0.3597126 0.7704222 0.0268007 0.0172836
10 0.4267144 0.7704222 0.0268007 0.0172836
32 0.4297599 0.5889444 0.4933768 0.4424600
33 0.4285417 0.3976727 0.4470846 0.0161314
15 0.2914926 0.4593175 0.0268007 0.0172836
8 0.3597126 0.4593175 0.0268007 0.0172836
6 0.4961526 0.4593175 0.0268007 0.0172836
34 0.5637635 0.4587414 0.0621290 0.0622209
13 0.5643726 0.4593175 0.0268007 0.0172836
29 0.2232726 0.5215384 0.0268007 0.0172836
21 0.2914926 0.5215384 0.0268007 0.0172836
16 0.3597126 0.5215384 0.0268007 0.0172836
2 0.4267144 0.5215384 0.0268007 0.0172836
5 0.4961526 0.5215384 0.0268007 0.0172836
4 0.6325925 0.5215384 0.0268007 0.0172836
26 0.2232726 0.5837594 0.0268007 0.0172836
13 0.3597126 0.5837594 0.0268007 0.0172836
20 0.4267144 0.5837594 0.0268007 0.0172836
1 0.4961526 0.5837594 0.0268007 0.0172836
30 0.6325925 0.5837594 0.0268007 0.0172836
27 0.2914926 0.6459802 0.0268007 0.0172836
14 0.3597126 0.6459802 0.0268007 0.0172836
25 0.4267144 0.6459802 0.0268007 0.0172836
31 0.4961526 0.6459802 0.0268007 0.0172836
17 0.5643726 0.6459802 0.0268007 0.0172836
22 0.2914926 0.7082012 0.0268007 0.0172835
3 0.4267144 0.7082012 0.0268007 0.0172835
23 0.4961526 0.7082012 0.0268007 0.0172835
9 0.5643726 0.7082012 0.0268007 0.0172835
24 0.6325925 0.7082012 0.0268007 0.0172835
12 0.2232726 0.7704222 0.0268007 0.0172836
7 0.2914926 0.7704222 0.0268007 0.0172836
