21 0.5553022 0.7471134 0.0266632 0.0158362
27 0.6231722 0.7471134 0.0266632 0.0158362
32 0.4213802 0.5808328 0.4908453 0.4054077
33 0.4201683 0.4055784 0.4447907 0.0147805
12 0.2159524 0.4620610 0.0266632 0.0158362
9 0.3516923 0.4620610 0.0266632 0.0158362
7 0.4874323 0.4620610 0.0266632 0.0158362
13 0.5553022 0.4620610 0.0266632 0.0158362
19 0.6231722 0.4620610 0.0266632 0.0158362
14 0.2159524 0.5190715 0.0266632 0.0158362
18 0.2838223 0.5190715 0.0266632 0.0158362
25 0.3516923 0.5190715 0.0266632 0.0158362
1 0.5553022 0.5190715 0.0266632 0.0158362
17 0.6231722 0.5190715 0.0266632 0.0158362
20 0.3516923 0.5760819 0.0266632 0.0158363
3 0.4183503 0.5760819 0.0266632 0.0158363
4 0.4874323 0.5760819 0.0266632 0.0158363
34 0.5546963 0.5755540 0.0618102 0.0570105
21 0.5553022 0.5760819 0.0266632 0.0158363
5 0.6231722 0.5760819 0.0266632 0.0158363
24 0.2159524 0.6330924 0.0266632 0.0158362
6 0.2838223 0.6330924 0.0266632 0.0158362
30 0.3516923 0.6330924 0.0266632 0.0158362
8 0.4183503 0.6330924 0.0266632 0.0158362
29 0.4874323 0.6330924 0.0266632 0.0158362
11 0.2159524 0.6901029 0.0266632 0.0158362
2 0.3516923 0.6901029 0.0266632 0.0158362
10 0.4874323 0.6901029 0.0266632 0.0158362
26 0.2159524 0.7471134 0.0266632 0.0158362
31 0.2838223 0.7471134 0.0266632 0.0158362
22 0.3516923 0.7471134 0.0266632 0.0158362
23 0.4183503 0.7471134 0.0266632 0.0158362
