22 0.5053853 0.6669453 0.0278571 0.0164617
8 0.6472031 0.6669453 0.0278571 0.0164617
32 0.4363757 0.4940979 0.5128234 0.4214185
33 0.4351095 0.3119221 0.4647066 0.0153642
3 0.2217496 0.3706354 0.0278571 0.0164617
30 0.2926586 0.3706354 0.0278571 0.0164617
17 0.3635675 0.3706354 0.0278571 0.0164617
12 0.4332101 0.3706354 0.0278571 0.0164617
19 0.5762942 0.3706354 0.0278571 0.0164617
1 0.6472031 0.3706354 0.0278571 0.0164617
2 0.2217496 0.4298974 0.0278571 0.0164617
16 0.3635675 0.4298974 0.0278571 0.0164617
23 0.4332101 0.4298974 0.0278571 0.0164617
11 0.5053853 0.4298974 0.0278571 0.0164617
24 0.5762942 0.4298974 0.0278571 0.0164617
27 0.3635675 0.4891594 0.0278571 0.0164617
7 0.4332101 0.4891594 0.0278571 0.0164617
9 0.5762942 0.4891594 0.0278571 0.0164617
13 0.2217496 0.5484213 0.0278571 0.0164617
6 0.3635675 0.5484213 0.0278571 0.0164617
34 0.4332101 0.5478726 0.0658440 0.0592619
31 0.4332101 0.5484213 0.0278571 0.0164617
14 0.5762942 0.5484213 0.0278571 0.0164617
21 0.6472031 0.5484213 0.0278571 0.0164617
25 0.2217496 0.6076832 0.0278571 0.0164617
15 0.2926586 0.6076832 0.0278571 0.0164617
20 0.4332101 0.6076832 0.0278571 0.0164617
5 0.5762942 0.6076832 0.0278571 0.0164617
4 0.6472031 0.6076832 0.0278571 0.0164617
10 0.2926586 0.6669453 0.0278571 0.0164617
31 0.3635675 0.6669453 0.0278571 0.0164617
26 0.4332101 0.6669453 0.0278571 0.0164617
