10 0.5631520 0.7345045 0.0272278 0.0161765
18 0.6324592 0.7345045 0.0272279 0.0161765
32 0.4957013 0.5646521 0.5012395 0.4141162
33 0.4944636 0.3856331 0.4542097 0.0150980
17 0.2859232 0.4433290 0.0272278 0.0161764
21 0.3552304 0.4433290 0.0272278 0.0161764
4 0.5631520 0.4433290 0.0272278 0.0161764
20 0.2859232 0.5015641 0.0272278 0.0161764
8 0.4245376 0.5015641 0.0272279 0.0161764
26 0.4926072 0.5015641 0.0272278 0.0161764
16 0.5631520 0.5015641 0.0272278 0.0161764
34 0.3546116 0.5592600 0.0631190 0.0582351
25 0.3552304 0.5597992 0.0272278 0.0161764
15 0.4245376 0.5597992 0.0272279 0.0161764
27 0.5631520 0.5597992 0.0272278 0.0161764
13 0.6324592 0.5597992 0.0272279 0.0161764
2 0.7017664 0.5597992 0.0272279 0.0161764
6 0.2859232 0.6180343 0.0272278 0.0161764
19 0.3552304 0.6180343 0.0272278 0.0161764
29 0.4245376 0.6180343 0.0272279 0.0161764
1 0.4926072 0.6180343 0.0272278 0.0161764
14 0.5631520 0.6180343 0.0272278 0.0161764
5 0.6324592 0.6180343 0.0272279 0.0161764
11 0.7017664 0.6180343 0.0272279 0.0161764
25 0.2859232 0.6762694 0.0272278 0.0161765
22 0.4245376 0.6762694 0.0272279 0.0161765
12 0.4926072 0.6762694 0.0272278 0.0161765
31 0.5631520 0.6762694 0.0272278 0.0161765
23 0.6324592 0.6762694 0.0272279 0.0161765
30 0.2859232 0.7345045 0.0272278 0.0161765
24 0.4245376 0.7345045 0.0272279 0.0161765
9 0.4926072 0.7345045 0.0272278 0.0161765
