25 0.6024030 0.5213671 0.0276825 0.0165706
30 0.6728676 0.5213671 0.0276826 0.0165706
32 0.5338257 0.3473754 0.5096105 0.4242086
33 0.5325674 0.1639935 0.4617952 0.0154659
2 0.3910089 0.2230955 0.0276826 0.0165706
8 0.6024030 0.2230955 0.0276825 0.0165706
19 0.7433323 0.2230955 0.0276825 0.0165706
16 0.3205443 0.2827498 0.0276825 0.0165706
20 0.3910089 0.2827498 0.0276826 0.0165706
31 0.4614736 0.2827498 0.0276825 0.0165706
22 0.5306800 0.2827498 0.0276826 0.0165706
23 0.6728676 0.2827498 0.0276826 0.0165706
34 0.7433323 0.2821975 0.0654315 0.0596544
18 0.7433323 0.2827498 0.0276825 0.0165706
21 0.3205443 0.3424042 0.0276825 0.0165706
15 0.3910089 0.3424042 0.0276826 0.0165706
6 0.4614736 0.3424042 0.0276825 0.0165706
18 0.5306800 0.3424042 0.0276826 0.0165706
4 0.6024030 0.3424042 0.0276825 0.0165706
5 0.6728676 0.3424042 0.0276826 0.0165706
11 0.7433323 0.3424042 0.0276825 0.0165706
3 0.3205443 0.4020585 0.0276825 0.0165706
12 0.5306800 0.4020585 0.0276826 0.0165706
10 0.6024030 0.4020585 0.0276825 0.0165706
24 0.7433323 0.4020585 0.0276825 0.0165706
27 0.3205443 0.4617128 0.0276825 0.0165707
17 0.3910089 0.4617128 0.0276826 0.0165707
9 0.5306800 0.4617128 0.0276826 0.0165707
7 0.6024030 0.4617128 0.0276825 0.0165707
26 0.3910089 0.5213671 0.0276826 0.0165706
14 0.4614736 0.5213671 0.0276825 0.0165706
13 0.5306800 0.5213671 0.0276826 0.0165706
