20 0.5072363 0.5634241 0.0281243 0.0174974
11 0.5072363 0.6264149 0.0281243 0.0174974
32 0.3659755 0.4426919 0.5177431 0.4479341
33 0.3646972 0.2490537 0.4691647 0.0163309
25 0.1492904 0.3114612 0.0281243 0.0174974
30 0.2208796 0.3114612 0.0281243 0.0174974
26 0.2924688 0.3114612 0.0281243 0.0174974
29 0.3627796 0.3114612 0.0281243 0.0174974
4 0.5072363 0.3114612 0.0281243 0.0174974
17 0.5788255 0.3114612 0.0281243 0.0174974
31 0.1492904 0.3744519 0.0281243 0.0174974
22 0.2208796 0.3744519 0.0281243 0.0174974
34 0.2924688 0.3738687 0.0664757 0.0629908
5 0.2924688 0.3744519 0.0281243 0.0174974
19 0.3627796 0.3744519 0.0281243 0.0174974
5 0.4356471 0.3744519 0.0281243 0.0174974
2 0.5072363 0.3744519 0.0281243 0.0174974
8 0.1492904 0.4374426 0.0281243 0.0174974
14 0.3627796 0.4374426 0.0281243 0.0174974
15 0.4356471 0.4374426 0.0281243 0.0174974
3 0.5072363 0.4374426 0.0281243 0.0174974
6 0.5788255 0.4374426 0.0281243 0.0174974
18 0.1492904 0.5004333 0.0281243 0.0174974
24 0.2208796 0.5004333 0.0281243 0.0174974
12 0.2924688 0.5004333 0.0281243 0.0174974
21 0.3627796 0.5004333 0.0281243 0.0174974
10 0.4356471 0.5004333 0.0281243 0.0174974
7 0.5788255 0.5004333 0.0281243 0.0174974
13 0.2208796 0.5634241 0.0281243 0.0174974
23 0.2924688 0.5634241 0.0281243 0.0174974
9 0.3627796 0.5634241 0.0281243 0.0174974
27 0.4356471 0.5634241 0.0281243 0.0174974
