4 0.4378492 0.5532711 0.0270375 0.0159140
14 0.5066718 0.5532711 0.0270375 0.0159140
32 0.3708701 0.3861737 0.4977347 0.4073994
33 0.3696411 0.2100584 0.4510337 0.0148531
3 0.1625589 0.2668184 0.0270374 0.0159140
23 0.3002040 0.2668184 0.0270374 0.0159140
29 0.3677977 0.2668184 0.0270374 0.0159140
8 0.4378492 0.2668184 0.0270375 0.0159140
6 0.5066718 0.2668184 0.0270375 0.0159140
12 0.1625589 0.3241090 0.0270374 0.0159140
34 0.2307670 0.3235785 0.0626777 0.0572905
25 0.2313815 0.3241090 0.0270374 0.0159140
22 0.3002040 0.3241090 0.0270374 0.0159140
25 0.5066718 0.3241090 0.0270375 0.0159140
27 0.1625589 0.3813995 0.0270374 0.0159140
19 0.3002040 0.3813995 0.0270374 0.0159140
20 0.3677977 0.3813995 0.0270374 0.0159140
1 0.4378492 0.3813995 0.0270375 0.0159140
9 0.5066718 0.3813995 0.0270375 0.0159140
21 0.5754943 0.3813995 0.0270374 0.0159140
30 0.3002040 0.4386900 0.0270374 0.0159140
15 0.3677977 0.4386900 0.0270374 0.0159140
18 0.4378492 0.4386900 0.0270375 0.0159140
11 0.5066718 0.4386900 0.0270375 0.0159140
13 0.5754943 0.4386900 0.0270374 0.0159140
10 0.1625589 0.4959806 0.0270374 0.0159140
2 0.3677977 0.4959806 0.0270374 0.0159140
31 0.4378492 0.4959806 0.0270375 0.0159140
16 0.5754943 0.4959806 0.0270374 0.0159140
24 0.1625589 0.5532711 0.0270374 0.0159140
7 0.2313815 0.5532711 0.0270374 0.0159140
26 0.3677977 0.5532711 0.0270374 0.0159140
