23 0.6549803 0.8184862 0.0267429 0.0173975
25 0.7230531 0.8184862 0.0267429 0.0173975
32 0.5206581 0.6358129 0.4923119 0.4453750
33 0.5194426 0.4432809 0.4461197 0.0162376
11 0.3146165 0.5053319 0.0267429 0.0173975
34 0.3820815 0.5047520 0.0619949 0.0626309
11 0.3826892 0.5053319 0.0267429 0.0173975
26 0.4507620 0.5053319 0.0267429 0.0173975
1 0.5176192 0.5053319 0.0267429 0.0173975
14 0.5869075 0.5053319 0.0267429 0.0173975
21 0.7230531 0.5053319 0.0267429 0.0173975
31 0.3146165 0.5679628 0.0267429 0.0173975
24 0.6549803 0.5679628 0.0267429 0.0173975
16 0.3146165 0.6305936 0.0267429 0.0173975
30 0.3826892 0.6305936 0.0267429 0.0173975
29 0.4507620 0.6305936 0.0267429 0.0173975
7 0.5869075 0.6305936 0.0267429 0.0173975
18 0.3826892 0.6932245 0.0267429 0.0173975
22 0.4507620 0.6932245 0.0267429 0.0173975
27 0.5176192 0.6932245 0.0267429 0.0173975
17 0.5869075 0.6932245 0.0267429 0.0173975
19 0.6549803 0.6932245 0.0267429 0.0173975
8 0.7230531 0.6932245 0.0267429 0.0173975
13 0.3146165 0.7558554 0.0267429 0.0173975
10 0.3826892 0.7558554 0.0267429 0.0173975
2 0.4507620 0.7558554 0.0267429 0.0173975
15 0.5176192 0.7558554 0.0267429 0.0173975
9 0.5869075 0.7558554 0.0267429 0.0173975
20 0.6549803 0.7558554 0.0267429 0.0173975
6 0.7230531 0.7558554 0.0267429 0.0173975
5 0.3826892 0.8184862 0.0267429 0.0173975
4 0.5869075 0.8184862 0.0267429 0.0173975
