21 0.5907922 0.5672390 0.0266755 0.0173706
31 0.6586934 0.5672390 0.0266754 0.0173706
32 0.4568085 0.3848476 0.4910712 0.4446877
33 0.4555960 0.1926128 0.4449953 0.0162126
2 0.2512862 0.2545680 0.0266755 0.0173706
15 0.3191874 0.2545680 0.0266755 0.0173706
13 0.3870886 0.2545680 0.0266755 0.0173706
6 0.4537773 0.2545680 0.0266755 0.0173706
4 0.5228910 0.2545680 0.0266755 0.0173706
26 0.6586934 0.2545680 0.0266754 0.0173706
11 0.2512862 0.3171022 0.0266755 0.0173706
9 0.3191874 0.3171022 0.0266755 0.0173706
5 0.3870886 0.3171022 0.0266755 0.0173706
10 0.4537773 0.3171022 0.0266755 0.0173706
25 0.5228910 0.3171022 0.0266755 0.0173706
30 0.3870886 0.3796364 0.0266755 0.0173706
20 0.6586934 0.3796364 0.0266754 0.0173706
24 0.2512862 0.4421706 0.0266755 0.0173706
1 0.3191874 0.4421706 0.0266755 0.0173706
22 0.3870886 0.4421706 0.0266755 0.0173706
34 0.4537772 0.4415916 0.0630511 0.0625342
25 0.4537773 0.4421706 0.0266755 0.0173706
7 0.5907922 0.4421706 0.0266755 0.0173706
18 0.6586934 0.4421706 0.0266754 0.0173706
16 0.2512862 0.5047048 0.0266755 0.0173706
14 0.3191874 0.5047048 0.0266755 0.0173706
29 0.3870886 0.5047048 0.0266755 0.0173706
23 0.5907922 0.5047048 0.0266755 0.0173706
17 0.6586934 0.5047048 0.0266754 0.0173706
27 0.3191874 0.5672390 0.0266755 0.0173706
3 0.3870886 0.5672390 0.0266755 0.0173706
8 0.4537773 0.5672390 0.0266755 0.0173706
