2 0.7248615 0.5929587 0.0272585 0.0172618
17 0.7942466 0.5929587 0.0272585 0.0172618
32 0.5879498 0.4117101 0.5018031 0.4419015
33 0.5867107 0.2206797 0.4547203 0.0161110
31 0.3779359 0.2822467 0.0272584 0.0172618
10 0.5167062 0.2822467 0.0272585 0.0172618
3 0.6554764 0.2822467 0.0272585 0.0172618
24 0.7248615 0.2822467 0.0272585 0.0172618
9 0.3779359 0.3443891 0.0272584 0.0172618
23 0.5167062 0.3443891 0.0272585 0.0172618
7 0.5848522 0.3443891 0.0272584 0.0172618
6 0.6554764 0.3443891 0.0272585 0.0172618
1 0.7942466 0.3443891 0.0272585 0.0172618
30 0.4473210 0.4065315 0.0272584 0.0172618
16 0.5167062 0.4065315 0.0272585 0.0172618
4 0.5848522 0.4065315 0.0272584 0.0172618
21 0.6554764 0.4065315 0.0272585 0.0172618
14 0.7248615 0.4065315 0.0272585 0.0172618
34 0.7942467 0.4059561 0.0644291 0.0621424
5 0.7942466 0.4065315 0.0272585 0.0172618
11 0.3779359 0.4686739 0.0272584 0.0172618
20 0.4473210 0.4686739 0.0272584 0.0172618
27 0.5848522 0.4686739 0.0272584 0.0172618
25 0.6554764 0.4686739 0.0272585 0.0172618
19 0.7248615 0.4686739 0.0272585 0.0172618
15 0.7942466 0.4686739 0.0272585 0.0172618
5 0.4473210 0.5308163 0.0272584 0.0172618
18 0.5167062 0.5308163 0.0272585 0.0172618
13 0.6554764 0.5308163 0.0272585 0.0172618
22 0.7942466 0.5308163 0.0272585 0.0172618
29 0.4473210 0.5929587 0.0272584 0.0172618
12 0.6554764 0.5929587 0.0272585 0.0172618
