34 0.7263361 0.6383135 0.0679770 0.0571210
23 0.7263361 0.6388424 0.0287595 0.0158670
32 0.5086790 0.4722394 0.5294362 0.4061940
33 0.5073717 0.2966451 0.4797607 0.0148092
14 0.2871001 0.3532372 0.0287595 0.0158670
17 0.3603061 0.3532372 0.0287595 0.0158670
5 0.5054108 0.3532372 0.0287595 0.0158670
18 0.5799241 0.3532372 0.0287595 0.0158670
15 0.6531301 0.3532372 0.0287595 0.0158670
21 0.2871001 0.4103583 0.0287595 0.0158669
30 0.3603061 0.4103583 0.0287595 0.0158669
8 0.5799241 0.4103583 0.0287595 0.0158669
27 0.4335121 0.4674793 0.0287595 0.0158669
19 0.5054108 0.4674793 0.0287595 0.0158669
4 0.6531301 0.4674793 0.0287595 0.0158669
16 0.2871001 0.5246003 0.0287595 0.0158670
13 0.4335121 0.5246003 0.0287595 0.0158670
25 0.5054108 0.5246003 0.0287595 0.0158670
29 0.5799241 0.5246003 0.0287595 0.0158670
24 0.6531301 0.5246003 0.0287595 0.0158670
1 0.2871001 0.5817213 0.0287595 0.0158670
6 0.3603061 0.5817213 0.0287595 0.0158670
2 0.4335121 0.5817213 0.0287595 0.0158670
31 0.5054108 0.5817213 0.0287595 0.0158670
12 0.5799241 0.5817213 0.0287595 0.0158670
23 0.7263361 0.5817213 0.0287595 0.0158670
20 0.2871001 0.6388424 0.0287595 0.0158670
26 0.3603061 0.6388424 0.0287595 0.0158670
22 0.4335121 0.6388424 0.0287595 0.0158670
7 0.5054108 0.6388424 0.0287595 0.0158670
3 0.5799241 0.6388424 0.0287595 0.0158670
10 0.6531301 0.6388424 0.0287595 0.0158670
