11 0.6840892 0.6202970 0.0288367 0.0169404
17 0.7574915 0.6202970 0.0288367 0.0169404
32 0.6126530 0.4424236 0.5308558 0.4336723
33 0.6113423 0.2549506 0.4810471 0.0158110
12 0.3904800 0.3153712 0.0288366 0.0169403
3 0.4638823 0.3153712 0.0288366 0.0169403
22 0.5372846 0.3153712 0.0288366 0.0169403
26 0.6093761 0.3153712 0.0288366 0.0169403
21 0.6840892 0.3153712 0.0288367 0.0169403
8 0.7574915 0.3153712 0.0288367 0.0169403
16 0.8308937 0.3153712 0.0288366 0.0169403
2 0.3904800 0.3763563 0.0288366 0.0169403
15 0.5372846 0.3763563 0.0288366 0.0169403
20 0.6840892 0.3763563 0.0288367 0.0169403
19 0.8308937 0.3763563 0.0288366 0.0169403
18 0.4638823 0.4373415 0.0288366 0.0169403
24 0.5372846 0.4373415 0.0288366 0.0169403
29 0.6840892 0.4373415 0.0288367 0.0169403
13 0.7574915 0.4373415 0.0288367 0.0169403
6 0.8308937 0.4373415 0.0288366 0.0169403
1 0.4638823 0.4983267 0.0288366 0.0169403
4 0.6093761 0.4983267 0.0288366 0.0169403
14 0.6840892 0.4983267 0.0288367 0.0169403
23 0.7574915 0.4983267 0.0288367 0.0169403
34 0.8308938 0.4977619 0.0681593 0.0609852
19 0.8308937 0.4983267 0.0288366 0.0169403
27 0.3904800 0.5593118 0.0288366 0.0169404
7 0.4638823 0.5593118 0.0288366 0.0169404
5 0.5372846 0.5593118 0.0288366 0.0169404
31 0.6840892 0.5593118 0.0288367 0.0169404
30 0.4638823 0.6202970 0.0288366 0.0169404
9 0.6093761 0.6202970 0.0288366 0.0169404
