27 0.3486316 0.5329588 0.0278458 0.0161108
30 0.4903923 0.5329588 0.0278458 0.0161108
32 0.2796499 0.3637954 0.5126167 0.4124366
33 0.2783842 0.1855025 0.4645193 0.0150368
22 0.0651103 0.2429643 0.0278458 0.0161108
16 0.1359906 0.2429643 0.0278458 0.0161108
23 0.2068710 0.2429643 0.0278458 0.0161108
4 0.2764856 0.2429643 0.0278458 0.0161108
18 0.3486316 0.2429643 0.0278458 0.0161108
13 0.4195119 0.2429643 0.0278459 0.0161108
8 0.4903923 0.2429643 0.0278458 0.0161108
3 0.1359906 0.3009632 0.0278458 0.0161108
9 0.2764856 0.3009632 0.0278458 0.0161108
17 0.3486316 0.3009632 0.0278458 0.0161108
19 0.4195119 0.3009632 0.0278459 0.0161108
6 0.4903923 0.3009632 0.0278458 0.0161108
31 0.1359906 0.3589621 0.0278458 0.0161108
29 0.2068710 0.3589621 0.0278458 0.0161108
26 0.2764856 0.3589621 0.0278458 0.0161108
12 0.3486316 0.3589621 0.0278458 0.0161108
5 0.4195119 0.3589621 0.0278459 0.0161108
10 0.4903923 0.3589621 0.0278458 0.0161108
34 0.2068710 0.4164240 0.0658175 0.0579989
11 0.2068710 0.4169610 0.0278458 0.0161108
24 0.3486316 0.4169610 0.0278458 0.0161108
25 0.4195119 0.4169610 0.0278459 0.0161108
14 0.4903923 0.4169610 0.0278458 0.0161108
7 0.1359906 0.4749599 0.0278458 0.0161108
21 0.2068710 0.4749599 0.0278458 0.0161108
1 0.3486316 0.4749599 0.0278458 0.0161108
2 0.4195119 0.4749599 0.0278459 0.0161108
15 0.2764856 0.5329588 0.0278458 0.0161108
