30 0.7545788 0.8059094 0.0286113 0.0164525
27 0.8274077 0.8059094 0.0286114 0.0164525
32 0.6108719 0.6331581 0.5267086 0.4211841
33 0.6095714 0.4510837 0.4772891 0.0153557
12 0.5360923 0.5097643 0.0286113 0.0164525
25 0.6817500 0.5097643 0.0286113 0.0164525
23 0.7545788 0.5097643 0.0286113 0.0164525
26 0.8274077 0.5097643 0.0286114 0.0164525
11 0.3904346 0.5689933 0.0286113 0.0164525
10 0.4632634 0.5689933 0.0286113 0.0164525
4 0.6076206 0.5689933 0.0286113 0.0164525
15 0.6817500 0.5689933 0.0286113 0.0164525
1 0.7545788 0.5689933 0.0286113 0.0164525
34 0.8274076 0.5684449 0.0676268 0.0592290
8 0.8274077 0.5689933 0.0286114 0.0164525
3 0.3904346 0.6282224 0.0286113 0.0164525
2 0.4632634 0.6282224 0.0286113 0.0164525
18 0.6076206 0.6282224 0.0286113 0.0164525
16 0.6817500 0.6282224 0.0286113 0.0164525
31 0.8274077 0.6282224 0.0286114 0.0164525
13 0.3904346 0.6874514 0.0286113 0.0164525
19 0.6817500 0.6874514 0.0286113 0.0164525
17 0.7545788 0.6874514 0.0286113 0.0164525
20 0.4632634 0.7466804 0.0286113 0.0164525
5 0.5360923 0.7466804 0.0286113 0.0164525
9 0.6076206 0.7466804 0.0286113 0.0164525
8 0.6817500 0.7466804 0.0286113 0.0164525
22 0.8274077 0.7466804 0.0286114 0.0164525
21 0.4632634 0.8059094 0.0286113 0.0164525
6 0.5360923 0.8059094 0.0286113 0.0164525
7 0.6076206 0.8059094 0.0286113 0.0164525
24 0.6817500 0.8059094 0.0286113 0.0164525
