15 0.4957814 0.6795159 0.0282766 0.0167995
19 0.5677581 0.6795159 0.0282766 0.0167995
32 0.3537559 0.5031216 0.5205460 0.4300659
33 0.3524706 0.3172078 0.4717046 0.0156795
34 0.2072318 0.3765658 0.0655502 0.0604780
17 0.2078745 0.3771258 0.0282766 0.0167995
8 0.2798512 0.3771258 0.0282766 0.0167995
12 0.5677581 0.3771258 0.0282766 0.0167995
5 0.1358978 0.4376038 0.0282766 0.0167995
2 0.2078745 0.4376038 0.0282766 0.0167995
6 0.2798512 0.4376038 0.0282766 0.0167995
24 0.3505426 0.4376038 0.0282766 0.0167995
14 0.4238047 0.4376038 0.0282766 0.0167995
17 0.4957814 0.4376038 0.0282766 0.0167995
9 0.5677581 0.4376038 0.0282766 0.0167995
29 0.1358978 0.4980818 0.0282766 0.0167995
7 0.3505426 0.4980818 0.0282766 0.0167995
4 0.4238047 0.4980818 0.0282766 0.0167995
18 0.4957814 0.4980818 0.0282766 0.0167995
20 0.5677581 0.4980818 0.0282766 0.0167995
22 0.2798512 0.5585598 0.0282766 0.0167995
25 0.3505426 0.5585598 0.0282766 0.0167995
16 0.4957814 0.5585598 0.0282766 0.0167995
30 0.5677581 0.5585598 0.0282766 0.0167995
3 0.1358978 0.6190379 0.0282766 0.0167995
26 0.3505426 0.6190379 0.0282766 0.0167995
27 0.4957814 0.6190379 0.0282766 0.0167995
31 0.5677581 0.6190379 0.0282766 0.0167995
1 0.1358978 0.6795159 0.0282766 0.0167995
13 0.2078745 0.6795159 0.0282766 0.0167995
11 0.3505426 0.6795159 0.0282766 0.0167995
10 0.4238047 0.6795159 0.0282766 0.0167995
