23 0.6569859 0.8043051 0.0282149 0.0167352
2 0.7288055 0.8043051 0.0282149 0.0167352
32 0.5870899 0.6285856 0.5194102 0.4284210
33 0.5858073 0.4433828 0.4706753 0.0156195
9 0.5133465 0.5030716 0.0282149 0.0167352
8 0.5838837 0.5030716 0.0282149 0.0167352
22 0.6569859 0.5030716 0.0282149 0.0167352
5 0.8006252 0.5030716 0.0282149 0.0167352
24 0.5133465 0.5633183 0.0282149 0.0167352
25 0.6569859 0.5633183 0.0282149 0.0167352
7 0.7288055 0.5633183 0.0282149 0.0167352
21 0.8006252 0.5633183 0.0282149 0.0167352
19 0.3697071 0.6235651 0.0282149 0.0167352
13 0.4415268 0.6235651 0.0282149 0.0167352
3 0.5133465 0.6235651 0.0282149 0.0167352
1 0.5838837 0.6235651 0.0282149 0.0167352
34 0.6563446 0.6230072 0.0679722 0.0602467
7 0.6569859 0.6235651 0.0282149 0.0167352
31 0.7288055 0.6235651 0.0282149 0.0167352
15 0.3697071 0.6838117 0.0282149 0.0167352
30 0.5133465 0.6838117 0.0282149 0.0167352
26 0.5838837 0.6838117 0.0282149 0.0167352
11 0.6569859 0.6838117 0.0282149 0.0167352
29 0.7288055 0.6838117 0.0282149 0.0167352
20 0.4415268 0.7440584 0.0282149 0.0167352
10 0.5838837 0.7440584 0.0282149 0.0167352
17 0.7288055 0.7440584 0.0282149 0.0167352
4 0.8006252 0.7440584 0.0282149 0.0167352
18 0.3697071 0.8043051 0.0282149 0.0167352
12 0.4415268 0.8043051 0.0282149 0.0167352
16 0.5133465 0.8043051 0.0282149 0.0167352
27 0.5838837 0.8043051 0.0282149 0.0167352
