4 0.5240533 0.5139984 0.0266756 0.0164736
1 0.6598564 0.5139984 0.0266756 0.0164736
32 0.4579705 0.3410253 0.4910738 0.4217248
33 0.4567580 0.1587172 0.4449977 0.0153754
5 0.2524471 0.2174731 0.0266756 0.0164736
3 0.3203486 0.2174731 0.0266756 0.0164736
25 0.3882502 0.2174731 0.0266756 0.0164736
8 0.4549392 0.2174731 0.0266756 0.0164736
6 0.5919548 0.2174731 0.0266756 0.0164736
18 0.6598564 0.2174731 0.0266756 0.0164736
27 0.2524471 0.2767782 0.0266756 0.0164736
30 0.3203486 0.2767782 0.0266756 0.0164736
15 0.5240533 0.2767782 0.0266756 0.0164736
13 0.5919548 0.2767782 0.0266756 0.0164736
19 0.2524471 0.3360832 0.0266756 0.0164737
29 0.3203486 0.3360832 0.0266756 0.0164737
17 0.3882502 0.3360832 0.0266756 0.0164737
11 0.5240533 0.3360832 0.0266756 0.0164737
23 0.5919548 0.3360832 0.0266756 0.0164737
20 0.3203486 0.3953883 0.0266756 0.0164736
22 0.3882502 0.3953883 0.0266756 0.0164736
34 0.4549392 0.3948392 0.0630515 0.0593051
13 0.4549392 0.3953883 0.0266756 0.0164736
9 0.5240533 0.3953883 0.0266756 0.0164736
31 0.6598564 0.3953883 0.0266756 0.0164736
24 0.3203486 0.4546933 0.0266756 0.0164737
12 0.3882502 0.4546933 0.0266756 0.0164737
2 0.5240533 0.4546933 0.0266756 0.0164737
16 0.5919548 0.4546933 0.0266756 0.0164737
10 0.2524471 0.5139984 0.0266756 0.0164736
21 0.3203486 0.5139984 0.0266756 0.0164736
14 0.4549392 0.5139984 0.0266756 0.0164736
