23 0.3896897 0.5475657 0.0261968 0.0167826
20 0.5230553 0.5475657 0.0261968 0.0167826
32 0.3247930 0.3713480 0.4822598 0.4296356
33 0.3236022 0.1856202 0.4370107 0.0156638
3 0.1229583 0.2454782 0.0261968 0.0167826
12 0.3218161 0.2454782 0.0261968 0.0167826
8 0.3896897 0.2454782 0.0261968 0.0167826
9 0.4563725 0.2454782 0.0261968 0.0167826
25 0.1896412 0.3058957 0.0261968 0.0167826
17 0.2563240 0.3058957 0.0261968 0.0167826
34 0.3218161 0.3053363 0.0619198 0.0604175
2 0.3218161 0.3058957 0.0261968 0.0167826
24 0.3896897 0.3058957 0.0261968 0.0167826
15 0.5230553 0.3058957 0.0261968 0.0167826
1 0.1896412 0.3663132 0.0261968 0.0167826
31 0.2563240 0.3663132 0.0261968 0.0167826
6 0.3896897 0.3663132 0.0261968 0.0167826
18 0.4563725 0.3663132 0.0261968 0.0167826
22 0.5230553 0.3663132 0.0261968 0.0167826
29 0.2563240 0.4267308 0.0261968 0.0167826
27 0.3218161 0.4267308 0.0261968 0.0167826
13 0.3896897 0.4267308 0.0261968 0.0167826
16 0.4563725 0.4267308 0.0261968 0.0167826
7 0.5230553 0.4267308 0.0261968 0.0167826
26 0.1229583 0.4871482 0.0261968 0.0167826
10 0.1896412 0.4871482 0.0261968 0.0167826
21 0.2563240 0.4871482 0.0261968 0.0167826
4 0.5230553 0.4871482 0.0261968 0.0167826
30 0.1229583 0.5475657 0.0261968 0.0167826
14 0.1896412 0.5475657 0.0261968 0.0167826
19 0.2563240 0.5475657 0.0261968 0.0167826
2 0.3218161 0.5475657 0.0261968 0.0167826
