23 0.6965251 0.7088330 0.0284223 0.0174403
31 0.7688728 0.7088330 0.0284223 0.0174403
32 0.5537677 0.5257090 0.5232286 0.4464739
33 0.5524758 0.3327020 0.4741355 0.0162777
6 0.4071345 0.3949060 0.0284223 0.0174404
5 0.4794822 0.3949060 0.0284223 0.0174404
2 0.6965251 0.3949060 0.0284223 0.0174404
13 0.7688728 0.3949060 0.0284223 0.0174404
21 0.4071345 0.4576914 0.0284223 0.0174404
30 0.4794822 0.4576914 0.0284223 0.0174404
1 0.5505379 0.4576914 0.0284223 0.0174404
16 0.6241775 0.4576914 0.0284223 0.0174404
15 0.6965251 0.4576914 0.0284223 0.0174404
20 0.7688728 0.4576914 0.0284223 0.0174404
22 0.4794822 0.5204769 0.0284223 0.0174404
4 0.6241775 0.5204769 0.0284223 0.0174404
14 0.6965251 0.5204769 0.0284223 0.0174404
11 0.7688728 0.5204769 0.0284223 0.0174404
27 0.3347868 0.5832623 0.0284223 0.0174404
26 0.4071345 0.5832623 0.0284223 0.0174404
12 0.6965251 0.5832623 0.0284223 0.0174404
24 0.7688728 0.5832623 0.0284223 0.0174404
9 0.3347868 0.6460476 0.0284223 0.0174404
8 0.4071345 0.6460476 0.0284223 0.0174404
25 0.4794822 0.6460476 0.0284223 0.0174404
17 0.5505379 0.6460476 0.0284223 0.0174404
18 0.6241775 0.6460476 0.0284223 0.0174404
34 0.6958792 0.6454663 0.0658881 0.0627854
18 0.6965251 0.6460476 0.0284223 0.0174404
3 0.7688728 0.6460476 0.0284223 0.0174404
19 0.3347868 0.7088330 0.0284223 0.0174403
7 0.4794822 0.7088330 0.0284223 0.0174403
