29 0.4148786 0.5202323 0.0286005 0.0162960
17 0.6345829 0.5202323 0.0286005 0.0162960
32 0.4181286 0.3491248 0.5265104 0.4171763
33 0.4168286 0.1687830 0.4771095 0.0152096
23 0.1977742 0.2269052 0.0286006 0.0162960
14 0.2705757 0.2269052 0.0286006 0.0162960
20 0.3433772 0.2269052 0.0286006 0.0162960
9 0.4148786 0.2269052 0.0286005 0.0162960
18 0.4889800 0.2269052 0.0286006 0.0162960
22 0.5617815 0.2269052 0.0286006 0.0162960
10 0.6345829 0.2269052 0.0286005 0.0162960
12 0.1977742 0.2855706 0.0286006 0.0162959
1 0.3433772 0.2855706 0.0286006 0.0162959
24 0.4148786 0.2855706 0.0286005 0.0162959
7 0.5617815 0.2855706 0.0286006 0.0162959
15 0.6345829 0.2855706 0.0286005 0.0162959
3 0.1977742 0.3442360 0.0286006 0.0162959
6 0.2705757 0.3442360 0.0286006 0.0162959
11 0.3433772 0.3442360 0.0286006 0.0162959
5 0.4148786 0.3442360 0.0286005 0.0162959
21 0.5617815 0.3442360 0.0286006 0.0162959
34 0.2699257 0.4023582 0.0663013 0.0586654
2 0.2705757 0.4029014 0.0286006 0.0162959
19 0.4889800 0.4029014 0.0286006 0.0162959
25 0.5617815 0.4029014 0.0286006 0.0162959
8 0.6345829 0.4029014 0.0286005 0.0162959
2 0.1977742 0.4615669 0.0286006 0.0162959
4 0.2705757 0.4615669 0.0286006 0.0162959
13 0.3433772 0.4615669 0.0286006 0.0162959
31 0.4889800 0.4615669 0.0286006 0.0162959
26 0.1977742 0.5202323 0.0286006 0.0162960
16 0.3433772 0.5202323 0.0286006 0.0162960
