29 0.4745414 0.6955216 0.0275597 0.0174379
20 0.6148455 0.6955216 0.0275597 0.0174379
32 0.4062685 0.5124238 0.5073494 0.4464097
33 0.4050158 0.3194446 0.4597462 0.0162754
23 0.1939334 0.3816397 0.0275597 0.0174379
17 0.2640854 0.3816397 0.0275597 0.0174379
13 0.3342374 0.3816397 0.0275597 0.0174379
8 0.5446935 0.3816397 0.0275597 0.0174379
1 0.6148455 0.3816397 0.0275597 0.0174379
9 0.2640854 0.4444161 0.0275597 0.0174379
11 0.4745414 0.4444161 0.0275597 0.0174379
21 0.5446935 0.4444161 0.0275597 0.0174379
34 0.6148455 0.4438348 0.0651412 0.0627764
21 0.6148455 0.4444161 0.0275597 0.0174379
25 0.3342374 0.5071925 0.0275597 0.0174379
30 0.4031367 0.5071925 0.0275597 0.0174379
12 0.6148455 0.5071925 0.0275597 0.0174379
2 0.1939334 0.5699689 0.0275597 0.0174379
19 0.3342374 0.5699689 0.0275597 0.0174379
22 0.4031367 0.5699689 0.0275597 0.0174379
3 0.4745414 0.5699689 0.0275597 0.0174379
27 0.5446935 0.5699689 0.0275597 0.0174379
5 0.6148455 0.5699689 0.0275597 0.0174379
7 0.1939334 0.6327452 0.0275597 0.0174379
6 0.2640854 0.6327452 0.0275597 0.0174379
15 0.3342374 0.6327452 0.0275597 0.0174379
26 0.4031367 0.6327452 0.0275597 0.0174379
14 0.4745414 0.6327452 0.0275597 0.0174379
16 0.5446935 0.6327452 0.0275597 0.0174379
10 0.1939334 0.6955216 0.0275597 0.0174379
18 0.2640854 0.6955216 0.0275597 0.0174379
31 0.3342374 0.6955216 0.0275597 0.0174379
