16 0.4872420 0.7039678 0.0285024 0.0173129
8 0.5597935 0.7039678 0.0285024 0.0173129
32 0.4166338 0.5221829 0.5247033 0.4432091
33 0.4153382 0.3305873 0.4754718 0.0161587
10 0.2695873 0.3923364 0.0285024 0.0173129
31 0.4133949 0.3923364 0.0285024 0.0173129
27 0.4872420 0.3923364 0.0285024 0.0173129
30 0.5597935 0.3923364 0.0285024 0.0173129
22 0.6323451 0.3923364 0.0285024 0.0173129
1 0.1970358 0.4546627 0.0285024 0.0173128
23 0.2695873 0.4546627 0.0285024 0.0173128
34 0.4865942 0.4540856 0.0686649 0.0623263
2 0.4872420 0.4546627 0.0285024 0.0173128
29 0.5597935 0.4546627 0.0285024 0.0173128
18 0.6323451 0.4546627 0.0285024 0.0173128
24 0.1970358 0.5169890 0.0285024 0.0173129
15 0.2695873 0.5169890 0.0285024 0.0173129
9 0.3421389 0.5169890 0.0285024 0.0173129
2 0.4133949 0.5169890 0.0285024 0.0173129
6 0.4872420 0.5169890 0.0285024 0.0173129
17 0.5597935 0.5169890 0.0285024 0.0173129
11 0.6323451 0.5169890 0.0285024 0.0173129
21 0.2695873 0.5793153 0.0285024 0.0173128
4 0.3421389 0.5793153 0.0285024 0.0173128
14 0.4872420 0.5793153 0.0285024 0.0173128
5 0.5597935 0.5793153 0.0285024 0.0173128
7 0.6323451 0.5793153 0.0285024 0.0173128
20 0.1970358 0.6416416 0.0285024 0.0173128
3 0.4133949 0.6416416 0.0285024 0.0173128
25 0.4872420 0.6416416 0.0285024 0.0173128
13 0.5597935 0.6416416 0.0285024 0.0173128
26 0.2695873 0.7039678 0.0285024 0.0173129
