3 0.2871950 0.5829464 0.0271384 0.0171464
20 0.3575082 0.5829464 0.0271384 0.0171464
32 0.2902789 0.4029092 0.4995934 0.4389478
33 0.2890454 0.2131557 0.4527179 0.0160033
14 0.1502694 0.2743112 0.0271384 0.0171464
17 0.3575082 0.2743112 0.0271384 0.0171464
18 0.4956673 0.2743112 0.0271384 0.0171464
7 0.0811899 0.3360382 0.0271384 0.0171464
23 0.1502694 0.3360382 0.0271384 0.0171464
29 0.2871950 0.3360382 0.0271384 0.0171464
21 0.3575082 0.3360382 0.0271384 0.0171464
34 0.4259710 0.3354667 0.0629118 0.0617271
7 0.4265878 0.3360382 0.0271384 0.0171464
26 0.0811899 0.3977653 0.0271384 0.0171464
11 0.1502694 0.3977653 0.0271384 0.0171464
12 0.2193490 0.3977653 0.0271384 0.0171464
13 0.3575082 0.3977653 0.0271384 0.0171464
10 0.4956673 0.3977653 0.0271384 0.0171464
2 0.0811899 0.4594923 0.0271384 0.0171464
9 0.2193490 0.4594923 0.0271384 0.0171464
6 0.2871950 0.4594923 0.0271384 0.0171464
19 0.3575082 0.4594923 0.0271384 0.0171464
30 0.4265878 0.4594923 0.0271384 0.0171464
1 0.4956673 0.4594923 0.0271384 0.0171464
24 0.0811899 0.5212193 0.0271384 0.0171464
31 0.1502694 0.5212193 0.0271384 0.0171464
22 0.2871950 0.5212193 0.0271384 0.0171464
25 0.3575082 0.5212193 0.0271384 0.0171464
5 0.4265878 0.5212193 0.0271384 0.0171464
27 0.0811899 0.5829464 0.0271384 0.0171464
15 0.1502694 0.5829464 0.0271384 0.0171464
4 0.2193490 0.5829464 0.0271384 0.0171464
