17 0.7635974 0.5743715 0.0273120 0.0161870
11 0.8331189 0.5743715 0.0273121 0.0161870
32 0.6264165 0.4044086 0.5027899 0.4143857
33 0.6251750 0.2252732 0.4556145 0.0151078
13 0.4159896 0.2830066 0.0273120 0.0161869
19 0.4855112 0.2830066 0.0273120 0.0161869
8 0.5550327 0.2830066 0.0273120 0.0161869
6 0.6233128 0.2830066 0.0273120 0.0161869
25 0.7635974 0.2830066 0.0273120 0.0161869
5 0.8331189 0.2830066 0.0273121 0.0161869
18 0.4855112 0.3412796 0.0273120 0.0161869
4 0.6940758 0.3412796 0.0273121 0.0161869
23 0.8331189 0.3412796 0.0273121 0.0161869
34 0.4159896 0.3990130 0.0645557 0.0582730
30 0.4159896 0.3995525 0.0273120 0.0161869
24 0.4855112 0.3995525 0.0273120 0.0161869
12 0.6233128 0.3995525 0.0273120 0.0161869
10 0.6940758 0.3995525 0.0273121 0.0161869
29 0.7635974 0.3995525 0.0273120 0.0161869
7 0.4159896 0.4578255 0.0273120 0.0161869
30 0.4855112 0.4578255 0.0273120 0.0161869
16 0.6233128 0.4578255 0.0273120 0.0161869
22 0.6940758 0.4578255 0.0273121 0.0161869
21 0.7635974 0.4578255 0.0273120 0.0161869
27 0.8331189 0.4578255 0.0273121 0.0161869
2 0.4855112 0.5160985 0.0273120 0.0161869
1 0.5550327 0.5160985 0.0273120 0.0161869
9 0.7635974 0.5160985 0.0273120 0.0161869
20 0.8331189 0.5160985 0.0273121 0.0161869
3 0.4855112 0.5743715 0.0273120 0.0161870
26 0.6233128 0.5743715 0.0273120 0.0161870
15 0.6940758 0.5743715 0.0273121 0.0161870
