20 0.7716716 0.6032482 0.0283097 0.0173426
31 0.8437328 0.6032482 0.0283098 0.0173426
32 0.6294794 0.4211509 0.5211570 0.4439704
33 0.6281926 0.2292262 0.4722583 0.0161864
17 0.4113655 0.2910814 0.0283098 0.0173426
14 0.4834267 0.2910814 0.0283098 0.0173426
8 0.5554880 0.2910814 0.0283098 0.0173426
2 0.6262624 0.2910814 0.0283098 0.0173426
3 0.6996104 0.2910814 0.0283098 0.0173426
16 0.4113655 0.3535148 0.0283098 0.0173426
27 0.6262624 0.3535148 0.0283098 0.0173426
24 0.6996104 0.3535148 0.0283098 0.0173426
34 0.7710282 0.3529367 0.0656273 0.0624333
2 0.7716716 0.3535148 0.0283097 0.0173426
19 0.8437328 0.3535148 0.0283098 0.0173426
6 0.5554880 0.4159481 0.0283098 0.0173426
9 0.6996104 0.4159481 0.0283098 0.0173426
29 0.8437328 0.4159481 0.0283098 0.0173426
23 0.6262624 0.4783814 0.0283098 0.0173426
21 0.6996104 0.4783814 0.0283098 0.0173426
15 0.7716716 0.4783814 0.0283097 0.0173426
22 0.8437328 0.4783814 0.0283098 0.0173426
11 0.4113655 0.5408148 0.0283098 0.0173425
4 0.4834267 0.5408148 0.0283098 0.0173425
30 0.5554880 0.5408148 0.0283098 0.0173425
5 0.6996104 0.5408148 0.0283098 0.0173425
7 0.7716716 0.5408148 0.0283097 0.0173425
25 0.8437328 0.5408148 0.0283098 0.0173425
1 0.4113655 0.6032482 0.0283098 0.0173426
13 0.5554880 0.6032482 0.0283098 0.0173426
26 0.6262624 0.6032482 0.0283098 0.0173426
12 0.6996104 0.6032482 0.0283098 0.0173426
