24 0.4016003 0.6185541 0.0277496 0.0167565
6 0.5441327 0.6185541 0.0277497 0.0167565
32 0.4047536 0.4426107 0.5108461 0.4289669
33 0.4034923 0.2571719 0.4629149 0.0156394
10 0.1909551 0.3169368 0.0277497 0.0167565
5 0.2615906 0.3169368 0.0277497 0.0167565
30 0.4016003 0.3169368 0.0277496 0.0167565
17 0.4734972 0.3169368 0.0277497 0.0167565
4 0.5441327 0.3169368 0.0277497 0.0167565
26 0.6147682 0.3169368 0.0277497 0.0167565
27 0.1909551 0.3772603 0.0277497 0.0167565
21 0.4734972 0.3772603 0.0277497 0.0167565
34 0.5435020 0.3767017 0.0643288 0.0603235
1 0.5441327 0.3772603 0.0277497 0.0167565
22 0.6147682 0.3772603 0.0277497 0.0167565
8 0.2615906 0.4375838 0.0277497 0.0167565
15 0.3322261 0.4375838 0.0277497 0.0167565
14 0.4016003 0.4375838 0.0277496 0.0167565
18 0.4734972 0.4375838 0.0277497 0.0167565
31 0.2615906 0.4979073 0.0277497 0.0167565
23 0.3322261 0.4979073 0.0277497 0.0167565
25 0.4016003 0.4979073 0.0277496 0.0167565
29 0.6147682 0.4979073 0.0277497 0.0167565
11 0.1909551 0.5582307 0.0277497 0.0167565
1 0.2615906 0.5582307 0.0277497 0.0167565
12 0.3322261 0.5582307 0.0277497 0.0167565
19 0.4016003 0.5582307 0.0277496 0.0167565
13 0.5441327 0.5582307 0.0277497 0.0167565
16 0.6147682 0.5582307 0.0277497 0.0167565
20 0.1909551 0.6185541 0.0277497 0.0167565
2 0.2615906 0.6185541 0.0277497 0.0167565
3 0.3322261 0.6185541 0.0277497 0.0167565
