19 0.4819233 0.5121618 0.0283693 0.0164038
14 0.5541361 0.5121618 0.0283693 0.0164038
32 0.3394321 0.3399217 0.5222529 0.4199377
33 0.3381426 0.1583861 0.4732514 0.0153102
29 0.1208596 0.2168930 0.0283693 0.0164038
22 0.2652851 0.2168930 0.0283693 0.0164038
23 0.1208596 0.2759468 0.0283693 0.0164038
31 0.1930723 0.2759468 0.0283693 0.0164038
25 0.2652851 0.2759468 0.0283693 0.0164038
12 0.3362083 0.2759468 0.0283693 0.0164038
34 0.4090658 0.2754000 0.0683442 0.0590538
24 0.4097106 0.2759468 0.0283693 0.0164038
16 0.4819233 0.2759468 0.0283693 0.0164038
11 0.5541361 0.2759468 0.0283693 0.0164038
8 0.1208596 0.3350005 0.0283693 0.0164038
24 0.1930723 0.3350005 0.0283693 0.0164038
27 0.2652851 0.3350005 0.0283693 0.0164038
5 0.3362083 0.3350005 0.0283693 0.0164038
2 0.4097106 0.3350005 0.0283693 0.0164038
18 0.5541361 0.3350005 0.0283693 0.0164038
1 0.1208596 0.3940543 0.0283693 0.0164038
6 0.4097106 0.3940543 0.0283693 0.0164038
9 0.1208596 0.4531080 0.0283693 0.0164038
13 0.1930723 0.4531080 0.0283693 0.0164038
17 0.2652851 0.4531080 0.0283693 0.0164038
30 0.3362083 0.4531080 0.0283693 0.0164038
4 0.4819233 0.4531080 0.0283693 0.0164038
15 0.5541361 0.4531080 0.0283693 0.0164038
7 0.1208596 0.5121618 0.0283693 0.0164038
21 0.2652851 0.5121618 0.0283693 0.0164038
20 0.3362083 0.5121618 0.0283693 0.0164038
3 0.4097106 0.5121618 0.0283693 0.0164038
