13 0.4878780 0.5517072 0.0272192 0.0159112
24 0.5584006 0.5517072 0.0272192 0.0159112
32 0.4909711 0.3846391 0.5010811 0.4073278
33 0.4897339 0.2085547 0.4540661 0.0148505
21 0.2812594 0.2653048 0.0272192 0.0159112
18 0.3505447 0.2653048 0.0272192 0.0159112
8 0.4198300 0.2653048 0.0272192 0.0159112
2 0.4878780 0.2653048 0.0272192 0.0159112
6 0.5584006 0.2653048 0.0272192 0.0159112
15 0.6276859 0.2653048 0.0272192 0.0159112
27 0.6969711 0.2653048 0.0272192 0.0159112
10 0.2812594 0.3225853 0.0272192 0.0159113
29 0.3505447 0.3225853 0.0272192 0.0159113
20 0.5584006 0.3225853 0.0272192 0.0159113
17 0.6276859 0.3225853 0.0272192 0.0159113
12 0.6969711 0.3225853 0.0272192 0.0159113
19 0.2812594 0.3798658 0.0272192 0.0159113
16 0.3505447 0.3798658 0.0272192 0.0159113
1 0.4878780 0.3798658 0.0272192 0.0159113
14 0.5584006 0.3798658 0.0272192 0.0159113
4 0.6276859 0.3798658 0.0272192 0.0159113
31 0.2812594 0.4371462 0.0272192 0.0159113
22 0.6969711 0.4371462 0.0272192 0.0159113
23 0.3505447 0.4944267 0.0272192 0.0159112
34 0.4198300 0.4938963 0.0643364 0.0572805
6 0.4198300 0.4944267 0.0272192 0.0159112
9 0.4878780 0.4944267 0.0272192 0.0159112
30 0.5584006 0.4944267 0.0272192 0.0159112
7 0.6276859 0.4944267 0.0272192 0.0159112
3 0.6969711 0.4944267 0.0272192 0.0159112
11 0.2812594 0.5517072 0.0272192 0.0159112
26 0.4198300 0.5517072 0.0272192 0.0159112
