7 0.4746509 0.8049645 0.0281555 0.0169394
9 0.5463194 0.8049645 0.0281555 0.0169394
32 0.4049021 0.6271014 0.5183169 0.4336471
33 0.4036223 0.4396394 0.4696847 0.0158101
19 0.1879769 0.5000564 0.0281555 0.0169394
4 0.2596454 0.5000564 0.0281555 0.0169394
18 0.3313139 0.5000564 0.0281555 0.0169394
20 0.4017026 0.5000564 0.0281555 0.0169394
15 0.6179879 0.5000564 0.0281555 0.0169394
24 0.1879769 0.5610380 0.0281555 0.0169393
1 0.2596454 0.5610380 0.0281555 0.0169393
13 0.5463194 0.5610380 0.0281555 0.0169393
21 0.6179879 0.5610380 0.0281555 0.0169393
8 0.1879769 0.6220196 0.0281555 0.0169394
16 0.2596454 0.6220196 0.0281555 0.0169394
34 0.3313139 0.6214549 0.0665493 0.0609816
10 0.3313139 0.6220196 0.0281555 0.0169394
31 0.4017026 0.6220196 0.0281555 0.0169394
26 0.4746509 0.6220196 0.0281555 0.0169394
29 0.5463194 0.6220196 0.0281555 0.0169394
6 0.1879769 0.6830012 0.0281555 0.0169393
10 0.2596454 0.6830012 0.0281555 0.0169393
25 0.4017026 0.6830012 0.0281555 0.0169393
27 0.5463194 0.6830012 0.0281555 0.0169393
22 0.6179879 0.6830012 0.0281555 0.0169393
14 0.1879769 0.7439829 0.0281555 0.0169394
3 0.4017026 0.7439829 0.0281555 0.0169394
23 0.4746509 0.7439829 0.0281555 0.0169394
2 0.1879769 0.8049645 0.0281555 0.0169394
11 0.3313139 0.8049645 0.0281555 0.0169394
5 0.4017026 0.8049645 0.0281555 0.0169394
