24 0.1946553 0.5983138 0.0277710 0.0159826
3 0.3360349 0.5983138 0.0277710 0.0159826
32 0.2672385 0.4304966 0.5112386 0.4091546
33 0.2659762 0.2536224 0.4632706 0.0149171
14 0.0532757 0.3106270 0.0277710 0.0159826
5 0.1239655 0.3106270 0.0277710 0.0159826
34 0.1946553 0.3100943 0.0656405 0.0575374
29 0.1946553 0.3106270 0.0277710 0.0159826
12 0.2640828 0.3106270 0.0277710 0.0159826
29 0.3360349 0.3106270 0.0277710 0.0159826
22 0.4067246 0.3106270 0.0277710 0.0159826
13 0.0532757 0.3681644 0.0277710 0.0159826
16 0.1239655 0.3681644 0.0277710 0.0159826
15 0.3360349 0.3681644 0.0277710 0.0159826
21 0.4067246 0.3681644 0.0277710 0.0159826
17 0.0532757 0.4257017 0.0277710 0.0159826
23 0.1239655 0.4257017 0.0277710 0.0159826
9 0.1946553 0.4257017 0.0277710 0.0159826
1 0.3360349 0.4257017 0.0277710 0.0159826
10 0.4067246 0.4257017 0.0277710 0.0159826
30 0.4774144 0.4257017 0.0277710 0.0159826
26 0.0532757 0.4832391 0.0277710 0.0159826
25 0.1946553 0.4832391 0.0277710 0.0159826
20 0.4067246 0.4832391 0.0277710 0.0159826
18 0.4774144 0.4832391 0.0277710 0.0159826
31 0.0532757 0.5407765 0.0277710 0.0159826
4 0.1239655 0.5407765 0.0277710 0.0159826
27 0.1946553 0.5407765 0.0277710 0.0159826
2 0.2640828 0.5407765 0.0277710 0.0159826
6 0.3360349 0.5407765 0.0277710 0.0159826
7 0.4774144 0.5407765 0.0277710 0.0159826
