31 0.6541946 0.7198823 0.0282190 0.0169662
5 0.7260250 0.7198823 0.0282191 0.0169662
32 0.5124580 0.5417367 0.5194874 0.4343358
33 0.5111753 0.3539769 0.4707454 0.0158352
12 0.2950429 0.4144899 0.0282191 0.0169662
20 0.5092513 0.4144899 0.0282191 0.0169662
34 0.5817229 0.4139244 0.0679823 0.0610785
20 0.5823643 0.4144899 0.0282191 0.0169662
17 0.6541946 0.4144899 0.0282190 0.0169662
19 0.2950429 0.4755683 0.0282191 0.0169662
24 0.3668732 0.4755683 0.0282190 0.0169662
7 0.4387036 0.4755683 0.0282191 0.0169662
14 0.5823643 0.4755683 0.0282191 0.0169662
29 0.6541946 0.4755683 0.0282190 0.0169662
22 0.7260250 0.4755683 0.0282191 0.0169662
21 0.2950429 0.5366468 0.0282191 0.0169662
2 0.5092513 0.5366468 0.0282191 0.0169662
26 0.5823643 0.5366468 0.0282191 0.0169662
16 0.2950429 0.5977253 0.0282191 0.0169663
6 0.3668732 0.5977253 0.0282190 0.0169663
18 0.4387036 0.5977253 0.0282191 0.0169663
4 0.5823643 0.5977253 0.0282191 0.0169663
1 0.6541946 0.5977253 0.0282190 0.0169663
3 0.4387036 0.6588037 0.0282191 0.0169662
11 0.5823643 0.6588037 0.0282191 0.0169662
27 0.6541946 0.6588037 0.0282190 0.0169662
8 0.7260250 0.6588037 0.0282191 0.0169662
10 0.2950429 0.7198823 0.0282191 0.0169662
15 0.3668732 0.7198823 0.0282190 0.0169662
30 0.4387036 0.7198823 0.0282191 0.0169662
25 0.5823643 0.7198823 0.0282191 0.0169662
