3 0.2462928 0.6393932 0.0278109 0.0169456
25 0.5294588 0.6393932 0.0278109 0.0169456
32 0.3897720 0.4614637 0.5119743 0.4338088
33 0.3885078 0.2739318 0.4639371 0.0158160
29 0.1755013 0.3343713 0.0278110 0.0169457
26 0.2462928 0.3343713 0.0278109 0.0169457
14 0.3170843 0.3343713 0.0278110 0.0169457
19 0.3866116 0.3343713 0.0278110 0.0169457
2 0.4586673 0.3343713 0.0278109 0.0169457
7 0.2462928 0.3953756 0.0278109 0.0169457
6 0.3170843 0.3953756 0.0278110 0.0169457
8 0.4586673 0.3953756 0.0278109 0.0169457
20 0.5294588 0.3953756 0.0278109 0.0169457
34 0.6002503 0.3948108 0.0657349 0.0610044
29 0.6002502 0.3953756 0.0278109 0.0169457
10 0.1755013 0.4563800 0.0278110 0.0169457
31 0.2462928 0.4563800 0.0278109 0.0169457
12 0.3866116 0.4563800 0.0278110 0.0169457
16 0.4586673 0.4563800 0.0278109 0.0169457
18 0.6002502 0.4563800 0.0278109 0.0169457
30 0.1755013 0.5173844 0.0278110 0.0169457
21 0.2462928 0.5173844 0.0278109 0.0169457
4 0.3170843 0.5173844 0.0278110 0.0169457
23 0.3866116 0.5173844 0.0278110 0.0169457
9 0.4586673 0.5173844 0.0278109 0.0169457
11 0.6002502 0.5173844 0.0278109 0.0169457
15 0.1755013 0.5783888 0.0278110 0.0169456
5 0.2462928 0.5783888 0.0278109 0.0169456
1 0.4586673 0.5783888 0.0278109 0.0169456
22 0.5294588 0.5783888 0.0278109 0.0169456
17 0.6002502 0.5783888 0.0278109 0.0169456
