18 0.6540443 0.6637712 0.0266553 0.0163525
13 0.8588055 0.6637712 0.0266553 0.0163525
32 0.6570734 0.4920700 0.4906999 0.4186237
33 0.6558617 0.3111025 0.4446589 0.0152623
20 0.4517064 0.3694264 0.0266553 0.0163525
4 0.5874061 0.3694264 0.0266553 0.0163525
21 0.6540443 0.3694264 0.0266553 0.0163525
19 0.7231058 0.3694264 0.0266553 0.0163525
14 0.7909557 0.3694264 0.0266553 0.0163525
9 0.8588055 0.3694264 0.0266553 0.0163525
3 0.4517064 0.4282954 0.0266553 0.0163525
2 0.5195562 0.4282954 0.0266553 0.0163525
23 0.5874061 0.4282954 0.0266553 0.0163525
27 0.7231058 0.4282954 0.0266553 0.0163525
5 0.7909557 0.4282954 0.0266553 0.0163525
11 0.4517064 0.4871643 0.0266553 0.0163525
34 0.5189504 0.4866192 0.0617918 0.0588690
21 0.5195562 0.4871643 0.0266553 0.0163525
16 0.6540443 0.4871643 0.0266553 0.0163525
29 0.7231058 0.4871643 0.0266553 0.0163525
17 0.7909557 0.4871643 0.0266553 0.0163525
6 0.8588055 0.4871643 0.0266553 0.0163525
26 0.6540443 0.5460333 0.0266553 0.0163525
12 0.7231058 0.5460333 0.0266553 0.0163525
30 0.7909557 0.5460333 0.0266553 0.0163525
7 0.4517064 0.6049022 0.0266553 0.0163525
22 0.5195562 0.6049022 0.0266553 0.0163525
15 0.6540443 0.6049022 0.0266553 0.0163525
1 0.7231058 0.6049022 0.0266553 0.0163525
8 0.7909557 0.6049022 0.0266553 0.0163525
25 0.5874061 0.6637712 0.0266553 0.0163525
