29 0.6938200 0.5997552 0.0261531 0.0170384
11 0.7603916 0.5997552 0.0261531 0.0170384
32 0.5624600 0.4208525 0.4814554 0.4361819
33 0.5612712 0.2322947 0.4362818 0.0159025
4 0.3609620 0.2930648 0.0261531 0.0170383
17 0.4275336 0.2930648 0.0261531 0.0170383
2 0.4941052 0.2930648 0.0261531 0.0170383
22 0.6938200 0.2930648 0.0261531 0.0170383
5 0.7603916 0.2930648 0.0261531 0.0170383
20 0.5594881 0.3544029 0.0261531 0.0170383
13 0.6272485 0.3544029 0.0261531 0.0170383
18 0.6938200 0.3544029 0.0261531 0.0170383
16 0.3609620 0.4157409 0.0261531 0.0170384
34 0.4269392 0.4151730 0.0606277 0.0613381
6 0.4275336 0.4157409 0.0261531 0.0170384
1 0.4941052 0.4157409 0.0261531 0.0170384
30 0.6272485 0.4157409 0.0261531 0.0170384
9 0.7603916 0.4157409 0.0261531 0.0170384
31 0.4275336 0.4770790 0.0261531 0.0170384
12 0.4941052 0.4770790 0.0261531 0.0170384
21 0.5594881 0.4770790 0.0261531 0.0170384
15 0.6272485 0.4770790 0.0261531 0.0170384
23 0.6938200 0.4770790 0.0261531 0.0170384
10 0.7603916 0.4770790 0.0261531 0.0170384
19 0.4275336 0.5384171 0.0261531 0.0170384
6 0.5594881 0.5384171 0.0261531 0.0170384
26 0.6938200 0.5384171 0.0261531 0.0170384
24 0.3609620 0.5997552 0.0261531 0.0170384
27 0.4275336 0.5997552 0.0261531 0.0170384
3 0.5594881 0.5997552 0.0261531 0.0170384
8 0.6272485 0.5997552 0.0261531 0.0170384
