3 0.4713861 0.6784300 0.0264610 0.0166437
27 0.5387412 0.6784300 0.0264610 0.0166437
32 0.4058351 0.5036715 0.4871218 0.4260778
33 0.4046323 0.3194817 0.4414166 0.0155341
5 0.3366759 0.3788441 0.0264609 0.0166437
24 0.4028282 0.3788441 0.0264609 0.0166437
2 0.6060963 0.3788441 0.0264610 0.0166437
23 0.2019656 0.4387613 0.0264610 0.0166437
12 0.3366759 0.4387613 0.0264609 0.0166437
10 0.4028282 0.4387613 0.0264609 0.0166437
19 0.4713861 0.4387613 0.0264610 0.0166437
15 0.5387412 0.4387613 0.0264610 0.0166437
34 0.2687194 0.4981237 0.0613413 0.0599172
3 0.2693208 0.4986785 0.0264609 0.0166437
31 0.3366759 0.4986785 0.0264609 0.0166437
18 0.4028282 0.4986785 0.0264609 0.0166437
8 0.4713861 0.4986785 0.0264610 0.0166437
11 0.6060963 0.4986785 0.0264610 0.0166437
20 0.2019656 0.5585957 0.0264610 0.0166437
4 0.2693208 0.5585957 0.0264609 0.0166437
9 0.3366759 0.5585957 0.0264609 0.0166437
22 0.4028282 0.5585957 0.0264609 0.0166437
16 0.5387412 0.5585957 0.0264610 0.0166437
17 0.6060963 0.5585957 0.0264610 0.0166437
6 0.2693208 0.6185129 0.0264609 0.0166437
29 0.3366759 0.6185129 0.0264609 0.0166437
26 0.4028282 0.6185129 0.0264609 0.0166437
14 0.5387412 0.6185129 0.0264610 0.0166437
25 0.6060963 0.6185129 0.0264610 0.0166437
21 0.2019656 0.6784300 0.0264610 0.0166437
30 0.4028282 0.6784300 0.0264609 0.0166437
