20 0.7425979 0.6246437 0.0263057 0.0169078
23 0.8095578 0.6246437 0.0263056 0.0169078
32 0.6104718 0.4471115 0.4842634 0.4328404
33 0.6092760 0.2599982 0.4388262 0.0157806
15 0.4747585 0.3203028 0.0263057 0.0169078
34 0.6750401 0.3197392 0.0633727 0.0608682
28 0.6756380 0.3203028 0.0263057 0.0169078
10 0.8095578 0.3203028 0.0263056 0.0169078
5 0.5417183 0.3811710 0.0263057 0.0169078
14 0.6074825 0.3811710 0.0263057 0.0169078
19 0.8095578 0.3811710 0.0263056 0.0169078
9 0.4077985 0.4420391 0.0263057 0.0169078
16 0.4747585 0.4420391 0.0263057 0.0169078
1 0.5417183 0.4420391 0.0263057 0.0169078
8 0.7425979 0.4420391 0.0263057 0.0169078
25 0.8095578 0.4420391 0.0263056 0.0169078
29 0.4077985 0.5029073 0.0263057 0.0169078
4 0.4747585 0.5029073 0.0263057 0.0169078
21 0.5417183 0.5029073 0.0263057 0.0169078
17 0.6756380 0.5029073 0.0263057 0.0169078
18 0.7425979 0.5029073 0.0263057 0.0169078
7 0.8095578 0.5029073 0.0263056 0.0169078
22 0.4077985 0.5637755 0.0263057 0.0169078
3 0.4747585 0.5637755 0.0263057 0.0169078
26 0.6756380 0.5637755 0.0263057 0.0169078
13 0.7425979 0.5637755 0.0263057 0.0169078
12 0.8095578 0.5637755 0.0263056 0.0169078
31 0.4747585 0.6246437 0.0263057 0.0169078
24 0.5417183 0.6246437 0.0263057 0.0169078
27 0.6074825 0.6246437 0.0263057 0.0169078
30 0.6756380 0.6246437 0.0263057 0.0169078
