20 0.5410197 0.6658447 0.0282529 0.0168784
7 0.6848530 0.6658447 0.0282530 0.0168784
32 0.4710295 0.4886220 0.5201112 0.4320857
33 0.4697453 0.3018349 0.4713106 0.0157531
9 0.2533533 0.3620344 0.0282530 0.0168784
2 0.4678189 0.3620344 0.0282530 0.0168784
6 0.6848530 0.3620344 0.0282530 0.0168784
24 0.3252699 0.4227964 0.0282529 0.0168784
16 0.3971865 0.4227964 0.0282529 0.0168784
27 0.4678189 0.4227964 0.0282530 0.0168784
25 0.5410197 0.4227964 0.0282529 0.0168784
12 0.6129364 0.4227964 0.0282529 0.0168784
31 0.2533533 0.4835585 0.0282530 0.0168784
26 0.3252699 0.4835585 0.0282529 0.0168784
13 0.4678189 0.4835585 0.0282530 0.0168784
3 0.5410197 0.4835585 0.0282529 0.0168784
5 0.6848530 0.4835585 0.0282530 0.0168784
1 0.2533533 0.5443205 0.0282530 0.0168784
30 0.3252699 0.5443205 0.0282529 0.0168784
14 0.3971865 0.5443205 0.0282529 0.0168784
19 0.4678189 0.5443205 0.0282530 0.0168784
8 0.5410197 0.5443205 0.0282529 0.0168784
15 0.6129364 0.5443205 0.0282529 0.0168784
23 0.6848530 0.5443205 0.0282530 0.0168784
17 0.4678189 0.6050826 0.0282530 0.0168784
10 0.5410197 0.6050826 0.0282529 0.0168784
34 0.6122942 0.6045200 0.0654955 0.0607621
18 0.6129364 0.6050826 0.0282529 0.0168784
11 0.6848530 0.6050826 0.0282530 0.0168784
18 0.3971865 0.6658447 0.0282529 0.0168784
29 0.4678189 0.6658447 0.0282530 0.0168784
