30 0.1911594 0.8060468 0.0272237 0.0165476
6 0.2592187 0.8060468 0.0272237 0.0165476
32 0.2623123 0.6322972 0.5011637 0.4236182
33 0.2610748 0.4491706 0.4541410 0.0154444
12 0.0525660 0.5081903 0.0272237 0.0165476
22 0.1911594 0.5081903 0.0272237 0.0165476
16 0.2592187 0.5081903 0.0272237 0.0165476
15 0.3297528 0.5081903 0.0272237 0.0165476
24 0.3990495 0.5081903 0.0272237 0.0165476
31 0.4683463 0.5081903 0.0272237 0.0165476
3 0.0525660 0.5677616 0.0272237 0.0165476
10 0.1218627 0.5677616 0.0272237 0.0165476
8 0.1911594 0.5677616 0.0272237 0.0165476
4 0.2592187 0.5677616 0.0272237 0.0165476
11 0.3297528 0.5677616 0.0272237 0.0165476
34 0.3984308 0.5672100 0.0631095 0.0595714
12 0.3990495 0.5677616 0.0272237 0.0165476
5 0.0525660 0.6273329 0.0272237 0.0165476
2 0.2592187 0.6273329 0.0272237 0.0165476
13 0.3297528 0.6273329 0.0272237 0.0165476
21 0.3990495 0.6273329 0.0272237 0.0165476
17 0.4683463 0.6273329 0.0272237 0.0165476
14 0.0525660 0.6869042 0.0272237 0.0165476
9 0.1218627 0.6869042 0.0272237 0.0165476
26 0.1911594 0.6869042 0.0272237 0.0165476
20 0.3297528 0.6869042 0.0272237 0.0165476
18 0.3990495 0.6869042 0.0272237 0.0165476
19 0.1218627 0.7464756 0.0272237 0.0165476
1 0.1911594 0.7464756 0.0272237 0.0165476
25 0.3297528 0.7464756 0.0272237 0.0165476
7 0.1218627 0.8060468 0.0272237 0.0165476
