17 0.5324176 0.7607829 0.0279365 0.0159771
11 0.6035287 0.7607829 0.0279365 0.0159771
32 0.3921001 0.5930235 0.5142857 0.4090132
33 0.3908303 0.4162105 0.4660317 0.0149119
34 0.1768620 0.4726628 0.0660317 0.0575175
16 0.1768620 0.4731954 0.0279365 0.0159771
27 0.2479731 0.4731954 0.0279365 0.0159771
21 0.4613065 0.4731954 0.0279365 0.0159771
8 0.5324176 0.4731954 0.0279365 0.0159771
9 0.1768620 0.5307129 0.0279365 0.0159771
5 0.2479731 0.5307129 0.0279365 0.0159771
4 0.3190843 0.5307129 0.0279365 0.0159771
12 0.3889255 0.5307129 0.0279365 0.0159771
13 0.4613065 0.5307129 0.0279365 0.0159771
24 0.5324176 0.5307129 0.0279365 0.0159771
20 0.6035287 0.5307129 0.0279365 0.0159771
10 0.3889255 0.5882304 0.0279365 0.0159771
3 0.4613065 0.5882304 0.0279365 0.0159771
22 0.3190843 0.6457479 0.0279365 0.0159771
16 0.3889255 0.6457479 0.0279365 0.0159771
31 0.5324176 0.6457479 0.0279365 0.0159771
14 0.6035287 0.6457479 0.0279365 0.0159771
30 0.2479731 0.7032654 0.0279365 0.0159771
19 0.3190843 0.7032654 0.0279365 0.0159771
18 0.3889255 0.7032654 0.0279365 0.0159771
26 0.4613065 0.7032654 0.0279365 0.0159771
2 0.5324176 0.7032654 0.0279365 0.0159771
23 0.6035287 0.7032654 0.0279365 0.0159771
15 0.1768620 0.7607829 0.0279365 0.0159771
25 0.2479731 0.7607829 0.0279365 0.0159771
1 0.4613065 0.7607829 0.0279365 0.0159771
