16 0.6257584 0.5562575 0.0274217 0.0160444
7 0.6968055 0.5562575 0.0274217 0.0160444
32 0.6288746 0.3877908 0.5048079 0.4107378
33 0.6276281 0.2102323 0.4574432 0.0149748
1 0.4176031 0.2674574 0.0274217 0.0160444
10 0.4874037 0.2674574 0.0274216 0.0160444
20 0.6257584 0.2674574 0.0274217 0.0160444
26 0.6968055 0.2674574 0.0274217 0.0160444
30 0.4874037 0.3252175 0.0274216 0.0160444
23 0.7666061 0.3252175 0.0274217 0.0160444
18 0.8364067 0.3252175 0.0274216 0.0160444
29 0.4874037 0.3829775 0.0274216 0.0160444
21 0.5572043 0.3829775 0.0274217 0.0160444
4 0.6257584 0.3829775 0.0274217 0.0160444
16 0.6968055 0.3829775 0.0274217 0.0160444
25 0.7666061 0.3829775 0.0274217 0.0160444
6 0.4874037 0.4407375 0.0274216 0.0160444
19 0.5572043 0.4407375 0.0274217 0.0160444
15 0.6257584 0.4407375 0.0274217 0.0160444
3 0.6968055 0.4407375 0.0274217 0.0160444
24 0.7666061 0.4407375 0.0274217 0.0160444
13 0.8364067 0.4407375 0.0274216 0.0160444
2 0.4874037 0.4984975 0.0274216 0.0160444
12 0.5572043 0.4984975 0.0274217 0.0160444
11 0.6257584 0.4984975 0.0274217 0.0160444
31 0.6968055 0.4984975 0.0274217 0.0160444
5 0.8364067 0.4984975 0.0274216 0.0160444
22 0.4176031 0.5562575 0.0274217 0.0160444
17 0.4874037 0.5562575 0.0274216 0.0160444
14 0.5572043 0.5562575 0.0274217 0.0160444
34 0.6257584 0.5557227 0.0648149 0.0577600
