2 0.3237334 0.6341269 0.0267461 0.0165877
7 0.3930302 0.6341269 0.0267461 0.0165877
32 0.3267728 0.4599565 0.4923718 0.4246440
33 0.3255570 0.2763864 0.4461740 0.0154818
22 0.3930302 0.3355490 0.0267461 0.0165877
18 0.4611113 0.3355490 0.0267461 0.0165877
4 0.5291923 0.3355490 0.0267461 0.0165877
5 0.1207060 0.3952646 0.0267461 0.0165876
15 0.1887871 0.3952646 0.0267461 0.0165876
3 0.2568681 0.3952646 0.0267461 0.0165876
34 0.3924223 0.3947117 0.0644339 0.0597156
31 0.3930302 0.3952646 0.0267461 0.0165876
14 0.4611113 0.3952646 0.0267461 0.0165876
8 0.5291923 0.3952646 0.0267461 0.0165876
6 0.1207060 0.4549802 0.0267461 0.0165877
26 0.1887871 0.4549802 0.0267461 0.0165877
16 0.5291923 0.4549802 0.0267461 0.0165877
29 0.1207060 0.5146957 0.0267461 0.0165877
1 0.1887871 0.5146957 0.0267461 0.0165877
24 0.3237334 0.5146957 0.0267461 0.0165877
12 0.3930302 0.5146957 0.0267461 0.0165877
23 0.4611113 0.5146957 0.0267461 0.0165877
13 0.5291923 0.5146957 0.0267461 0.0165877
21 0.1887871 0.5744113 0.0267461 0.0165877
17 0.2568681 0.5744113 0.0267461 0.0165877
9 0.3237334 0.5744113 0.0267461 0.0165877
30 0.3930302 0.5744113 0.0267461 0.0165877
19 0.4611113 0.5744113 0.0267461 0.0165877
11 0.5291923 0.5744113 0.0267461 0.0165877
31 0.1887871 0.6341269 0.0267461 0.0165877
27 0.2568681 0.6341269 0.0267461 0.0165877
