1 0.5164935 0.7044434 0.0273917 0.0174531
8 0.7269113 0.7044434 0.0273917 0.0174531
32 0.5196062 0.5211858 0.5042559 0.4467995
33 0.5183611 0.3280381 0.4569430 0.0162896
7 0.3085658 0.3902875 0.0273917 0.0174531
18 0.3782900 0.3902875 0.0273917 0.0174531
26 0.4480143 0.3902875 0.0273917 0.0174531
17 0.6571870 0.3902875 0.0273917 0.0174531
19 0.7269113 0.3902875 0.0273917 0.0174531
3 0.3085658 0.4531187 0.0273917 0.0174531
22 0.3782900 0.4531187 0.0273917 0.0174531
6 0.4480143 0.4531187 0.0273917 0.0174531
24 0.5164935 0.4531187 0.0273917 0.0174531
31 0.5874628 0.4531187 0.0273917 0.0174531
16 0.6571870 0.4531187 0.0273917 0.0174531
4 0.7269113 0.4531187 0.0273917 0.0174531
30 0.3782900 0.5159498 0.0273917 0.0174531
2 0.5164935 0.5159498 0.0273917 0.0174531
13 0.3085658 0.5787810 0.0273917 0.0174531
11 0.3782900 0.5787810 0.0273917 0.0174531
20 0.4480143 0.5787810 0.0273917 0.0174531
27 0.5164935 0.5787810 0.0273917 0.0174531
15 0.6571870 0.5787810 0.0273917 0.0174531
9 0.7269113 0.5787810 0.0273917 0.0174531
12 0.3782900 0.6416121 0.0273917 0.0174531
10 0.5164935 0.6416121 0.0273917 0.0174531
29 0.5874628 0.6416121 0.0273917 0.0174531
5 0.6571870 0.6416121 0.0273917 0.0174531
34 0.7269113 0.6410304 0.0647440 0.0628312
14 0.7269113 0.6416121 0.0273917 0.0174531
21 0.3782900 0.7044434 0.0273917 0.0174531
