17 0.4332237 0.7930043 0.0287497 0.0173384
29 0.5050978 0.7930043 0.0287497 0.0173384
32 0.5083648 0.6109507 0.5292546 0.4438639
33 0.5070580 0.4190721 0.4795961 0.0161826
23 0.2868620 0.4809125 0.0287496 0.0173384
18 0.3600428 0.4809125 0.0287496 0.0173384
22 0.4332237 0.4809125 0.0287497 0.0173384
12 0.5050978 0.4809125 0.0287497 0.0173384
21 0.5795855 0.4809125 0.0287496 0.0173384
27 0.7259473 0.4809125 0.0287497 0.0173384
3 0.2868620 0.5433309 0.0287496 0.0173384
4 0.4332237 0.5433309 0.0287497 0.0173384
2 0.5050978 0.5433309 0.0287497 0.0173384
25 0.5795855 0.5433309 0.0287496 0.0173384
1 0.6527664 0.5433309 0.0287496 0.0173384
11 0.7259473 0.5433309 0.0287497 0.0173384
14 0.2868620 0.6057492 0.0287496 0.0173385
34 0.7259473 0.6051713 0.0679537 0.0624184
20 0.7259473 0.6057492 0.0287497 0.0173385
20 0.2868620 0.6681676 0.0287496 0.0173385
7 0.4332237 0.6681676 0.0287497 0.0173385
6 0.5050978 0.6681676 0.0287497 0.0173385
5 0.5795855 0.6681676 0.0287496 0.0173385
13 0.6527664 0.6681676 0.0287496 0.0173385
8 0.7259473 0.6681676 0.0287497 0.0173385
16 0.2868620 0.7305859 0.0287496 0.0173385
9 0.5050978 0.7305859 0.0287497 0.0173385
30 0.5795855 0.7305859 0.0287496 0.0173385
10 0.7259473 0.7305859 0.0287497 0.0173385
24 0.2868620 0.7930043 0.0287496 0.0173384
26 0.3600428 0.7930043 0.0287496 0.0173384
