20 0.4187822 0.8093506 0.0271271 0.0171337
6 0.4878331 0.8093506 0.0271271 0.0171337
32 0.2825300 0.6294468 0.4993858 0.4386227
33 0.2812970 0.4398338 0.4525298 0.0159914
1 0.0735278 0.5009440 0.0271271 0.0171337
18 0.2116296 0.5009440 0.0271271 0.0171337
24 0.2794474 0.5009440 0.0271271 0.0171337
7 0.4878331 0.5009440 0.0271271 0.0171337
5 0.1425787 0.5626253 0.0271271 0.0171337
21 0.2116296 0.5626253 0.0271271 0.0171337
25 0.3497313 0.5626253 0.0271272 0.0171337
16 0.4187822 0.5626253 0.0271271 0.0171337
22 0.4878331 0.5626253 0.0271271 0.0171337
3 0.0735278 0.6243066 0.0271271 0.0171337
14 0.1425787 0.6243066 0.0271271 0.0171337
10 0.2116296 0.6243066 0.0271271 0.0171337
15 0.3497313 0.6243066 0.0271272 0.0171337
26 0.4187822 0.6243066 0.0271271 0.0171337
27 0.0735278 0.6859880 0.0271271 0.0171337
17 0.1425787 0.6859880 0.0271271 0.0171337
23 0.3497313 0.6859880 0.0271272 0.0171337
4 0.4187822 0.6859880 0.0271271 0.0171337
19 0.4878331 0.6859880 0.0271271 0.0171337
31 0.0735278 0.7476693 0.0271271 0.0171337
8 0.1425787 0.7476693 0.0271271 0.0171337
13 0.2116296 0.7476693 0.0271271 0.0171337
29 0.3497313 0.7476693 0.0271272 0.0171337
30 0.0735278 0.8093506 0.0271271 0.0171337
11 0.1425787 0.8093506 0.0271271 0.0171337
34 0.3491148 0.8087794 0.0653517 0.0616813
9 0.3497313 0.8093506 0.0271272 0.0171337
