20 0.4435629 0.7014080 0.0284746 0.0169309
6 0.5885245 0.7014080 0.0284746 0.0169309
32 0.3730235 0.5236333 0.5241917 0.4334316
33 0.3717291 0.3362644 0.4750083 0.0158022
3 0.1536395 0.3966514 0.0284746 0.0169309
16 0.2986012 0.3966514 0.0284746 0.0169309
24 0.4435629 0.3966514 0.0284746 0.0169309
1 0.1536395 0.4576027 0.0284746 0.0169309
15 0.2261203 0.4576027 0.0284746 0.0169309
18 0.3697877 0.4576027 0.0284746 0.0169309
10 0.4435629 0.4576027 0.0284746 0.0169309
13 0.5160436 0.4576027 0.0284746 0.0169309
8 0.1536395 0.5185540 0.0284746 0.0169309
2 0.2261203 0.5185540 0.0284746 0.0169309
29 0.2986012 0.5185540 0.0284746 0.0169309
26 0.3697877 0.5185540 0.0284746 0.0169309
23 0.5160436 0.5185540 0.0284746 0.0169309
31 0.5885245 0.5185540 0.0284746 0.0169309
19 0.1536395 0.5795053 0.0284746 0.0169309
11 0.2261203 0.5795053 0.0284746 0.0169309
4 0.5160436 0.5795053 0.0284746 0.0169309
14 0.2261203 0.6404567 0.0284746 0.0169309
21 0.2986012 0.6404567 0.0284746 0.0169309
17 0.3697877 0.6404567 0.0284746 0.0169309
25 0.4435629 0.6404567 0.0284746 0.0169309
5 0.5160436 0.6404567 0.0284746 0.0169309
30 0.1536395 0.7014080 0.0284746 0.0169309
34 0.2254732 0.7008436 0.0660093 0.0609513
4 0.2261203 0.7014080 0.0284746 0.0169309
22 0.2986012 0.7014080 0.0284746 0.0169309
27 0.3697877 0.7014080 0.0284746 0.0169309
