13 0.3460033 0.7045424 0.0261770 0.0163891
8 0.4792682 0.7045424 0.0261771 0.0163891
32 0.2811556 0.5324565 0.4818954 0.4195616
33 0.2799657 0.3510835 0.4366805 0.0152965
31 0.2781809 0.4095381 0.0261770 0.0163891
29 0.3460033 0.4095381 0.0261770 0.0163891
22 0.4126357 0.4095381 0.0261770 0.0163891
19 0.4792682 0.4095381 0.0261771 0.0163891
16 0.0794735 0.4685389 0.0261770 0.0163891
23 0.1461059 0.4685389 0.0261770 0.0163891
27 0.2781809 0.4685389 0.0261770 0.0163891
12 0.3460033 0.4685389 0.0261770 0.0163891
17 0.4126357 0.4685389 0.0261770 0.0163891
10 0.4792682 0.4685389 0.0261771 0.0163891
9 0.0794735 0.5275398 0.0261770 0.0163891
4 0.2127383 0.5275398 0.0261770 0.0163891
26 0.2781809 0.5275398 0.0261770 0.0163891
6 0.3460033 0.5275398 0.0261770 0.0163891
15 0.4792682 0.5275398 0.0261771 0.0163891
7 0.1461059 0.5865407 0.0261770 0.0163891
30 0.2127383 0.5865407 0.0261770 0.0163891
20 0.2781809 0.5865407 0.0261770 0.0163891
11 0.3460033 0.5865407 0.0261770 0.0163891
2 0.0794735 0.6455414 0.0261770 0.0163891
18 0.4126357 0.6455414 0.0261770 0.0163891
25 0.4792682 0.6455414 0.0261771 0.0163891
3 0.0794735 0.7045424 0.0261770 0.0163891
34 0.1455110 0.7039960 0.0606831 0.0590009
17 0.1461059 0.7045424 0.0261770 0.0163891
14 0.2127383 0.7045424 0.0261770 0.0163891
21 0.2781809 0.7045424 0.0261770 0.0163891
