29 0.6264219 0.7578475 0.0265601 0.0162329
26 0.7628444 0.7578475 0.0265601 0.0162329
32 0.6294400 0.5874024 0.4889480 0.4155614
33 0.6282328 0.4077587 0.4430715 0.0151507
18 0.4248062 0.4656559 0.0265601 0.0162329
5 0.6264219 0.4656559 0.0265601 0.0162329
8 0.6952367 0.4656559 0.0265602 0.0162329
17 0.4248062 0.5240942 0.0265601 0.0162329
23 0.5600215 0.5240942 0.0265601 0.0162329
24 0.6952367 0.5240942 0.0265602 0.0162329
7 0.4248062 0.5825326 0.0265601 0.0162329
21 0.4924139 0.5825326 0.0265602 0.0162329
25 0.5600215 0.5825326 0.0265601 0.0162329
6 0.6952367 0.5825326 0.0265602 0.0162329
4 0.7628444 0.5825326 0.0265601 0.0162329
16 0.8304520 0.5825326 0.0265601 0.0162329
27 0.4248062 0.6409709 0.0265601 0.0162329
34 0.4918102 0.6404298 0.0615712 0.0584383
14 0.4924139 0.6409709 0.0265602 0.0162329
31 0.5600215 0.6409709 0.0265601 0.0162329
19 0.6264219 0.6409709 0.0265601 0.0162329
22 0.6952367 0.6409709 0.0265602 0.0162329
14 0.7628444 0.6409709 0.0265601 0.0162329
3 0.8304520 0.6409709 0.0265601 0.0162329
12 0.4248062 0.6994092 0.0265601 0.0162329
15 0.4924139 0.6994092 0.0265602 0.0162329
2 0.6952367 0.6994092 0.0265602 0.0162329
11 0.7628444 0.6994092 0.0265601 0.0162329
10 0.8304520 0.6994092 0.0265601 0.0162329
1 0.4924139 0.7578475 0.0265602 0.0162329
13 0.5600215 0.7578475 0.0265601 0.0162329
