5 0.6610681 0.5400108 0.0271542 0.0169870
1 0.7993076 0.5400108 0.0271541 0.0169870
32 0.5937999 0.3616469 0.4998838 0.4348682
33 0.5925656 0.1736570 0.4529810 0.0158546
26 0.3845893 0.2342441 0.0271542 0.0169870
4 0.5228287 0.2342441 0.0271542 0.0169870
25 0.6610681 0.2342441 0.0271542 0.0169870
3 0.7993076 0.2342441 0.0271541 0.0169870
9 0.3845893 0.2953974 0.0271542 0.0169870
7 0.4537090 0.2953974 0.0271542 0.0169870
2 0.5228287 0.2953974 0.0271542 0.0169870
27 0.5907141 0.2953974 0.0271542 0.0169870
31 0.7301878 0.2953974 0.0271542 0.0169870
10 0.3845893 0.3565508 0.0271542 0.0169870
14 0.6610681 0.3565508 0.0271542 0.0169870
34 0.7295708 0.3559845 0.0629483 0.0611534
19 0.7301878 0.3565508 0.0271542 0.0169870
19 0.7993076 0.3565508 0.0271541 0.0169870
6 0.3845893 0.4177041 0.0271542 0.0169870
20 0.4537090 0.4177041 0.0271542 0.0169870
23 0.5228287 0.4177041 0.0271542 0.0169870
24 0.5907141 0.4177041 0.0271542 0.0169870
21 0.6610681 0.4177041 0.0271542 0.0169870
15 0.7301878 0.4177041 0.0271542 0.0169870
11 0.7993076 0.4177041 0.0271541 0.0169870
29 0.3845893 0.4788574 0.0271542 0.0169870
30 0.5228287 0.4788574 0.0271542 0.0169870
8 0.6610681 0.4788574 0.0271542 0.0169870
17 0.3845893 0.5400108 0.0271542 0.0169870
16 0.4537090 0.5400108 0.0271542 0.0169870
18 0.5228287 0.5400108 0.0271542 0.0169870
