27 0.3417109 0.6679300 0.0261708 0.0166612
9 0.4095171 0.6679300 0.0261708 0.0166612
32 0.3446848 0.4929867 0.4817810 0.4265285
33 0.3434953 0.3086020 0.4365769 0.0155505
8 0.1430506 0.3680272 0.0261708 0.0166612
23 0.2096672 0.3680272 0.0261708 0.0166612
17 0.3417109 0.3680272 0.0261708 0.0166612
31 0.4095171 0.3680272 0.0261708 0.0166612
29 0.4761338 0.3680272 0.0261708 0.0166612
22 0.5427504 0.3680272 0.0261708 0.0166612
12 0.1430506 0.4280077 0.0261708 0.0166612
6 0.2762838 0.4280077 0.0261708 0.0166612
5 0.3417109 0.4280077 0.0261708 0.0166612
14 0.4095171 0.4280077 0.0261708 0.0166612
16 0.1430506 0.4879883 0.0261708 0.0166613
13 0.2762838 0.4879883 0.0261708 0.0166613
20 0.3417109 0.4879883 0.0261708 0.0166613
11 0.4095171 0.4879883 0.0261708 0.0166613
2 0.4761338 0.4879883 0.0261708 0.0166613
10 0.5427504 0.4879883 0.0261708 0.0166613
34 0.1430506 0.5474135 0.0618583 0.0599806
19 0.1430506 0.5479689 0.0261708 0.0166612
7 0.3417109 0.5479689 0.0261708 0.0166612
21 0.4095171 0.5479689 0.0261708 0.0166612
26 0.4761338 0.5479689 0.0261708 0.0166612
18 0.5427504 0.5479689 0.0261708 0.0166612
15 0.1430506 0.6079495 0.0261708 0.0166613
3 0.3417109 0.6079495 0.0261708 0.0166613
30 0.5427504 0.6079495 0.0261708 0.0166613
19 0.2096672 0.6679300 0.0261708 0.0166612
1 0.2762838 0.6679300 0.0261708 0.0166612
