11 0.6678790 0.5706245 0.0277618 0.0160069
5 0.7385453 0.5706245 0.0277617 0.0160069
32 0.5284393 0.4025523 0.5110686 0.4097761
33 0.5271774 0.2254095 0.4631165 0.0149397
2 0.3145477 0.2825007 0.0277618 0.0160069
22 0.4558802 0.2825007 0.0277618 0.0160069
20 0.5252846 0.2825007 0.0277618 0.0160069
17 0.6678790 0.2825007 0.0277618 0.0160069
25 0.7385453 0.2825007 0.0277617 0.0160069
4 0.3852140 0.3401255 0.0277618 0.0160069
14 0.5252846 0.3401255 0.0277618 0.0160069
16 0.6678790 0.3401255 0.0277618 0.0160069
6 0.7385453 0.3401255 0.0277617 0.0160069
12 0.3145477 0.3977502 0.0277618 0.0160069
1 0.3852140 0.3977502 0.0277618 0.0160069
11 0.4558802 0.3977502 0.0277618 0.0160069
8 0.5252846 0.3977502 0.0277618 0.0160069
21 0.6678790 0.3977502 0.0277618 0.0160069
27 0.3852140 0.4553750 0.0277618 0.0160069
24 0.4558802 0.4553750 0.0277618 0.0160069
18 0.5972128 0.4553750 0.0277618 0.0160069
9 0.6678790 0.4553750 0.0277618 0.0160069
23 0.7385453 0.4553750 0.0277617 0.0160069
3 0.3145477 0.5129997 0.0277618 0.0160069
31 0.3852140 0.5129997 0.0277618 0.0160069
29 0.4558802 0.5129997 0.0277618 0.0160069
13 0.6678790 0.5129997 0.0277618 0.0160069
10 0.7385453 0.5129997 0.0277617 0.0160069
30 0.3145477 0.5706245 0.0277618 0.0160069
26 0.5252846 0.5706245 0.0277618 0.0160069
34 0.6672481 0.5700909 0.0643568 0.0576248
