5 0.5445795 0.7593121 0.0281340 0.0159694
11 0.7606997 0.7593121 0.0281340 0.0159694
32 0.5477765 0.5916329 0.5179214 0.4088179
33 0.5464977 0.4149044 0.4693262 0.0149048
24 0.4026307 0.4718620 0.0281340 0.0159695
18 0.4742445 0.4718620 0.0281340 0.0159695
16 0.5445795 0.4718620 0.0281340 0.0159695
10 0.6174721 0.4718620 0.0281340 0.0159695
21 0.6890859 0.4718620 0.0281340 0.0159695
13 0.7606997 0.4718620 0.0281340 0.0159695
20 0.3310168 0.5293521 0.0281340 0.0159694
9 0.4742445 0.5293521 0.0281340 0.0159694
12 0.6174721 0.5293521 0.0281340 0.0159694
27 0.6890859 0.5293521 0.0281340 0.0159694
23 0.7606997 0.5293521 0.0281340 0.0159694
8 0.3310168 0.5868420 0.0281340 0.0159694
7 0.4026307 0.5868420 0.0281340 0.0159694
19 0.4742445 0.5868420 0.0281340 0.0159694
15 0.5445795 0.5868420 0.0281340 0.0159694
6 0.6174721 0.5868420 0.0281340 0.0159694
29 0.6890859 0.5868420 0.0281340 0.0159694
30 0.3310168 0.6443321 0.0281340 0.0159694
14 0.4026307 0.6443321 0.0281340 0.0159694
22 0.5445795 0.6443321 0.0281340 0.0159694
31 0.6890859 0.6443321 0.0281340 0.0159694
25 0.3310168 0.7018221 0.0281340 0.0159695
34 0.4019912 0.7012897 0.0652197 0.0574900
3 0.4026307 0.7018221 0.0281340 0.0159695
3 0.6890859 0.7018221 0.0281340 0.0159695
1 0.7606997 0.7018221 0.0281340 0.0159695
4 0.3310168 0.7593121 0.0281340 0.0159694
