21 0.3758136 0.7151494 0.0275259 0.0171050
20 0.4458796 0.7151494 0.0275259 0.0171050
32 0.3076244 0.5355465 0.5067273 0.4378890
33 0.3063732 0.3462508 0.4591825 0.0159647
12 0.1656156 0.4072588 0.0275259 0.0171050
18 0.3044964 0.4072588 0.0275259 0.0171050
27 0.4458796 0.4072588 0.0275259 0.0171050
4 0.5159456 0.4072588 0.0275259 0.0171050
23 0.0955496 0.4688369 0.0275259 0.0171050
10 0.2356816 0.4688369 0.0275259 0.0171050
29 0.3758136 0.4688369 0.0275259 0.0171050
15 0.5159456 0.4688369 0.0275259 0.0171050
14 0.0955496 0.5304150 0.0275259 0.0171050
34 0.1649900 0.5298449 0.0638101 0.0615782
31 0.1656156 0.5304150 0.0275259 0.0171050
8 0.2356816 0.5304150 0.0275259 0.0171050
5 0.3044964 0.5304150 0.0275259 0.0171050
1 0.3758136 0.5304150 0.0275259 0.0171050
19 0.5159456 0.5304150 0.0275259 0.0171050
22 0.0955496 0.5919931 0.0275259 0.0171050
31 0.1656156 0.5919931 0.0275259 0.0171050
3 0.2356816 0.5919931 0.0275259 0.0171050
9 0.3758136 0.5919931 0.0275259 0.0171050
30 0.4458796 0.5919931 0.0275259 0.0171050
24 0.0955496 0.6535713 0.0275259 0.0171050
2 0.1656156 0.6535713 0.0275259 0.0171050
11 0.3758136 0.6535713 0.0275259 0.0171050
13 0.4458796 0.6535713 0.0275259 0.0171050
26 0.5159456 0.6535713 0.0275259 0.0171050
16 0.1656156 0.7151494 0.0275259 0.0171050
17 0.2356816 0.7151494 0.0275259 0.0171050
