17 0.6490631 0.7714586 0.0280970 0.0160573
8 0.7205826 0.7714586 0.0280969 0.0160573
32 0.5794592 0.6028566 0.5172394 0.4110678
33 0.5781821 0.4251554 0.4687083 0.0149868
9 0.4345045 0.4824266 0.0280969 0.0160573
4 0.5060240 0.4824266 0.0280970 0.0160573
6 0.6490631 0.4824266 0.0280970 0.0160573
30 0.7205826 0.4824266 0.0280969 0.0160573
16 0.7921021 0.4824266 0.0280970 0.0160573
34 0.3629849 0.5396978 0.0664110 0.0578064
29 0.3629849 0.5402330 0.0280970 0.0160573
31 0.4345045 0.5402330 0.0280969 0.0160573
15 0.5060240 0.5402330 0.0280970 0.0160573
26 0.5762664 0.5402330 0.0280970 0.0160573
19 0.6490631 0.5402330 0.0280970 0.0160573
25 0.7205826 0.5402330 0.0280969 0.0160573
20 0.3629849 0.5980394 0.0280970 0.0160573
29 0.4345045 0.5980394 0.0280969 0.0160573
11 0.5060240 0.5980394 0.0280970 0.0160573
2 0.5762664 0.5980394 0.0280970 0.0160573
27 0.6490631 0.5980394 0.0280970 0.0160573
13 0.7205826 0.5980394 0.0280969 0.0160573
3 0.7921021 0.5980394 0.0280970 0.0160573
22 0.3629849 0.6558458 0.0280970 0.0160573
7 0.5060240 0.6558458 0.0280970 0.0160573
12 0.6490631 0.6558458 0.0280970 0.0160573
24 0.4345045 0.7136522 0.0280969 0.0160573
23 0.5762664 0.7136522 0.0280970 0.0160573
21 0.3629849 0.7714586 0.0280970 0.0160573
10 0.5060240 0.7714586 0.0280970 0.0160573
5 0.5762664 0.7714586 0.0280970 0.0160573
