2 0.5872795 0.5676713 0.0272290 0.0173049
9 0.7271375 0.5676713 0.0272290 0.0173049
32 0.5903737 0.3859701 0.5012611 0.4430048
33 0.5891360 0.1944628 0.4542292 0.0161512
29 0.4498968 0.2561835 0.0272290 0.0173049
10 0.5192070 0.2561835 0.0272290 0.0173049
19 0.5872795 0.2561835 0.0272290 0.0173049
15 0.6578273 0.2561835 0.0272290 0.0173049
8 0.3805866 0.3184810 0.0272290 0.0173048
12 0.4498968 0.3184810 0.0272290 0.0173048
3 0.5192070 0.3184810 0.0272290 0.0173048
20 0.5872795 0.3184810 0.0272290 0.0173048
6 0.7271375 0.3184810 0.0272290 0.0173048
4 0.4498968 0.3807786 0.0272290 0.0173048
17 0.5192070 0.3807786 0.0272290 0.0173048
25 0.5872795 0.3807786 0.0272290 0.0173048
18 0.7271375 0.3807786 0.0272290 0.0173048
14 0.7964478 0.3807786 0.0272290 0.0173048
13 0.3805866 0.4430761 0.0272290 0.0173049
21 0.4498968 0.4430761 0.0272290 0.0173049
22 0.5872795 0.4430761 0.0272290 0.0173049
26 0.6578273 0.4430761 0.0272290 0.0173049
34 0.7265187 0.4424994 0.0631217 0.0622976
8 0.7271375 0.4430761 0.0272290 0.0173049
24 0.3805866 0.5053737 0.0272290 0.0173049
23 0.5192070 0.5053737 0.0272290 0.0173049
1 0.5872795 0.5053737 0.0272290 0.0173049
31 0.6578273 0.5053737 0.0272290 0.0173049
11 0.7271375 0.5053737 0.0272290 0.0173049
27 0.7964478 0.5053737 0.0272290 0.0173049
7 0.3805866 0.5676713 0.0272290 0.0173049
