11 0.5374986 0.6430972 0.0283445 0.0164214
4 0.6817982 0.6430972 0.0283446 0.0164214
32 0.4672813 0.4706727 0.5217978 0.4203873
33 0.4659929 0.2889427 0.4728390 0.0153266
24 0.3931989 0.3475123 0.0283446 0.0164214
9 0.4640603 0.3475123 0.0283446 0.0164214
23 0.5374986 0.3475123 0.0283445 0.0164214
18 0.6096484 0.3475123 0.0283445 0.0164214
13 0.6817982 0.3475123 0.0283446 0.0164214
30 0.2488993 0.4066293 0.0283446 0.0164213
27 0.3931989 0.4066293 0.0283446 0.0164213
14 0.4640603 0.4066293 0.0283446 0.0164213
29 0.5374986 0.4066293 0.0283445 0.0164213
20 0.6096484 0.4066293 0.0283445 0.0164213
21 0.2488993 0.4657462 0.0283446 0.0164214
10 0.3210491 0.4657462 0.0283446 0.0164214
5 0.3931989 0.4657462 0.0283446 0.0164214
34 0.6090041 0.4651989 0.0657079 0.0591170
6 0.6096484 0.4657462 0.0283445 0.0164214
6 0.6817982 0.4657462 0.0283446 0.0164214
1 0.2488993 0.5248632 0.0283446 0.0164214
19 0.3210491 0.5248632 0.0283446 0.0164214
8 0.4640603 0.5248632 0.0283446 0.0164214
26 0.6096484 0.5248632 0.0283445 0.0164214
16 0.2488993 0.5839802 0.0283446 0.0164214
17 0.4640603 0.5839802 0.0283446 0.0164214
22 0.5374986 0.5839802 0.0283445 0.0164214
7 0.6096484 0.5839802 0.0283445 0.0164214
25 0.3210491 0.6430972 0.0283446 0.0164214
31 0.3931989 0.6430972 0.0283446 0.0164214
12 0.4640603 0.6430972 0.0283446 0.0164214
