7 0.5334927 0.5485989 0.0282116 0.0169828
21 0.6771155 0.5485989 0.0282116 0.0169828
32 0.4636048 0.3702799 0.5193504 0.4347587
33 0.4623225 0.1823374 0.4706212 0.0158506
1 0.2462470 0.2429092 0.0282116 0.0169828
25 0.3180585 0.2429092 0.0282116 0.0169828
10 0.5334927 0.2429092 0.0282116 0.0169828
13 0.6053041 0.2429092 0.0282116 0.0169828
12 0.3898698 0.3040472 0.0282116 0.0169828
16 0.4603989 0.3040472 0.0282117 0.0169828
22 0.5334927 0.3040472 0.0282116 0.0169828
5 0.6771155 0.3040472 0.0282116 0.0169828
27 0.3180585 0.3651851 0.0282116 0.0169828
34 0.3898699 0.3646190 0.0666821 0.0611379
27 0.3898698 0.3651851 0.0282116 0.0169828
20 0.5334927 0.3651851 0.0282116 0.0169828
24 0.6053041 0.3651851 0.0282116 0.0169828
29 0.6771155 0.3651851 0.0282116 0.0169828
30 0.2462470 0.4263231 0.0282116 0.0169828
26 0.3180585 0.4263231 0.0282116 0.0169828
23 0.3898698 0.4263231 0.0282116 0.0169828
2 0.4603989 0.4263231 0.0282117 0.0169828
15 0.6053041 0.4263231 0.0282116 0.0169828
31 0.6771155 0.4263231 0.0282116 0.0169828
4 0.2462470 0.4874610 0.0282116 0.0169828
6 0.4603989 0.4874610 0.0282117 0.0169828
9 0.5334927 0.4874610 0.0282116 0.0169828
18 0.6771155 0.4874610 0.0282116 0.0169828
19 0.3180585 0.5485989 0.0282116 0.0169828
3 0.3898698 0.5485989 0.0282116 0.0169828
11 0.4603989 0.5485989 0.0282117 0.0169828
