20 0.4082372 0.7797272 0.0288050 0.0163563
16 0.6295123 0.7797272 0.0288050 0.0163563
32 0.4115105 0.6079863 0.5302746 0.4187208
33 0.4102012 0.4269768 0.4805205 0.0152659
12 0.1895808 0.4853142 0.0288050 0.0163563
31 0.2629027 0.4853142 0.0288050 0.0163563
15 0.3362246 0.4853142 0.0288051 0.0163563
3 0.4082372 0.4853142 0.0288050 0.0163563
24 0.4828684 0.4853142 0.0288050 0.0163563
19 0.5561903 0.4853142 0.0288050 0.0163563
14 0.1895808 0.5441968 0.0288050 0.0163563
7 0.3362246 0.5441968 0.0288051 0.0163563
9 0.4828684 0.5441968 0.0288050 0.0163563
27 0.6295123 0.5441968 0.0288050 0.0163563
29 0.1895808 0.6030794 0.0288050 0.0163563
25 0.3362246 0.6030794 0.0288051 0.0163563
6 0.4082372 0.6030794 0.0288050 0.0163563
23 0.5561903 0.6030794 0.0288050 0.0163563
4 0.6295123 0.6030794 0.0288050 0.0163563
21 0.1895808 0.6619620 0.0288050 0.0163562
1 0.2629027 0.6619620 0.0288050 0.0163562
11 0.3362246 0.6619620 0.0288051 0.0163562
10 0.4082372 0.6619620 0.0288050 0.0163562
34 0.4822137 0.6614168 0.0693940 0.0588826
29 0.4828684 0.6619620 0.0288050 0.0163562
22 0.5561903 0.6619620 0.0288050 0.0163562
18 0.1895808 0.7208447 0.0288050 0.0163562
8 0.2629027 0.7208447 0.0288050 0.0163562
13 0.3362246 0.7208447 0.0288051 0.0163562
17 0.5561903 0.7208447 0.0288050 0.0163562
26 0.2629027 0.7797272 0.0288050 0.0163563
