21 0.4268513 0.6217173 0.0271298 0.0165327
3 0.4959090 0.6217173 0.0271298 0.0165327
32 0.2905860 0.4481236 0.4994342 0.4232380
33 0.2893528 0.2651613 0.4525737 0.0154306
20 0.0815635 0.3241281 0.0271298 0.0165328
25 0.1506211 0.3241281 0.0271298 0.0165328
13 0.2875031 0.3241281 0.0271298 0.0165328
11 0.3577938 0.3241281 0.0271298 0.0165328
2 0.4268513 0.3241281 0.0271298 0.0165328
9 0.0815635 0.3836459 0.0271298 0.0165328
26 0.2196786 0.3836459 0.0271298 0.0165328
23 0.4268513 0.3836459 0.0271298 0.0165328
1 0.0815635 0.4431638 0.0271298 0.0165327
19 0.1506211 0.4431638 0.0271298 0.0165327
31 0.4268513 0.4431638 0.0271298 0.0165327
17 0.4959090 0.4431638 0.0271298 0.0165327
14 0.0815635 0.5026816 0.0271298 0.0165327
18 0.1506211 0.5026816 0.0271298 0.0165327
6 0.2196786 0.5026816 0.0271298 0.0165327
29 0.2875031 0.5026816 0.0271298 0.0165327
4 0.4268513 0.5026816 0.0271298 0.0165327
16 0.4959090 0.5026816 0.0271298 0.0165327
7 0.0815635 0.5621994 0.0271298 0.0165327
12 0.1506211 0.5621994 0.0271298 0.0165327
10 0.2875031 0.5621994 0.0271298 0.0165327
15 0.3577938 0.5621994 0.0271298 0.0165327
30 0.4268513 0.5621994 0.0271298 0.0165327
5 0.0815635 0.6217173 0.0271298 0.0165327
27 0.1506211 0.6217173 0.0271298 0.0165327
34 0.2875031 0.6211662 0.0641249 0.0595178
11 0.2875031 0.6217173 0.0271298 0.0165327
