4 0.5245648 0.6037575 0.0284926 0.0158975
1 0.5970914 0.6037575 0.0284926 0.0158975
32 0.3814544 0.4368336 0.5245226 0.4069764
33 0.3801592 0.2609011 0.4753080 0.0148377
21 0.1619320 0.3176022 0.0284926 0.0158975
30 0.2344585 0.3176022 0.0284926 0.0158975
11 0.3069851 0.3176022 0.0284925 0.0158975
4 0.3782166 0.3176022 0.0284926 0.0158975
18 0.4520383 0.3176022 0.0284926 0.0158975
29 0.5970914 0.3176022 0.0284926 0.0158975
16 0.1619320 0.3748333 0.0284926 0.0158975
5 0.3069851 0.3748333 0.0284925 0.0158975
20 0.5245648 0.3748333 0.0284926 0.0158975
8 0.1619320 0.4320643 0.0284926 0.0158975
3 0.3069851 0.4320643 0.0284925 0.0158975
10 0.4520383 0.4320643 0.0284926 0.0158975
2 0.5970914 0.4320643 0.0284926 0.0158975
14 0.2344585 0.4892954 0.0284926 0.0158976
7 0.3069851 0.4892954 0.0284925 0.0158976
25 0.5245648 0.4892954 0.0284926 0.0158976
9 0.5970914 0.4892954 0.0284926 0.0158976
15 0.3069851 0.5465265 0.0284925 0.0158975
19 0.3782166 0.5465265 0.0284926 0.0158975
27 0.4520383 0.5465265 0.0284926 0.0158975
26 0.5245648 0.5465265 0.0284926 0.0158975
6 0.5970914 0.5465265 0.0284926 0.0158975
31 0.1619320 0.6037575 0.0284926 0.0158975
24 0.2344585 0.6037575 0.0284926 0.0158975
17 0.3782166 0.6037575 0.0284926 0.0158975
23 0.4520383 0.6037575 0.0284926 0.0158975
34 0.5239172 0.6032276 0.0660510 0.0572310
