18 0.4488743 0.6612139 0.0263613 0.0169883
9 0.5159758 0.6612139 0.0263613 0.0169883
32 0.3164686 0.4828366 0.4852877 0.4349006
33 0.3152704 0.2948328 0.4397545 0.0158557
19 0.1133668 0.3554243 0.0263613 0.0169883
27 0.1804683 0.3554243 0.0263613 0.0169883
14 0.2475698 0.3554243 0.0263613 0.0169883
30 0.3817728 0.3554243 0.0263613 0.0169883
1 0.5159758 0.3554243 0.0263613 0.0169883
7 0.1133668 0.4165823 0.0263613 0.0169883
2 0.2475698 0.4165823 0.0263613 0.0169883
23 0.3817728 0.4165823 0.0263613 0.0169883
12 0.5159758 0.4165823 0.0263613 0.0169883
34 0.1133668 0.4771739 0.0623085 0.0611579
30 0.1133668 0.4777402 0.0263613 0.0169883
17 0.1804683 0.4777402 0.0263613 0.0169883
21 0.3134730 0.4777402 0.0263613 0.0169883
3 0.3817728 0.4777402 0.0263613 0.0169883
29 0.5159758 0.4777402 0.0263613 0.0169883
26 0.1133668 0.5388980 0.0263613 0.0169883
11 0.1804683 0.5388980 0.0263613 0.0169883
16 0.3817728 0.5388980 0.0263613 0.0169883
10 0.4488743 0.5388980 0.0263613 0.0169883
15 0.5159758 0.5388980 0.0263613 0.0169883
24 0.1133668 0.6000559 0.0263613 0.0169883
6 0.1804683 0.6000559 0.0263613 0.0169883
4 0.2475698 0.6000559 0.0263613 0.0169883
5 0.4488743 0.6000559 0.0263613 0.0169883
20 0.1133668 0.6612139 0.0263613 0.0169883
13 0.2475698 0.6612139 0.0263613 0.0169883
22 0.3817728 0.6612139 0.0263613 0.0169883
