25 0.7860826 0.5376826 0.0280481 0.0162773
2 0.8574779 0.5376826 0.0280482 0.0162773
32 0.6452045 0.3667710 0.5163406 0.4166988
33 0.6439296 0.1866356 0.4678938 0.0151921
9 0.4291064 0.2446913 0.0280481 0.0162773
27 0.5005016 0.2446913 0.0280481 0.0162773
12 0.5718969 0.2446913 0.0280481 0.0162773
31 0.6420172 0.2446913 0.0280481 0.0162773
21 0.7860826 0.2446913 0.0280481 0.0162773
20 0.8574779 0.2446913 0.0280482 0.0162773
6 0.4291064 0.3032895 0.0280481 0.0162773
24 0.5005016 0.3032895 0.0280481 0.0162773
30 0.5718969 0.3032895 0.0280481 0.0162773
16 0.6420172 0.3032895 0.0280481 0.0162773
29 0.7860826 0.3032895 0.0280481 0.0162773
7 0.8574779 0.3032895 0.0280482 0.0162773
1 0.4291064 0.3618878 0.0280481 0.0162773
23 0.5005016 0.3618878 0.0280481 0.0162773
19 0.6420172 0.3618878 0.0280481 0.0162773
4 0.5005016 0.4204861 0.0280481 0.0162773
13 0.6420172 0.4204861 0.0280481 0.0162773
3 0.7146873 0.4204861 0.0280481 0.0162773
8 0.7860826 0.4204861 0.0280481 0.0162773
34 0.4291064 0.4785418 0.0662956 0.0585982
23 0.4291064 0.4790844 0.0280481 0.0162773
22 0.5718969 0.4790844 0.0280481 0.0162773
17 0.6420172 0.4790844 0.0280481 0.0162773
10 0.7860826 0.4790844 0.0280481 0.0162773
15 0.4291064 0.5376826 0.0280481 0.0162773
11 0.5005016 0.5376826 0.0280481 0.0162773
14 0.6420172 0.5376826 0.0280481 0.0162773
