6 0.2737064 0.6118415 0.0288408 0.0164461
19 0.4218431 0.6118415 0.0288408 0.0164461
32 0.2769837 0.4391574 0.5309327 0.4210204
33 0.2756728 0.2571538 0.4811168 0.0153497
5 0.0547786 0.3158116 0.0288408 0.0164461
12 0.1281915 0.3158116 0.0288408 0.0164461
34 0.2016044 0.3152634 0.0681691 0.0592060
5 0.2016044 0.3158116 0.0288408 0.0164461
29 0.4218431 0.3158116 0.0288408 0.0164461
1 0.0547786 0.3750176 0.0288408 0.0164461
25 0.1281915 0.3750176 0.0288408 0.0164461
14 0.2016044 0.3750176 0.0288408 0.0164461
13 0.2737064 0.3750176 0.0288408 0.0164461
2 0.3484303 0.3750176 0.0288408 0.0164461
30 0.4218431 0.3750176 0.0288408 0.0164461
7 0.4952560 0.3750176 0.0288408 0.0164461
22 0.1281915 0.4342235 0.0288408 0.0164461
21 0.3484303 0.4342235 0.0288408 0.0164461
8 0.4218431 0.4342235 0.0288408 0.0164461
17 0.4952560 0.4342235 0.0288408 0.0164461
11 0.0547786 0.4934295 0.0288408 0.0164461
16 0.1281915 0.4934295 0.0288408 0.0164461
26 0.2016044 0.4934295 0.0288408 0.0164461
18 0.2737064 0.4934295 0.0288408 0.0164461
3 0.3484303 0.4934295 0.0288408 0.0164461
9 0.4218431 0.4934295 0.0288408 0.0164461
24 0.2016044 0.5526355 0.0288408 0.0164461
10 0.2737064 0.5526355 0.0288408 0.0164461
23 0.4952560 0.5526355 0.0288408 0.0164461
31 0.0547786 0.6118415 0.0288408 0.0164461
20 0.2016044 0.6118415 0.0288408 0.0164461
