23 0.7129753 0.6494141 0.0264832 0.0162868
21 0.8477991 0.6494141 0.0264832 0.0162868
32 0.6473691 0.4784037 0.4875326 0.4169396
33 0.6461652 0.2981642 0.4417887 0.0152009
17 0.5781514 0.3562535 0.0264832 0.0162867
4 0.7803872 0.3562535 0.0264833 0.0162867
14 0.8477991 0.3562535 0.0264832 0.0162867
3 0.4433276 0.4148856 0.0264833 0.0162867
26 0.5107395 0.4148856 0.0264833 0.0162867
16 0.5781514 0.4148856 0.0264832 0.0162867
2 0.7803872 0.4148856 0.0264833 0.0162867
11 0.8477991 0.4148856 0.0264832 0.0162867
12 0.5107395 0.4735177 0.0264833 0.0162867
10 0.5781514 0.4735177 0.0264832 0.0162867
5 0.6443596 0.4735177 0.0264832 0.0162867
34 0.7797853 0.4729748 0.0613931 0.0586321
19 0.7803872 0.4735177 0.0264833 0.0162867
30 0.5107395 0.5321498 0.0264833 0.0162867
9 0.6443596 0.5321498 0.0264832 0.0162867
27 0.7803872 0.5321498 0.0264833 0.0162867
18 0.8477991 0.5321498 0.0264832 0.0162867
29 0.4433276 0.5907819 0.0264833 0.0162867
15 0.5107395 0.5907819 0.0264833 0.0162867
1 0.5781514 0.5907819 0.0264832 0.0162867
25 0.6443596 0.5907819 0.0264832 0.0162867
31 0.7129753 0.5907819 0.0264832 0.0162867
8 0.8477991 0.5907819 0.0264832 0.0162867
6 0.4433276 0.6494141 0.0264833 0.0162868
19 0.5107395 0.6494141 0.0264833 0.0162868
22 0.5781514 0.6494141 0.0264832 0.0162868
13 0.6443596 0.6494141 0.0264832 0.0162868
