27 0.6140516 0.5424808 0.0266451 0.0159002
12 0.6818756 0.5424808 0.0266451 0.0159002
32 0.4802204 0.3755293 0.4905128 0.4070437
33 0.4790092 0.1995677 0.4444894 0.0148401
1 0.3427557 0.2562782 0.0266452 0.0159001
19 0.4105797 0.2562782 0.0266452 0.0159001
5 0.5462276 0.2562782 0.0266452 0.0159001
17 0.6140516 0.2562782 0.0266451 0.0159001
11 0.6818756 0.2562782 0.0266451 0.0159001
14 0.2749317 0.3135187 0.0266451 0.0159002
4 0.3427557 0.3135187 0.0266452 0.0159002
18 0.4105797 0.3135187 0.0266452 0.0159002
6 0.4771925 0.3135187 0.0266452 0.0159002
21 0.5462276 0.3135187 0.0266452 0.0159002
16 0.6140516 0.3135187 0.0266451 0.0159002
3 0.2749317 0.3707592 0.0266451 0.0159001
7 0.3427557 0.3707592 0.0266452 0.0159001
30 0.4771925 0.3707592 0.0266452 0.0159001
22 0.5462276 0.3707592 0.0266452 0.0159001
15 0.6140516 0.3707592 0.0266451 0.0159001
13 0.3427557 0.4279998 0.0266452 0.0159001
25 0.4105797 0.4279998 0.0266452 0.0159001
23 0.4771925 0.4279998 0.0266452 0.0159001
9 0.6140516 0.4279998 0.0266451 0.0159001
8 0.6818756 0.4279998 0.0266451 0.0159001
10 0.5462276 0.4852403 0.0266452 0.0159001
34 0.6818756 0.4847103 0.0629794 0.0572405
16 0.6818756 0.4852403 0.0266451 0.0159001
2 0.2749317 0.5424808 0.0266451 0.0159002
24 0.4771925 0.5424808 0.0266452 0.0159002
20 0.5462276 0.5424808 0.0266452 0.0159002
