34 0.4954360 0.5563286 0.0641925 0.0622608
27 0.4954360 0.5569051 0.0271584 0.0172947
32 0.2898965 0.3753111 0.4999611 0.4427435
33 0.2886620 0.1839168 0.4530511 0.0161417
12 0.1497839 0.2456011 0.0271584 0.0172947
1 0.2189143 0.2456011 0.0271584 0.0172947
27 0.4263056 0.2456011 0.0271584 0.0172947
19 0.4954360 0.2456011 0.0271584 0.0172947
15 0.0806535 0.3078619 0.0271584 0.0172947
18 0.1497839 0.3078619 0.0271584 0.0172947
30 0.2189143 0.3078619 0.0271584 0.0172947
13 0.3571751 0.3078619 0.0271584 0.0172947
21 0.4954360 0.3078619 0.0271584 0.0172947
31 0.0806535 0.3701227 0.0271584 0.0172947
20 0.2189143 0.3701227 0.0271584 0.0172947
16 0.2868103 0.3701227 0.0271584 0.0172947
8 0.4263056 0.3701227 0.0271584 0.0172947
29 0.1497839 0.4323835 0.0271584 0.0172947
2 0.2189143 0.4323835 0.0271584 0.0172947
9 0.3571751 0.4323835 0.0271584 0.0172947
17 0.4263056 0.4323835 0.0271584 0.0172947
25 0.4954360 0.4323835 0.0271584 0.0172947
22 0.0806535 0.4946443 0.0271584 0.0172947
10 0.2189143 0.4946443 0.0271584 0.0172947
24 0.2868103 0.4946443 0.0271584 0.0172947
6 0.3571751 0.4946443 0.0271584 0.0172947
3 0.4263056 0.4946443 0.0271584 0.0172947
7 0.0806535 0.5569051 0.0271584 0.0172947
14 0.2189143 0.5569051 0.0271584 0.0172947
23 0.2868103 0.5569051 0.0271584 0.0172947
5 0.3571751 0.5569051 0.0271584 0.0172947
