21 0.5917245 0.5825949 0.0262762 0.0158826
1 0.6574150 0.5825949 0.0262762 0.0158826
32 0.6604008 0.4158275 0.4837206 0.4065949
33 0.6592065 0.2400599 0.4383345 0.0148237
30 0.5248397 0.2967079 0.0262762 0.0158826
23 0.5917245 0.2967079 0.0262762 0.0158826
14 0.6574150 0.2967079 0.0262762 0.0158826
24 0.7923790 0.2967079 0.0262762 0.0158826
11 0.8592638 0.2967079 0.0262762 0.0158826
7 0.4579549 0.3538853 0.0262762 0.0158826
16 0.5248397 0.3538853 0.0262762 0.0158826
5 0.6574150 0.3538853 0.0262762 0.0158826
6 0.5248397 0.4110627 0.0262762 0.0158826
19 0.5917245 0.4110627 0.0262762 0.0158826
20 0.6574150 0.4110627 0.0262762 0.0158826
12 0.7923790 0.4110627 0.0262762 0.0158826
31 0.4579549 0.4682402 0.0262762 0.0158826
9 0.5917245 0.4682402 0.0262762 0.0158826
13 0.6574150 0.4682402 0.0262762 0.0158826
27 0.7254942 0.4682402 0.0262761 0.0158826
3 0.7923790 0.4682402 0.0262762 0.0158826
26 0.8592638 0.4682402 0.0262762 0.0158826
18 0.5248397 0.5254175 0.0262762 0.0158826
22 0.5917245 0.5254175 0.0262762 0.0158826
34 0.6574150 0.5248881 0.0621073 0.0571774
30 0.6574150 0.5254175 0.0262762 0.0158826
25 0.7254942 0.5254175 0.0262761 0.0158826
4 0.7923790 0.5254175 0.0262762 0.0158826
29 0.8592638 0.5254175 0.0262762 0.0158826
8 0.4579549 0.5825949 0.0262762 0.0158826
10 0.5248397 0.5825949 0.0262762 0.0158826
