13 0.5956630 0.5458966 0.0271942 0.0160013
14 0.6648845 0.5458966 0.0271941 0.0160013
32 0.5282957 0.3778825 0.5006200 0.4096344
33 0.5270596 0.2008009 0.4536482 0.0149346
22 0.4572200 0.2578724 0.0271941 0.0160013
29 0.5252054 0.2578724 0.0271942 0.0160013
27 0.6648845 0.2578724 0.0271941 0.0160013
8 0.3879984 0.3154772 0.0271942 0.0160013
5 0.4572200 0.3154772 0.0271941 0.0160013
16 0.5252054 0.3154772 0.0271942 0.0160013
4 0.5956630 0.3154772 0.0271942 0.0160013
17 0.6648845 0.3154772 0.0271941 0.0160013
23 0.7341061 0.3154772 0.0271941 0.0160013
2 0.3879984 0.3730821 0.0271942 0.0160013
20 0.4572200 0.3730821 0.0271941 0.0160013
12 0.5252054 0.3730821 0.0271942 0.0160013
3 0.5956630 0.3730821 0.0271942 0.0160013
30 0.6648845 0.3730821 0.0271941 0.0160013
25 0.3187769 0.4306870 0.0271942 0.0160013
21 0.3879984 0.4306870 0.0271942 0.0160013
18 0.4572200 0.4306870 0.0271941 0.0160013
15 0.5956630 0.4306870 0.0271942 0.0160013
31 0.7341061 0.4306870 0.0271941 0.0160013
6 0.5252054 0.4882918 0.0271942 0.0160013
34 0.5950450 0.4877584 0.0655132 0.0576048
25 0.5956630 0.4882918 0.0271942 0.0160013
11 0.6648845 0.4882918 0.0271941 0.0160013
7 0.7341061 0.4882918 0.0271941 0.0160013
10 0.3187769 0.5458966 0.0271942 0.0160013
24 0.3879984 0.5458966 0.0271942 0.0160013
26 0.5252054 0.5458966 0.0271942 0.0160013
