15 0.6564489 0.5156666 0.0272444 0.0168971
7 0.7257983 0.5156666 0.0272444 0.0168971
32 0.5196077 0.3382471 0.5015449 0.4325658
33 0.5183693 0.1512525 0.4544864 0.0157706
30 0.3097018 0.2115188 0.0272444 0.0168971
25 0.3790513 0.2115188 0.0272444 0.0168971
4 0.4484007 0.2115188 0.0272444 0.0168971
21 0.5165117 0.2115188 0.0272444 0.0168971
10 0.6564489 0.2115188 0.0272444 0.0168971
29 0.3097018 0.2723484 0.0272444 0.0168971
19 0.3790513 0.2723484 0.0272444 0.0168971
8 0.4484007 0.2723484 0.0272444 0.0168971
1 0.5870995 0.2723484 0.0272444 0.0168971
24 0.6564489 0.2723484 0.0272444 0.0168971
17 0.7257983 0.2723484 0.0272444 0.0168971
20 0.3097018 0.3331779 0.0272444 0.0168971
9 0.7257983 0.3331779 0.0272444 0.0168971
16 0.3097018 0.3940075 0.0272444 0.0168971
13 0.3790513 0.3940075 0.0272444 0.0168971
23 0.4484007 0.3940075 0.0272444 0.0168971
18 0.5870995 0.3940075 0.0272444 0.0168971
26 0.7257983 0.3940075 0.0272444 0.0168971
12 0.3097018 0.4548370 0.0272444 0.0168971
22 0.4484007 0.4548370 0.0272444 0.0168971
34 0.5165117 0.4542738 0.0643959 0.0608295
4 0.5165117 0.4548370 0.0272444 0.0168971
2 0.6564489 0.4548370 0.0272444 0.0168971
6 0.7257983 0.4548370 0.0272444 0.0168971
5 0.3097018 0.5156666 0.0272444 0.0168971
27 0.3790513 0.5156666 0.0272444 0.0168971
14 0.5165117 0.5156666 0.0272444 0.0168971
