25 0.2765697 0.5425188 0.0268993 0.0167436
19 0.4147341 0.5425188 0.0268993 0.0167436
32 0.2796264 0.3667111 0.4951910 0.4286359
33 0.2784037 0.1814154 0.4487286 0.0156273
6 0.1408507 0.2411342 0.0268993 0.0167436
27 0.2093215 0.2411342 0.0268993 0.0167436
8 0.2765697 0.2411342 0.0268993 0.0167436
12 0.3462632 0.2411342 0.0268993 0.0167436
31 0.4147341 0.2411342 0.0268993 0.0167436
10 0.4832050 0.2411342 0.0268993 0.0167436
9 0.2093215 0.3014111 0.0268993 0.0167436
23 0.3462632 0.3014111 0.0268993 0.0167436
34 0.4141227 0.3008530 0.0623574 0.0602769
25 0.4147341 0.3014111 0.0268993 0.0167436
18 0.4832050 0.3014111 0.0268993 0.0167436
5 0.0723798 0.3616880 0.0268993 0.0167436
14 0.1408507 0.3616880 0.0268993 0.0167436
3 0.2765697 0.3616880 0.0268993 0.0167436
11 0.3462632 0.3616880 0.0268993 0.0167436
7 0.4147341 0.3616880 0.0268993 0.0167436
1 0.4832050 0.3616880 0.0268993 0.0167436
29 0.0723798 0.4219649 0.0268993 0.0167436
20 0.2093215 0.4219649 0.0268993 0.0167436
16 0.2765697 0.4219649 0.0268993 0.0167436
13 0.3462632 0.4219649 0.0268993 0.0167436
24 0.4832050 0.4219649 0.0268993 0.0167436
17 0.0723798 0.4822419 0.0268993 0.0167436
2 0.3462632 0.4822419 0.0268993 0.0167436
21 0.4147341 0.4822419 0.0268993 0.0167436
15 0.0723798 0.5425188 0.0268993 0.0167436
30 0.1408507 0.5425188 0.0268993 0.0167436
