20 0.3186971 0.5495184 0.0277332 0.0171219
27 0.6716654 0.5495184 0.0277333 0.0171219
32 0.5323689 0.3697386 0.5105435 0.4383203
33 0.5311084 0.1802563 0.4626407 0.0159804
16 0.3892907 0.2413244 0.0277332 0.0171219
25 0.4598844 0.2413244 0.0277332 0.0171219
34 0.5292175 0.2407537 0.0655513 0.0616388
18 0.5292175 0.2413244 0.0277332 0.0171219
15 0.6010717 0.2413244 0.0277332 0.0171219
4 0.7422591 0.2413244 0.0277332 0.0171219
31 0.3186971 0.3029632 0.0277332 0.0171219
22 0.4598844 0.3029632 0.0277332 0.0171219
1 0.5292175 0.3029632 0.0277332 0.0171219
14 0.6010717 0.3029632 0.0277332 0.0171219
23 0.6716654 0.3029632 0.0277333 0.0171219
10 0.3186971 0.3646020 0.0277332 0.0171219
2 0.3892907 0.3646020 0.0277332 0.0171219
12 0.6010717 0.3646020 0.0277332 0.0171219
5 0.6716654 0.3646020 0.0277333 0.0171219
6 0.7422591 0.3646020 0.0277332 0.0171219
18 0.3892907 0.4262408 0.0277332 0.0171219
29 0.4598844 0.4262408 0.0277332 0.0171219
9 0.5292175 0.4262408 0.0277332 0.0171219
7 0.6010717 0.4262408 0.0277332 0.0171219
8 0.6716654 0.4262408 0.0277333 0.0171219
26 0.7422591 0.4262408 0.0277332 0.0171219
11 0.3186971 0.4878796 0.0277332 0.0171219
30 0.3892907 0.4878796 0.0277332 0.0171219
3 0.5292175 0.4878796 0.0277332 0.0171219
24 0.6010717 0.4878796 0.0277332 0.0171219
21 0.7422591 0.4878796 0.0277332 0.0171219
