31 0.6722025 0.5950740 0.0274390 0.0167156
9 0.8118919 0.5950740 0.0274390 0.0167156
32 0.6042286 0.4195598 0.5051271 0.4279203
33 0.6029814 0.2345735 0.4577326 0.0156013
2 0.3928235 0.2941926 0.0274390 0.0167157
22 0.4626683 0.2941926 0.0274390 0.0167157
7 0.6011105 0.2941926 0.0274390 0.0167157
24 0.6722025 0.2941926 0.0274390 0.0167157
13 0.3928235 0.3543688 0.0274390 0.0167156
21 0.4626683 0.3543688 0.0274390 0.0167156
16 0.5325130 0.3543688 0.0274390 0.0167156
20 0.6011105 0.3543688 0.0274390 0.0167156
17 0.6722025 0.3543688 0.0274390 0.0167156
23 0.7420473 0.3543688 0.0274390 0.0167156
10 0.3928235 0.4145452 0.0274390 0.0167156
6 0.5325130 0.4145452 0.0274390 0.0167156
30 0.6011105 0.4145452 0.0274390 0.0167156
26 0.6722025 0.4145452 0.0274390 0.0167156
14 0.5325130 0.4747214 0.0274390 0.0167156
15 0.6011105 0.4747214 0.0274390 0.0167156
4 0.6722025 0.4747214 0.0274390 0.0167156
19 0.8118919 0.4747214 0.0274390 0.0167156
34 0.3928235 0.5343405 0.0648558 0.0601763
22 0.3928235 0.5348977 0.0274390 0.0167156
27 0.4626683 0.5348977 0.0274390 0.0167156
11 0.5325130 0.5348977 0.0274390 0.0167156
1 0.6722025 0.5348977 0.0274390 0.0167156
25 0.7420473 0.5348977 0.0274390 0.0167156
18 0.8118919 0.5348977 0.0274390 0.0167156
12 0.3928235 0.5950740 0.0274390 0.0167156
3 0.6011105 0.5950740 0.0274390 0.0167156
