8 0.7907362 0.5639388 0.0270867 0.0160374
1 0.8596844 0.5639388 0.0270868 0.0160374
32 0.6546867 0.3955457 0.4986432 0.4105583
33 0.6534555 0.2180648 0.4518569 0.0149683
2 0.5149435 0.2752650 0.0270868 0.0160375
11 0.7217881 0.2752650 0.0270868 0.0160375
9 0.8596844 0.2752650 0.0270868 0.0160375
25 0.4459954 0.3329997 0.0270868 0.0160374
15 0.7217881 0.3329997 0.0270868 0.0160374
31 0.7907362 0.3329997 0.0270867 0.0160374
23 0.8596844 0.3329997 0.0270868 0.0160374
4 0.4459954 0.3907345 0.0270868 0.0160374
17 0.6516087 0.3907345 0.0270868 0.0160374
7 0.7217881 0.3907345 0.0270868 0.0160374
21 0.7907362 0.3907345 0.0270867 0.0160374
3 0.4459954 0.4484692 0.0270868 0.0160375
12 0.5149435 0.4484692 0.0270868 0.0160375
13 0.5838918 0.4484692 0.0270868 0.0160375
29 0.6516087 0.4484692 0.0270868 0.0160375
20 0.7217881 0.4484692 0.0270868 0.0160375
16 0.7907362 0.4484692 0.0270867 0.0160375
6 0.8596844 0.4484692 0.0270868 0.0160375
24 0.5149435 0.5062040 0.0270868 0.0160374
22 0.5838918 0.5062040 0.0270868 0.0160374
30 0.6516087 0.5062040 0.0270868 0.0160374
34 0.7211725 0.5056694 0.0652545 0.0577348
14 0.7217881 0.5062040 0.0270868 0.0160374
5 0.8596844 0.5062040 0.0270868 0.0160374
27 0.4459954 0.5639388 0.0270868 0.0160374
14 0.5149435 0.5639388 0.0270868 0.0160374
26 0.7217881 0.5639388 0.0270868 0.0160374
