12 0.6153786 0.6068375 0.0281222 0.0162050
19 0.6869624 0.6068375 0.0281222 0.0162050
32 0.5457122 0.4366848 0.5177048 0.4148486
33 0.5444339 0.2573492 0.4691300 0.0151247
4 0.4006270 0.3151471 0.0281223 0.0162050
11 0.4722108 0.3151471 0.0281223 0.0162050
8 0.5425165 0.3151471 0.0281222 0.0162050
2 0.6153786 0.3151471 0.0281222 0.0162050
34 0.6863234 0.3146069 0.0651925 0.0583381
15 0.6869624 0.3151471 0.0281222 0.0162050
13 0.7585464 0.3151471 0.0281223 0.0162050
5 0.3290431 0.3734852 0.0281223 0.0162050
7 0.4722108 0.3734852 0.0281223 0.0162050
14 0.7585464 0.3734852 0.0281223 0.0162050
1 0.4006270 0.4318232 0.0281223 0.0162050
6 0.4722108 0.4318232 0.0281223 0.0162050
3 0.5425165 0.4318232 0.0281222 0.0162050
26 0.6153786 0.4318232 0.0281222 0.0162050
25 0.6869624 0.4318232 0.0281222 0.0162050
20 0.7585464 0.4318232 0.0281223 0.0162050
23 0.3290431 0.4901613 0.0281223 0.0162050
15 0.5425165 0.4901613 0.0281222 0.0162050
10 0.6153786 0.4901613 0.0281222 0.0162050
29 0.7585464 0.4901613 0.0281223 0.0162050
21 0.4006270 0.5484994 0.0281223 0.0162050
30 0.4722108 0.5484994 0.0281223 0.0162050
22 0.6869624 0.5484994 0.0281222 0.0162050
24 0.7585464 0.5484994 0.0281223 0.0162050
18 0.3290431 0.6068375 0.0281223 0.0162050
9 0.4006270 0.6068375 0.0281223 0.0162050
16 0.5425165 0.6068375 0.0281222 0.0162050
