12 0.5162037 0.6505518 0.0279757 0.0165901
3 0.5874146 0.6505518 0.0279757 0.0165901
32 0.4469003 0.4763557 0.5150072 0.4247065
33 0.4456287 0.2927587 0.4666855 0.0154841
17 0.2313602 0.3519300 0.0279757 0.0165901
31 0.3025711 0.3519300 0.0279757 0.0165901
22 0.5162037 0.3519300 0.0279757 0.0165901
27 0.5874146 0.3519300 0.0279757 0.0165901
30 0.6586254 0.3519300 0.0279756 0.0165901
18 0.3025711 0.4116543 0.0279757 0.0165901
7 0.4437212 0.4116543 0.0279757 0.0165901
26 0.5162037 0.4116543 0.0279757 0.0165901
13 0.5874146 0.4116543 0.0279757 0.0165901
24 0.6586254 0.4116543 0.0279756 0.0165901
2 0.4437212 0.4713787 0.0279757 0.0165901
29 0.5874146 0.4713787 0.0279757 0.0165901
25 0.6586254 0.4713787 0.0279756 0.0165901
20 0.2313602 0.5311030 0.0279757 0.0165901
14 0.3025711 0.5311030 0.0279757 0.0165901
1 0.3737819 0.5311030 0.0279757 0.0165901
8 0.4437212 0.5311030 0.0279757 0.0165901
10 0.5874146 0.5311030 0.0279757 0.0165901
16 0.6586254 0.5311030 0.0279756 0.0165901
19 0.2313602 0.5908274 0.0279757 0.0165901
15 0.3737819 0.5908274 0.0279757 0.0165901
6 0.6586254 0.5908274 0.0279756 0.0165901
23 0.2313602 0.6505518 0.0279757 0.0165901
34 0.3019353 0.6499987 0.0648528 0.0597244
22 0.3025711 0.6505518 0.0279757 0.0165901
5 0.3737819 0.6505518 0.0279757 0.0165901
21 0.4437212 0.6505518 0.0279757 0.0165901
