15 0.5907167 0.7304371 0.0272762 0.0160012
26 0.6601469 0.7304371 0.0272762 0.0160012
32 0.4537159 0.5624242 0.5021296 0.4096314
33 0.4524761 0.3853440 0.4550162 0.0149345
29 0.2435654 0.4424150 0.0272762 0.0160012
14 0.3129957 0.4424150 0.0272762 0.0160012
7 0.5212865 0.4424150 0.0272762 0.0160012
6 0.5907167 0.4424150 0.0272762 0.0160012
20 0.4506164 0.5000195 0.0272762 0.0160012
31 0.5907167 0.5000195 0.0272762 0.0160012
5 0.6601469 0.5000195 0.0272762 0.0160012
16 0.2435654 0.5576239 0.0272762 0.0160012
13 0.3129957 0.5576239 0.0272762 0.0160012
34 0.4506164 0.5570905 0.0644710 0.0576044
31 0.4506164 0.5576239 0.0272762 0.0160012
24 0.5212865 0.5576239 0.0272762 0.0160012
18 0.5907167 0.5576239 0.0272762 0.0160012
9 0.2435654 0.6152283 0.0272762 0.0160012
11 0.3129957 0.6152283 0.0272762 0.0160012
25 0.3824259 0.6152283 0.0272762 0.0160012
27 0.4506164 0.6152283 0.0272762 0.0160012
23 0.6601469 0.6152283 0.0272762 0.0160012
4 0.2435654 0.6728327 0.0272762 0.0160012
21 0.3129957 0.6728327 0.0272762 0.0160012
30 0.3824259 0.6728327 0.0272762 0.0160012
1 0.4506164 0.6728327 0.0272762 0.0160012
3 0.5907167 0.6728327 0.0272762 0.0160012
17 0.2435654 0.7304371 0.0272762 0.0160012
2 0.3824259 0.7304371 0.0272762 0.0160012
12 0.4506164 0.7304371 0.0272762 0.0160012
8 0.5212865 0.7304371 0.0272762 0.0160012
