6 0.4665417 0.5003991 0.0270816 0.0158970
18 0.5354766 0.5003991 0.0270816 0.0158970
32 0.3305182 0.3334809 0.4985474 0.4069627
33 0.3292872 0.1575543 0.4517701 0.0148372
7 0.1218669 0.2142535 0.0270816 0.0158970
14 0.3274408 0.2142535 0.0270816 0.0158970
31 0.3976067 0.2142535 0.0270816 0.0158970
23 0.4665417 0.2142535 0.0270816 0.0158970
26 0.5354766 0.2142535 0.0270816 0.0158970
19 0.1218669 0.2714827 0.0270816 0.0158970
12 0.5354766 0.2714827 0.0270816 0.0158970
22 0.1218669 0.3287118 0.0270816 0.0158970
27 0.1908018 0.3287118 0.0270816 0.0158970
5 0.2597368 0.3287118 0.0270816 0.0158970
15 0.3274408 0.3287118 0.0270816 0.0158970
3 0.4665417 0.3287118 0.0270816 0.0158970
13 0.1218669 0.3859409 0.0270816 0.0158969
21 0.1908018 0.3859409 0.0270816 0.0158969
25 0.2597368 0.3859409 0.0270816 0.0158969
24 0.4665417 0.3859409 0.0270816 0.0158969
29 0.5354766 0.3859409 0.0270816 0.0158969
30 0.2597368 0.4431700 0.0270816 0.0158969
9 0.3274408 0.4431700 0.0270816 0.0158969
17 0.3976067 0.4431700 0.0270816 0.0158969
20 0.5354766 0.4431700 0.0270816 0.0158969
10 0.1218669 0.5003991 0.0270816 0.0158970
34 0.1901863 0.4998692 0.0627801 0.0572291
5 0.1908018 0.5003991 0.0270816 0.0158970
2 0.2597368 0.5003991 0.0270816 0.0158970
4 0.3274408 0.5003991 0.0270816 0.0158970
8 0.3976067 0.5003991 0.0270816 0.0158970
