27 0.5864985 0.5441362 0.0264148 0.0170211
26 0.7894121 0.5441362 0.0264147 0.0170211
32 0.5895002 0.3654150 0.4862721 0.4357393
33 0.5882995 0.1770485 0.4406465 0.0158863
24 0.4532240 0.2377570 0.0264148 0.0170211
20 0.5204616 0.2377570 0.0264148 0.0170211
11 0.5864985 0.2377570 0.0264148 0.0170211
5 0.7221744 0.2377570 0.0264148 0.0170211
2 0.3859863 0.2990329 0.0264148 0.0170211
10 0.5204616 0.2990329 0.0264148 0.0170211
13 0.5864985 0.2990329 0.0264148 0.0170211
31 0.6549368 0.2990329 0.0264148 0.0170211
21 0.7221744 0.2990329 0.0264148 0.0170211
14 0.3859863 0.3603087 0.0264148 0.0170211
3 0.4532240 0.3603087 0.0264148 0.0170211
4 0.5204616 0.3603087 0.0264148 0.0170211
25 0.7221744 0.3603087 0.0264148 0.0170211
22 0.7894121 0.3603087 0.0264147 0.0170211
19 0.4532240 0.4215845 0.0264148 0.0170211
9 0.5864985 0.4215845 0.0264148 0.0170211
1 0.7221744 0.4215845 0.0264148 0.0170211
6 0.7894121 0.4215845 0.0264147 0.0170211
18 0.4532240 0.4828604 0.0264148 0.0170211
12 0.5204616 0.4828604 0.0264148 0.0170211
29 0.5864985 0.4828604 0.0264148 0.0170211
30 0.6549368 0.4828604 0.0264148 0.0170211
23 0.7221744 0.4828604 0.0264148 0.0170211
7 0.3859863 0.5441362 0.0264148 0.0170211
17 0.4532240 0.5441362 0.0264148 0.0170211
34 0.5204615 0.5435688 0.0624349 0.0612758
16 0.5204616 0.5441362 0.0264148 0.0170211
