18 0.6977689 0.7082138 0.0265952 0.0173642
16 0.7654659 0.7082138 0.0265953 0.0173642
32 0.6318851 0.5258900 0.4895947 0.4445229
33 0.6306763 0.3337264 0.4436575 0.0162066
17 0.4269807 0.3956586 0.0265953 0.0173642
10 0.4946777 0.3956586 0.0265953 0.0173642
14 0.5623748 0.3956586 0.0265953 0.0173642
34 0.6971645 0.3950798 0.0640704 0.0625111
22 0.6977689 0.3956586 0.0265952 0.0173642
20 0.7654659 0.3956586 0.0265953 0.0173642
27 0.4269807 0.4581697 0.0265953 0.0173642
22 0.4946777 0.4581697 0.0265953 0.0173642
8 0.5623748 0.4581697 0.0265953 0.0173642
29 0.6288630 0.4581697 0.0265952 0.0173642
1 0.8331630 0.4581697 0.0265952 0.0173642
21 0.4269807 0.5206807 0.0265953 0.0173642
24 0.4946777 0.5206807 0.0265953 0.0173642
13 0.6288630 0.5206807 0.0265952 0.0173642
3 0.6977689 0.5206807 0.0265952 0.0173642
19 0.8331630 0.5206807 0.0265952 0.0173642
12 0.4946777 0.5831917 0.0265953 0.0173642
15 0.6977689 0.5831917 0.0265952 0.0173642
30 0.7654659 0.5831917 0.0265953 0.0173642
9 0.8331630 0.5831917 0.0265952 0.0173642
6 0.4269807 0.6457027 0.0265953 0.0173642
26 0.4946777 0.6457027 0.0265953 0.0173642
11 0.6288630 0.6457027 0.0265952 0.0173642
7 0.6977689 0.6457027 0.0265952 0.0173642
23 0.4269807 0.7082138 0.0265953 0.0173642
5 0.4946777 0.7082138 0.0265953 0.0173642
2 0.6288630 0.7082138 0.0265952 0.0173642
