16 0.2814233 0.5796038 0.0274743 0.0169817
1 0.3526068 0.5796038 0.0274744 0.0169817
32 0.2845454 0.4012959 0.5057776 0.4347316
33 0.2832966 0.2133651 0.4583220 0.0158496
3 0.1428028 0.2739332 0.0274743 0.0169817
23 0.2127375 0.2739332 0.0274743 0.0169817
26 0.3526068 0.2739332 0.0274744 0.0169817
6 0.4924762 0.2739332 0.0274744 0.0169817
34 0.0728681 0.3345012 0.0649393 0.0611341
10 0.0728681 0.3350673 0.0274743 0.0169817
29 0.2127375 0.3350673 0.0274743 0.0169817
13 0.2814233 0.3350673 0.0274743 0.0169817
30 0.4225415 0.3350673 0.0274743 0.0169817
5 0.4924762 0.3350673 0.0274744 0.0169817
10 0.0728681 0.3962014 0.0274743 0.0169817
17 0.1428028 0.3962014 0.0274743 0.0169817
20 0.2127375 0.3962014 0.0274743 0.0169817
31 0.3526068 0.3962014 0.0274744 0.0169817
8 0.4225415 0.3962014 0.0274743 0.0169817
24 0.0728681 0.4573356 0.0274743 0.0169817
15 0.2127375 0.4573356 0.0274743 0.0169817
14 0.3526068 0.4573356 0.0274744 0.0169817
25 0.4225415 0.4573356 0.0274743 0.0169817
7 0.4924762 0.4573356 0.0274744 0.0169817
4 0.0728681 0.5184697 0.0274743 0.0169817
11 0.3526068 0.5184697 0.0274744 0.0169817
21 0.4225415 0.5184697 0.0274743 0.0169817
19 0.4924762 0.5184697 0.0274744 0.0169817
22 0.0728681 0.5796038 0.0274743 0.0169817
9 0.1428028 0.5796038 0.0274743 0.0169817
2 0.2127375 0.5796038 0.0274743 0.0169817
