26 0.5243903 0.5128311 0.0268300 0.0160069
14 0.5926849 0.5128311 0.0268300 0.0160069
32 0.3896305 0.3447579 0.4939162 0.4097785
33 0.3884109 0.1676141 0.4475735 0.0149398
31 0.1829174 0.2247056 0.0268300 0.0160070
11 0.2512120 0.2247056 0.0268300 0.0160070
18 0.3195066 0.2247056 0.0268300 0.0160070
21 0.4560957 0.2247056 0.0268300 0.0160070
13 0.5243903 0.2247056 0.0268300 0.0160070
5 0.1829174 0.2823307 0.0268300 0.0160070
4 0.2512120 0.2823307 0.0268300 0.0160070
12 0.3195066 0.2823307 0.0268300 0.0160070
16 0.4560957 0.2823307 0.0268300 0.0160070
25 0.5243903 0.2823307 0.0268300 0.0160070
17 0.5926849 0.2823307 0.0268300 0.0160070
29 0.1829174 0.3399558 0.0268300 0.0160070
20 0.2512120 0.3399558 0.0268300 0.0160070
7 0.4560957 0.3399558 0.0268300 0.0160070
6 0.5243903 0.3399558 0.0268300 0.0160070
3 0.1829174 0.3975809 0.0268300 0.0160069
1 0.2512120 0.3975809 0.0268300 0.0160069
23 0.4560957 0.3975809 0.0268300 0.0160069
22 0.5243903 0.3975809 0.0268300 0.0160069
27 0.5926849 0.3975809 0.0268300 0.0160069
15 0.3195066 0.4552060 0.0268300 0.0160070
8 0.3865816 0.4552060 0.0268300 0.0160070
19 0.5243903 0.4552060 0.0268300 0.0160070
34 0.1829174 0.5122975 0.0634164 0.0576251
14 0.1829174 0.5128311 0.0268300 0.0160069
2 0.2512120 0.5128311 0.0268300 0.0160069
30 0.4560957 0.5128311 0.0268300 0.0160069
