20 0.4757172 0.5972049 0.0280904 0.0165783
25 0.6902253 0.5972049 0.0280904 0.0165783
32 0.5491352 0.4231329 0.5171178 0.4244041
33 0.5478584 0.2396665 0.4685980 0.0154731
11 0.3327118 0.2987957 0.0280903 0.0165783
30 0.5459431 0.2987957 0.0280903 0.0165783
3 0.6187226 0.2987957 0.0280904 0.0165783
18 0.6902253 0.2987957 0.0280904 0.0165783
12 0.7617280 0.2987957 0.0280904 0.0165783
21 0.3327118 0.3584776 0.0280903 0.0165783
1 0.4042146 0.3584776 0.0280903 0.0165783
10 0.4757172 0.3584776 0.0280904 0.0165783
22 0.5459431 0.3584776 0.0280903 0.0165783
24 0.6187226 0.3584776 0.0280904 0.0165783
4 0.6902253 0.3584776 0.0280904 0.0165783
14 0.3327118 0.4181594 0.0280903 0.0165783
8 0.4042146 0.4181594 0.0280903 0.0165783
26 0.4757172 0.4181594 0.0280904 0.0165783
2 0.4042146 0.4778412 0.0280903 0.0165783
34 0.4757172 0.4772886 0.0663954 0.0596818
24 0.4757172 0.4778412 0.0280904 0.0165783
7 0.5459431 0.4778412 0.0280903 0.0165783
29 0.6187226 0.4778412 0.0280904 0.0165783
16 0.7617280 0.4778412 0.0280904 0.0165783
9 0.3327118 0.5375231 0.0280903 0.0165782
27 0.4042146 0.5375231 0.0280903 0.0165782
15 0.5459431 0.5375231 0.0280903 0.0165782
5 0.6187226 0.5375231 0.0280904 0.0165782
13 0.7617280 0.5375231 0.0280904 0.0165782
19 0.3327118 0.5972049 0.0280903 0.0165783
31 0.4042146 0.5972049 0.0280903 0.0165783
