16 0.6913133 0.5428435 0.0268934 0.0170226
13 0.7597691 0.5428435 0.0268934 0.0170226
32 0.5562352 0.3641056 0.4950823 0.4357800
33 0.5550128 0.1757215 0.4486302 0.0158878
6 0.3490341 0.2364356 0.0268933 0.0170226
5 0.4174900 0.2364356 0.0268934 0.0170226
19 0.6228574 0.2364356 0.0268933 0.0170226
23 0.6913133 0.2364356 0.0268934 0.0170226
24 0.4174900 0.2977172 0.0268934 0.0170227
3 0.6228574 0.2977172 0.0268933 0.0170227
21 0.6913133 0.2977172 0.0268934 0.0170227
7 0.7597691 0.2977172 0.0268934 0.0170227
14 0.3490341 0.3589988 0.0268933 0.0170226
9 0.4174900 0.3589988 0.0268934 0.0170226
11 0.4859458 0.3589988 0.0268934 0.0170226
34 0.5531792 0.3584314 0.0635661 0.0612815
4 0.5531792 0.3589988 0.0268933 0.0170226
17 0.6913133 0.3589988 0.0268934 0.0170226
30 0.7597691 0.3589988 0.0268934 0.0170226
26 0.3490341 0.4202804 0.0268933 0.0170227
25 0.4859458 0.4202804 0.0268934 0.0170227
2 0.5531792 0.4202804 0.0268933 0.0170227
22 0.6228574 0.4202804 0.0268933 0.0170227
8 0.7597691 0.4202804 0.0268934 0.0170227
15 0.4174900 0.4815619 0.0268934 0.0170226
29 0.4859458 0.4815619 0.0268934 0.0170226
27 0.6228574 0.4815619 0.0268933 0.0170226
1 0.6913133 0.4815619 0.0268934 0.0170226
4 0.3490341 0.5428435 0.0268933 0.0170226
10 0.6228574 0.5428435 0.0268933 0.0170226
