4 0.4626030 0.7880274 0.0279363 0.0159515
6 0.5337137 0.7880274 0.0279363 0.0159515
32 0.3933971 0.6205364 0.5142823 0.4083593
33 0.3921273 0.4440060 0.4660287 0.0148881
22 0.1781605 0.5008999 0.0279363 0.0159515
12 0.2492711 0.5008999 0.0279363 0.0159515
11 0.3902225 0.5008999 0.0279363 0.0159515
1 0.5337137 0.5008999 0.0279363 0.0159515
31 0.1781605 0.5583254 0.0279363 0.0159515
23 0.2492711 0.5583254 0.0279363 0.0159515
27 0.3203817 0.5583254 0.0279363 0.0159515
8 0.3902225 0.5583254 0.0279363 0.0159515
3 0.4626030 0.5583254 0.0279363 0.0159515
17 0.5337137 0.5583254 0.0279363 0.0159515
25 0.6048243 0.5583254 0.0279363 0.0159515
26 0.1781605 0.6157509 0.0279363 0.0159516
29 0.3902225 0.6157509 0.0279363 0.0159516
34 0.5330788 0.6152191 0.0647615 0.0574255
14 0.5337137 0.6157509 0.0279363 0.0159516
19 0.3902225 0.6731764 0.0279363 0.0159516
21 0.5337137 0.6731764 0.0279363 0.0159516
5 0.6048243 0.6731764 0.0279363 0.0159516
7 0.2492711 0.7306019 0.0279363 0.0159516
24 0.3203817 0.7306019 0.0279363 0.0159516
2 0.3902225 0.7306019 0.0279363 0.0159516
20 0.4626030 0.7306019 0.0279363 0.0159516
13 0.5337137 0.7306019 0.0279363 0.0159516
10 0.1781605 0.7880274 0.0279363 0.0159515
16 0.2492711 0.7880274 0.0279363 0.0159515
30 0.3203817 0.7880274 0.0279363 0.0159515
