22 0.6188620 0.5144928 0.0265875 0.0159117
17 0.6865394 0.5144928 0.0265875 0.0159117
32 0.4853200 0.3474201 0.4894524 0.4073390
33 0.4841115 0.1713309 0.4435285 0.0148509
34 0.2804751 0.2275522 0.0628433 0.0572820
2 0.2804751 0.2280825 0.0265875 0.0159117
23 0.4158298 0.2280825 0.0265876 0.0159117
12 0.4822987 0.2280825 0.0265875 0.0159117
4 0.5511846 0.2280825 0.0265875 0.0159117
3 0.6865394 0.2280825 0.0265875 0.0159117
30 0.3481525 0.2853646 0.0265875 0.0159117
14 0.6188620 0.2853646 0.0265875 0.0159117
15 0.6865394 0.2853646 0.0265875 0.0159117
16 0.2804751 0.3426467 0.0265875 0.0159117
1 0.3481525 0.3426467 0.0265875 0.0159117
18 0.4158298 0.3426467 0.0265876 0.0159117
29 0.4822987 0.3426467 0.0265875 0.0159117
21 0.5511846 0.3426467 0.0265875 0.0159117
2 0.6865394 0.3426467 0.0265875 0.0159117
19 0.2804751 0.3999287 0.0265875 0.0159117
13 0.3481525 0.3999287 0.0265875 0.0159117
24 0.5511846 0.3999287 0.0265875 0.0159117
31 0.6188620 0.3999287 0.0265875 0.0159117
8 0.3481525 0.4572107 0.0265875 0.0159117
5 0.4158298 0.4572107 0.0265876 0.0159117
26 0.4822987 0.4572107 0.0265875 0.0159117
20 0.6188620 0.4572107 0.0265875 0.0159117
11 0.2804751 0.5144928 0.0265875 0.0159117
25 0.3481525 0.5144928 0.0265875 0.0159117
10 0.4822987 0.5144928 0.0265875 0.0159117
