31 0.4920652 0.6142889 0.0282189 0.0159731
5 0.5638952 0.6142889 0.0282189 0.0159731
32 0.4221592 0.4465715 0.5194851 0.4089109
33 0.4208765 0.2698027 0.4707433 0.0149082
1 0.2765751 0.3267733 0.0282189 0.0159731
22 0.3484051 0.3267733 0.0282190 0.0159731
8 0.4920652 0.3267733 0.0282189 0.0159731
14 0.6357252 0.3267733 0.0282189 0.0159731
25 0.2047450 0.3842765 0.0282189 0.0159731
21 0.2765751 0.3842765 0.0282189 0.0159731
34 0.3484051 0.3837440 0.0666993 0.0575031
16 0.3484051 0.3842765 0.0282190 0.0159731
19 0.4189524 0.3842765 0.0282189 0.0159731
30 0.4920652 0.3842765 0.0282189 0.0159731
3 0.6357252 0.3842765 0.0282189 0.0159731
10 0.2047450 0.4417795 0.0282189 0.0159731
23 0.5638952 0.4417795 0.0282189 0.0159731
9 0.2047450 0.4992826 0.0282189 0.0159730
27 0.3484051 0.4992826 0.0282190 0.0159730
15 0.4189524 0.4992826 0.0282189 0.0159730
11 0.4920652 0.4992826 0.0282189 0.0159730
16 0.5638952 0.4992826 0.0282189 0.0159730
4 0.6357252 0.4992826 0.0282189 0.0159730
17 0.2047450 0.5567857 0.0282189 0.0159731
7 0.4920652 0.5567857 0.0282189 0.0159731
6 0.6357252 0.5567857 0.0282189 0.0159731
29 0.2047450 0.6142889 0.0282189 0.0159731
24 0.2765751 0.6142889 0.0282189 0.0159731
12 0.3484051 0.6142889 0.0282190 0.0159731
20 0.4189524 0.6142889 0.0282189 0.0159731
