23 0.4198975 0.7076898 0.0267144 0.0159484
21 0.4878978 0.7076898 0.0267144 0.0159484
32 0.2857184 0.5402322 0.4917877 0.4082775
33 0.2845041 0.3637372 0.4456447 0.0148851
1 0.1478964 0.4206196 0.0267144 0.0159484
30 0.2158967 0.4206196 0.0267144 0.0159484
24 0.2826827 0.4206196 0.0267144 0.0159484
9 0.4198975 0.4206196 0.0267144 0.0159484
15 0.4878978 0.4206196 0.0267144 0.0159484
31 0.0798961 0.4780337 0.0267144 0.0159483
17 0.2826827 0.4780337 0.0267144 0.0159483
34 0.4192904 0.4775020 0.0619288 0.0574140
5 0.4198975 0.4780337 0.0267144 0.0159483
22 0.0798961 0.5354477 0.0267144 0.0159483
8 0.1478964 0.5354477 0.0267144 0.0159483
20 0.3518972 0.5354477 0.0267144 0.0159483
13 0.4198975 0.5354477 0.0267144 0.0159483
6 0.4878978 0.5354477 0.0267144 0.0159483
18 0.0798961 0.5928617 0.0267144 0.0159484
2 0.2158967 0.5928617 0.0267144 0.0159484
16 0.3518972 0.5928617 0.0267144 0.0159484
14 0.4878978 0.5928617 0.0267144 0.0159484
26 0.0798961 0.6502757 0.0267144 0.0159484
5 0.1478964 0.6502757 0.0267144 0.0159484
7 0.3518972 0.6502757 0.0267144 0.0159484
11 0.4198975 0.6502757 0.0267144 0.0159484
3 0.0798961 0.7076898 0.0267144 0.0159484
27 0.2158967 0.7076898 0.0267144 0.0159484
25 0.2826827 0.7076898 0.0267144 0.0159484
10 0.3518972 0.7076898 0.0267144 0.0159484
