4 0.5807327 0.7831527 0.0276686 0.0166203
11 0.7228491 0.7831527 0.0276687 0.0166203
32 0.5838769 0.6086387 0.5093550 0.4254816
33 0.5826192 0.4247065 0.4615636 0.0155124
18 0.4411317 0.4839859 0.0276687 0.0166204
9 0.5807327 0.4839859 0.0276686 0.0166204
5 0.7228491 0.4839859 0.0276687 0.0166204
7 0.3707024 0.5438192 0.0276686 0.0166203
25 0.5115611 0.5438192 0.0276686 0.0166203
30 0.5807327 0.5438192 0.0276686 0.0166203
34 0.7222202 0.5432652 0.0641411 0.0598334
5 0.7228491 0.5438192 0.0276687 0.0166203
14 0.7932784 0.5438192 0.0276686 0.0166203
27 0.3707024 0.6036526 0.0276686 0.0166203
3 0.5115611 0.6036526 0.0276686 0.0166203
17 0.7932784 0.6036526 0.0276686 0.0166203
16 0.4411317 0.6634859 0.0276687 0.0166204
26 0.5115611 0.6634859 0.0276686 0.0166204
20 0.5807327 0.6634859 0.0276686 0.0166204
15 0.6524197 0.6634859 0.0276687 0.0166204
10 0.7228491 0.6634859 0.0276687 0.0166204
31 0.7932784 0.6634859 0.0276686 0.0166204
19 0.4411317 0.7233192 0.0276687 0.0166203
13 0.5115611 0.7233192 0.0276686 0.0166203
29 0.5807327 0.7233192 0.0276686 0.0166203
21 0.6524197 0.7233192 0.0276687 0.0166203
22 0.7932784 0.7233192 0.0276686 0.0166203
12 0.3707024 0.7831527 0.0276686 0.0166203
23 0.4411317 0.7831527 0.0276687 0.0166203
2 0.5115611 0.7831527 0.0276686 0.0166203
