1 0.5206421 0.5753832 0.0270486 0.0166710
25 0.6583440 0.5753832 0.0270486 0.0166710
32 0.4536354 0.4003373 0.4979399 0.4267787
33 0.4524059 0.2158444 0.4512196 0.0155596
11 0.3140893 0.2753044 0.0270486 0.0166710
31 0.4505617 0.2753044 0.0270486 0.0166710
23 0.5206421 0.2753044 0.0270486 0.0166710
18 0.5894931 0.2753044 0.0270486 0.0166710
4 0.6583440 0.2753044 0.0270486 0.0166710
6 0.3140893 0.3353202 0.0270486 0.0166711
15 0.3829402 0.3353202 0.0270486 0.0166711
22 0.4505617 0.3353202 0.0270486 0.0166711
29 0.5206421 0.3353202 0.0270486 0.0166711
12 0.5894931 0.3353202 0.0270486 0.0166711
13 0.6583440 0.3353202 0.0270486 0.0166711
10 0.3140893 0.3953360 0.0270486 0.0166710
34 0.3829402 0.3947802 0.0639330 0.0600158
1 0.3829402 0.3953360 0.0270486 0.0166710
27 0.5206421 0.3953360 0.0270486 0.0166710
3 0.6583440 0.3953360 0.0270486 0.0166710
9 0.3140893 0.4553517 0.0270486 0.0166710
17 0.3829402 0.4553517 0.0270486 0.0166710
14 0.5894931 0.4553517 0.0270486 0.0166710
30 0.3829402 0.5153675 0.0270486 0.0166711
19 0.5206421 0.5153675 0.0270486 0.0166711
24 0.5894931 0.5153675 0.0270486 0.0166711
20 0.6583440 0.5153675 0.0270486 0.0166711
21 0.2452383 0.5753832 0.0270486 0.0166710
5 0.3829402 0.5753832 0.0270486 0.0166710
16 0.4505617 0.5753832 0.0270486 0.0166710
