6 0.5050702 0.6188625 0.0262251 0.0166885
5 0.5718251 0.6188625 0.0262252 0.0166885
32 0.3733485 0.4436333 0.4827810 0.4272256
33 0.3721564 0.2589472 0.4374830 0.0155759
8 0.3048055 0.3184695 0.0262251 0.0166885
26 0.3703684 0.3184695 0.0262251 0.0166885
25 0.4383154 0.3184695 0.0262251 0.0166885
16 0.1712958 0.3785481 0.0262251 0.0166885
3 0.2380507 0.3785481 0.0262251 0.0166885
22 0.3703684 0.3785481 0.0262251 0.0166885
34 0.4377193 0.3779918 0.0631787 0.0600786
23 0.4383154 0.3785481 0.0262251 0.0166885
11 0.5050702 0.3785481 0.0262251 0.0166885
31 0.1712958 0.4386267 0.0262251 0.0166885
27 0.2380507 0.4386267 0.0262251 0.0166885
15 0.3048055 0.4386267 0.0262251 0.0166885
1 0.3703684 0.4386267 0.0262251 0.0166885
4 0.5050702 0.4386267 0.0262251 0.0166885
19 0.1712958 0.4987053 0.0262251 0.0166885
9 0.3703684 0.4987053 0.0262251 0.0166885
13 0.4383154 0.4987053 0.0262251 0.0166885
24 0.5050702 0.4987053 0.0262251 0.0166885
14 0.1712958 0.5587839 0.0262251 0.0166885
21 0.2380507 0.5587839 0.0262251 0.0166885
18 0.3048055 0.5587839 0.0262251 0.0166885
20 0.3703684 0.5587839 0.0262251 0.0166885
30 0.5050702 0.5587839 0.0262251 0.0166885
2 0.5718251 0.5587839 0.0262252 0.0166885
10 0.2380507 0.6188625 0.0262251 0.0166885
12 0.4383154 0.6188625 0.0262251 0.0166885
