11 0.6310779 0.5827983 0.0262720 0.0159319
6 0.8328944 0.5827983 0.0262720 0.0159319
32 0.6340633 0.4155137 0.4836433 0.4078556
33 0.6328691 0.2392012 0.4382644 0.0148697
15 0.4316497 0.2960248 0.0262720 0.0159319
27 0.5653979 0.2960248 0.0262720 0.0159319
22 0.6310779 0.2960248 0.0262720 0.0159319
5 0.6991463 0.2960248 0.0262720 0.0159319
19 0.7660204 0.2960248 0.0262720 0.0159319
23 0.8328944 0.2960248 0.0262720 0.0159319
34 0.4316497 0.3528484 0.0620974 0.0573547
10 0.4316497 0.3533795 0.0262720 0.0159319
4 0.5653979 0.3533795 0.0262720 0.0159319
8 0.6991463 0.3533795 0.0262720 0.0159319
21 0.7660204 0.3533795 0.0262720 0.0159319
10 0.4316497 0.4107342 0.0262720 0.0159318
20 0.4985238 0.4107342 0.0262720 0.0159318
26 0.5653979 0.4107342 0.0262720 0.0159318
31 0.6310779 0.4107342 0.0262720 0.0159318
16 0.6991463 0.4107342 0.0262720 0.0159318
3 0.5653979 0.4680889 0.0262720 0.0159319
12 0.6991463 0.4680889 0.0262720 0.0159319
9 0.7660204 0.4680889 0.0262720 0.0159319
30 0.4316497 0.5254436 0.0262720 0.0159319
1 0.5653979 0.5254436 0.0262720 0.0159319
2 0.6310779 0.5254436 0.0262720 0.0159319
7 0.6991463 0.5254436 0.0262720 0.0159319
13 0.8328944 0.5254436 0.0262720 0.0159319
25 0.4316497 0.5827983 0.0262720 0.0159319
24 0.5653979 0.5827983 0.0262720 0.0159319
