14 0.5611872 0.6754637 0.0277716 0.0173484
5 0.6318785 0.6754637 0.0277716 0.0173484
32 0.4216982 0.4933061 0.5112492 0.4441179
33 0.4204359 0.3013176 0.4632802 0.0161918
21 0.2784222 0.3631934 0.0277715 0.0173484
11 0.3491135 0.3631934 0.0277716 0.0173484
16 0.4185424 0.3631934 0.0277715 0.0173484
6 0.4904960 0.3631934 0.0277716 0.0173484
17 0.5611872 0.3631934 0.0277716 0.0173484
1 0.3491135 0.4256474 0.0277716 0.0173484
12 0.4185424 0.4256474 0.0277715 0.0173484
3 0.5611872 0.4256474 0.0277716 0.0173484
34 0.6318785 0.4250692 0.0656419 0.0624541
5 0.6318785 0.4256474 0.0277716 0.0173484
8 0.2784222 0.4881015 0.0277715 0.0173484
13 0.4185424 0.4881015 0.0277715 0.0173484
7 0.5611872 0.4881015 0.0277716 0.0173484
20 0.2077310 0.5505556 0.0277716 0.0173484
19 0.3491135 0.5505556 0.0277716 0.0173484
31 0.4185424 0.5505556 0.0277715 0.0173484
29 0.4904960 0.5505556 0.0277716 0.0173484
30 0.5611872 0.5505556 0.0277716 0.0173484
10 0.6318785 0.5505556 0.0277716 0.0173484
23 0.2077310 0.6130097 0.0277716 0.0173483
18 0.2784222 0.6130097 0.0277715 0.0173483
26 0.5611872 0.6130097 0.0277716 0.0173483
15 0.6318785 0.6130097 0.0277716 0.0173483
9 0.2784222 0.6754637 0.0277715 0.0173484
2 0.3491135 0.6754637 0.0277716 0.0173484
25 0.4185424 0.6754637 0.0277715 0.0173484
