31 0.5913381 0.7345136 0.0280231 0.0167920
29 0.6626697 0.7345136 0.0280231 0.0167920
32 0.4505857 0.5581976 0.5158797 0.4298754
33 0.4493119 0.3723660 0.4674763 0.0156725
3 0.3060120 0.4322575 0.0280231 0.0167920
1 0.4474013 0.4322575 0.0280231 0.0167920
12 0.5200066 0.4322575 0.0280231 0.0167920
26 0.5913381 0.4322575 0.0280231 0.0167920
20 0.2346805 0.4927087 0.0280231 0.0167920
16 0.3060120 0.4927087 0.0280231 0.0167920
11 0.3773435 0.4927087 0.0280231 0.0167920
24 0.5200066 0.4927087 0.0280231 0.0167920
8 0.5913381 0.4927087 0.0280231 0.0167920
27 0.2346805 0.5531600 0.0280231 0.0167921
6 0.3773435 0.5531600 0.0280231 0.0167921
7 0.4474013 0.5531600 0.0280231 0.0167921
4 0.5200066 0.5531600 0.0280231 0.0167921
22 0.6626697 0.5531600 0.0280231 0.0167921
2 0.2346805 0.6136112 0.0280231 0.0167920
10 0.3060120 0.6740624 0.0280231 0.0167920
5 0.3773435 0.6740624 0.0280231 0.0167920
23 0.4474013 0.6740624 0.0280231 0.0167920
13 0.5200066 0.6740624 0.0280231 0.0167920
34 0.5907012 0.6735027 0.0649627 0.0604513
9 0.5913381 0.6740624 0.0280231 0.0167920
30 0.2346805 0.7345136 0.0280231 0.0167920
15 0.3060120 0.7345136 0.0280231 0.0167920
18 0.3773435 0.7345136 0.0280231 0.0167920
9 0.4474013 0.7345136 0.0280231 0.0167920
25 0.5200066 0.7345136 0.0280231 0.0167920
