7 0.7817287 0.6797572 0.0266712 0.0167329
4 0.8496191 0.6797572 0.0266712 0.0167329
32 0.6477662 0.5040618 0.4909938 0.4283623
33 0.6465538 0.3188843 0.4449252 0.0156174
1 0.4422762 0.3785651 0.0266713 0.0167329
8 0.5101666 0.3785651 0.0266713 0.0167329
30 0.5780572 0.3785651 0.0266713 0.0167329
27 0.7817287 0.3785651 0.0266712 0.0167329
13 0.8496191 0.3785651 0.0266712 0.0167329
34 0.5095605 0.4382457 0.0618289 0.0602384
23 0.5101666 0.4388035 0.0266713 0.0167329
22 0.5780572 0.4388035 0.0266713 0.0167329
3 0.6447353 0.4388035 0.0266713 0.0167329
18 0.7138382 0.4388035 0.0266712 0.0167329
2 0.7817287 0.4388035 0.0266712 0.0167329
24 0.6447353 0.4990419 0.0266713 0.0167329
23 0.7817287 0.4990419 0.0266712 0.0167329
10 0.8496191 0.4990419 0.0266712 0.0167329
25 0.5101666 0.5592804 0.0266713 0.0167329
19 0.5780572 0.5592804 0.0266713 0.0167329
21 0.7138382 0.5592804 0.0266712 0.0167329
26 0.8496191 0.5592804 0.0266712 0.0167329
11 0.4422762 0.6195188 0.0266713 0.0167329
9 0.5101666 0.6195188 0.0266713 0.0167329
16 0.5780572 0.6195188 0.0266713 0.0167329
17 0.7817287 0.6195188 0.0266712 0.0167329
12 0.5101666 0.6797572 0.0266713 0.0167329
29 0.5780572 0.6797572 0.0266713 0.0167329
20 0.6447353 0.6797572 0.0266713 0.0167329
6 0.7138382 0.6797572 0.0266712 0.0167329
