25 0.5456622 0.7563884 0.0284393 0.0165732
6 0.6180531 0.7563884 0.0284393 0.0165732
32 0.4752103 0.5823702 0.5235417 0.4242730
33 0.4739175 0.3989605 0.4744193 0.0154683
12 0.2560984 0.4580714 0.0284393 0.0165731
2 0.3284893 0.4580714 0.0284393 0.0165731
13 0.4719785 0.4580714 0.0284393 0.0165731
23 0.6904440 0.4580714 0.0284393 0.0165731
21 0.2560984 0.5177348 0.0284393 0.0165731
7 0.4719785 0.5177348 0.0284393 0.0165731
27 0.5456622 0.5177348 0.0284393 0.0165731
5 0.6180531 0.5177348 0.0284393 0.0165731
31 0.6904440 0.5177348 0.0284393 0.0165731
15 0.2560984 0.5773983 0.0284393 0.0165731
18 0.4008803 0.5773983 0.0284393 0.0165731
17 0.4719785 0.5773983 0.0284393 0.0165731
30 0.6180531 0.5773983 0.0284393 0.0165731
16 0.6904440 0.5773983 0.0284393 0.0165731
8 0.2560984 0.6370616 0.0284393 0.0165731
10 0.3284893 0.6370616 0.0284393 0.0165731
9 0.4719785 0.6370616 0.0284393 0.0165731
11 0.6180531 0.6370616 0.0284393 0.0165731
14 0.3284893 0.6967250 0.0284393 0.0165731
29 0.4008803 0.6967250 0.0284393 0.0165731
26 0.4719785 0.6967250 0.0284393 0.0165731
20 0.5456622 0.6967250 0.0284393 0.0165731
1 0.6180531 0.6967250 0.0284393 0.0165731
4 0.6904440 0.6967250 0.0284393 0.0165731
25 0.3284893 0.7563884 0.0284393 0.0165732
34 0.5450158 0.7558360 0.0685128 0.0596634
