6 0.6372370 0.6598880 0.0286277 0.0159711
5 0.7101077 0.6598880 0.0286278 0.0159711
32 0.4934476 0.4921921 0.5270111 0.4088584
33 0.4921463 0.3154461 0.4775632 0.0149063
30 0.3457543 0.3724094 0.0286278 0.0159710
23 0.4186250 0.3724094 0.0286277 0.0159710
7 0.4901944 0.3724094 0.0286277 0.0159710
12 0.5643664 0.3724094 0.0286278 0.0159710
20 0.6372370 0.3724094 0.0286277 0.0159710
11 0.2728836 0.4299051 0.0286278 0.0159710
4 0.3457543 0.4299051 0.0286278 0.0159710
15 0.4901944 0.4299051 0.0286277 0.0159710
3 0.6372370 0.4299051 0.0286277 0.0159710
27 0.7101077 0.4299051 0.0286278 0.0159710
1 0.2728836 0.4874008 0.0286278 0.0159711
21 0.3457543 0.4874008 0.0286278 0.0159711
26 0.4901944 0.4874008 0.0286277 0.0159711
31 0.2728836 0.5448965 0.0286278 0.0159710
17 0.4186250 0.5448965 0.0286277 0.0159710
19 0.4901944 0.5448965 0.0286277 0.0159710
18 0.5643664 0.5448965 0.0286278 0.0159710
34 0.6365864 0.5443641 0.0663644 0.0574957
22 0.6372370 0.5448965 0.0286277 0.0159710
8 0.2728836 0.6023922 0.0286278 0.0159710
25 0.3457543 0.6023922 0.0286278 0.0159710
24 0.4901944 0.6023922 0.0286277 0.0159710
14 0.5643664 0.6023922 0.0286278 0.0159710
10 0.2728836 0.6598880 0.0286278 0.0159711
9 0.4901944 0.6598880 0.0286277 0.0159711
2 0.5643664 0.6598880 0.0286278 0.0159711
