10 0.5960743 0.5771228 0.0265757 0.0161357
30 0.6637215 0.5771228 0.0265757 0.0161357
32 0.4625919 0.4076976 0.4892341 0.4130747
33 0.4613839 0.2291289 0.4433306 0.0150600
27 0.2578384 0.2866797 0.0265757 0.0161357
1 0.3254856 0.2866797 0.0265757 0.0161357
22 0.3931327 0.2866797 0.0265757 0.0161357
29 0.5284271 0.2866797 0.0265756 0.0161357
34 0.5954703 0.2861418 0.0616073 0.0580886
5 0.5960743 0.2866797 0.0265757 0.0161357
7 0.6637215 0.2866797 0.0265757 0.0161357
13 0.3931327 0.3447683 0.0265757 0.0161357
31 0.4595720 0.3447683 0.0265757 0.0161357
23 0.2578384 0.4028569 0.0265757 0.0161357
25 0.3254856 0.4028569 0.0265757 0.0161357
3 0.3931327 0.4028569 0.0265757 0.0161357
4 0.4595720 0.4028569 0.0265757 0.0161357
11 0.5284271 0.4028569 0.0265756 0.0161357
15 0.6637215 0.4028569 0.0265757 0.0161357
14 0.2578384 0.4609455 0.0265757 0.0161357
8 0.3931327 0.4609455 0.0265757 0.0161357
18 0.5284271 0.4609455 0.0265756 0.0161357
5 0.2578384 0.5190342 0.0265757 0.0161357
12 0.5284271 0.5190342 0.0265756 0.0161357
26 0.5960743 0.5190342 0.0265757 0.0161357
24 0.6637215 0.5190342 0.0265757 0.0161357
20 0.2578384 0.5771228 0.0265757 0.0161357
21 0.3254856 0.5771228 0.0265757 0.0161357
17 0.4595720 0.5771228 0.0265757 0.0161357
9 0.5284271 0.5771228 0.0265756 0.0161357
