26 0.5406264 0.5400637 0.0283696 0.0161125
19 0.6863429 0.5400637 0.0283696 0.0161125
32 0.5438503 0.3708824 0.5222582 0.4124803
33 0.5425608 0.1925706 0.4732561 0.0150384
6 0.3252756 0.2500385 0.0283696 0.0161125
20 0.3974890 0.2500385 0.0283696 0.0161125
18 0.5406264 0.2500385 0.0283696 0.0161125
11 0.6863429 0.2500385 0.0283696 0.0161125
13 0.7585564 0.2500385 0.0283696 0.0161125
22 0.3252756 0.3080436 0.0283696 0.0161125
9 0.4697025 0.3080436 0.0283696 0.0161125
15 0.6863429 0.3080436 0.0283696 0.0161125
16 0.7585564 0.3080436 0.0283696 0.0161125
3 0.3252756 0.3660486 0.0283696 0.0161125
27 0.3974890 0.3660486 0.0283696 0.0161125
8 0.4697025 0.3660486 0.0283696 0.0161125
25 0.5406264 0.3660486 0.0283696 0.0161125
29 0.6141295 0.3660486 0.0283696 0.0161125
30 0.6863429 0.3660486 0.0283696 0.0161125
17 0.7585564 0.3660486 0.0283696 0.0161125
5 0.4697025 0.4240536 0.0283696 0.0161125
31 0.5406264 0.4240536 0.0283696 0.0161125
23 0.6863429 0.4240536 0.0283696 0.0161125
14 0.7585564 0.4240536 0.0283696 0.0161125
34 0.4697025 0.4815216 0.0670554 0.0580050
2 0.4697025 0.4820587 0.0283696 0.0161125
2 0.5406264 0.4820587 0.0283696 0.0161125
24 0.6863429 0.4820587 0.0283696 0.0161125
7 0.7585564 0.4820587 0.0283696 0.0161125
12 0.4697025 0.5400637 0.0283696 0.0161125
