14 0.7911098 0.5514281 0.0273790 0.0165344
12 0.8608018 0.5514281 0.0273790 0.0165344
32 0.6535925 0.3778179 0.5040224 0.4232782
33 0.6523481 0.1948383 0.4567315 0.0154320
23 0.4426498 0.2538106 0.0273790 0.0165343
2 0.5820338 0.2538106 0.0273790 0.0165343
9 0.7214178 0.2538106 0.0273789 0.0165343
4 0.7911098 0.2538106 0.0273790 0.0165343
22 0.4426498 0.3133341 0.0273790 0.0165343
8 0.6504813 0.3133341 0.0273790 0.0165343
17 0.7214178 0.3133341 0.0273789 0.0165343
30 0.7911098 0.3133341 0.0273790 0.0165343
31 0.8608018 0.3133341 0.0273790 0.0165343
5 0.5123418 0.3728576 0.0273790 0.0165344
20 0.7911098 0.3728576 0.0273790 0.0165344
13 0.8608018 0.3728576 0.0273790 0.0165344
21 0.4426498 0.4323811 0.0273790 0.0165343
29 0.5820338 0.4323811 0.0273790 0.0165343
18 0.7214178 0.4323811 0.0273789 0.0165343
10 0.8608018 0.4323811 0.0273790 0.0165343
19 0.5123418 0.4919046 0.0273790 0.0165343
16 0.5820338 0.4919046 0.0273790 0.0165343
1 0.6504813 0.4919046 0.0273790 0.0165343
34 0.7207956 0.4913535 0.0659586 0.0595235
7 0.7214178 0.4919046 0.0273789 0.0165343
3 0.8608018 0.4919046 0.0273790 0.0165343
26 0.4426498 0.5514281 0.0273790 0.0165344
27 0.5820338 0.5514281 0.0273790 0.0165344
24 0.6504813 0.5514281 0.0273790 0.0165344
15 0.7214178 0.5514281 0.0273789 0.0165344
