22 0.6923136 0.5407816 0.0274141 0.0172405
24 0.7620950 0.5407816 0.0274142 0.0172405
32 0.5546200 0.3597573 0.5046690 0.4413545
33 0.5533739 0.1689634 0.4573174 0.0160911
14 0.3434067 0.2304542 0.0274141 0.0172404
9 0.4829694 0.2304542 0.0274141 0.0172404
17 0.6225323 0.2304542 0.0274141 0.0172404
11 0.6923136 0.2304542 0.0274141 0.0172404
4 0.7620950 0.2304542 0.0274142 0.0172404
29 0.5515047 0.2925197 0.0274141 0.0172404
3 0.6923136 0.2925197 0.0274141 0.0172404
10 0.7620950 0.2925197 0.0274142 0.0172404
31 0.4829694 0.3545852 0.0274141 0.0172404
5 0.6225323 0.3545852 0.0274141 0.0172404
18 0.6923136 0.3545852 0.0274141 0.0172404
30 0.7620950 0.3545852 0.0274142 0.0172404
27 0.3434067 0.4166506 0.0274141 0.0172404
13 0.4829694 0.4166506 0.0274141 0.0172404
2 0.6225323 0.4166506 0.0274141 0.0172404
12 0.6923136 0.4166506 0.0274141 0.0172404
23 0.7620950 0.4166506 0.0274142 0.0172404
8 0.3434067 0.4787161 0.0274141 0.0172404
16 0.4131881 0.4787161 0.0274141 0.0172404
1 0.4829694 0.4787161 0.0274141 0.0172404
6 0.5515047 0.4787161 0.0274141 0.0172404
34 0.6219092 0.4781414 0.0660431 0.0620654
12 0.6225323 0.4787161 0.0274141 0.0172404
15 0.3434067 0.5407816 0.0274141 0.0172405
26 0.4829694 0.5407816 0.0274141 0.0172405
7 0.5515047 0.5407816 0.0274141 0.0172405
