20 0.6272100 0.7097289 0.0265688 0.0174190
12 0.7624693 0.7097289 0.0265688 0.0174190
32 0.5613919 0.5268302 0.4891072 0.4459244
33 0.5601842 0.3340608 0.4432156 0.0162577
9 0.3566915 0.3961882 0.0265688 0.0174189
26 0.4243211 0.3961882 0.0265688 0.0174189
29 0.4919508 0.3961882 0.0265688 0.0174189
34 0.6942358 0.3956076 0.0615912 0.0627081
22 0.6948397 0.3961882 0.0265688 0.0174189
30 0.7624693 0.3961882 0.0265688 0.0174189
2 0.3566915 0.4588963 0.0265688 0.0174189
7 0.4243211 0.4588963 0.0265688 0.0174189
13 0.4919508 0.4588963 0.0265688 0.0174189
5 0.5583727 0.4588963 0.0265688 0.0174189
18 0.3566915 0.5216045 0.0265688 0.0174189
22 0.4243211 0.5216045 0.0265688 0.0174189
10 0.5583727 0.5216045 0.0265688 0.0174189
25 0.6272100 0.5216045 0.0265688 0.0174189
15 0.6948397 0.5216045 0.0265688 0.0174189
24 0.7624693 0.5216045 0.0265688 0.0174189
14 0.3566915 0.5843126 0.0265688 0.0174189
8 0.4919508 0.5843126 0.0265688 0.0174189
11 0.7624693 0.5843126 0.0265688 0.0174189
21 0.4243211 0.6470207 0.0265688 0.0174190
4 0.4919508 0.6470207 0.0265688 0.0174190
23 0.6272100 0.6470207 0.0265688 0.0174190
27 0.7624693 0.6470207 0.0265688 0.0174190
17 0.4243211 0.7097289 0.0265688 0.0174190
1 0.4919508 0.7097289 0.0265688 0.0174190
31 0.5583727 0.7097289 0.0265688 0.0174190
