26 0.3411709 0.5987391 0.0270397 0.0159804
2 0.4788273 0.5987391 0.0270396 0.0159804
32 0.2741863 0.4309449 0.4977755 0.4090982
33 0.2729572 0.2540951 0.4510706 0.0149150
14 0.0658581 0.3110919 0.0270397 0.0159804
4 0.1346863 0.3110919 0.0270397 0.0159804
30 0.2035145 0.3110919 0.0270396 0.0159804
24 0.3411709 0.3110919 0.0270397 0.0159804
16 0.0658581 0.3686214 0.0270397 0.0159804
17 0.1346863 0.3686214 0.0270397 0.0159804
3 0.3411709 0.3686214 0.0270397 0.0159804
25 0.4099991 0.3686214 0.0270396 0.0159804
22 0.4788273 0.3686214 0.0270396 0.0159804
5 0.0658581 0.4261508 0.0270397 0.0159804
18 0.1346863 0.4261508 0.0270397 0.0159804
34 0.2035145 0.4256181 0.0639119 0.0575294
12 0.2035145 0.4261508 0.0270396 0.0159804
19 0.2711136 0.4261508 0.0270397 0.0159804
11 0.4099991 0.4261508 0.0270396 0.0159804
1 0.0658581 0.4836802 0.0270397 0.0159804
23 0.1346863 0.4836802 0.0270397 0.0159804
21 0.2035145 0.4836802 0.0270396 0.0159804
8 0.2711136 0.4836802 0.0270397 0.0159804
13 0.4099991 0.4836802 0.0270396 0.0159804
15 0.4788273 0.4836802 0.0270396 0.0159804
7 0.4788273 0.5412096 0.0270396 0.0159804
9 0.0658581 0.5987391 0.0270397 0.0159804
10 0.1346863 0.5987391 0.0270397 0.0159804
31 0.2035145 0.5987391 0.0270396 0.0159804
29 0.2711136 0.5987391 0.0270397 0.0159804
