8 0.4881024 0.5635408 0.0266418 0.0161027
3 0.5559180 0.5635408 0.0266418 0.0161027
32 0.4221033 0.3944622 0.4904521 0.4122296
33 0.4208923 0.2162588 0.4444344 0.0150292
16 0.2168401 0.2736919 0.0266418 0.0161027
29 0.2846556 0.2736919 0.0266418 0.0161027
15 0.4190759 0.2736919 0.0266418 0.0161027
7 0.6237336 0.2736919 0.0266418 0.0161027
34 0.2840501 0.3311249 0.0617606 0.0579698
21 0.2846556 0.3316616 0.0266418 0.0161027
4 0.4190759 0.3316616 0.0266418 0.0161027
13 0.4881024 0.3316616 0.0266418 0.0161027
5 0.5559180 0.3316616 0.0266418 0.0161027
6 0.6237336 0.3316616 0.0266418 0.0161027
14 0.2168401 0.3896314 0.0266418 0.0161027
30 0.2846556 0.3896314 0.0266418 0.0161027
27 0.4881024 0.3896314 0.0266418 0.0161027
11 0.5559180 0.3896314 0.0266418 0.0161027
22 0.6237336 0.3896314 0.0266418 0.0161027
18 0.2168401 0.4476012 0.0266418 0.0161028
12 0.5559180 0.4476012 0.0266418 0.0161028
20 0.6237336 0.4476012 0.0266418 0.0161028
10 0.3524712 0.5055710 0.0266418 0.0161027
9 0.4190759 0.5055710 0.0266418 0.0161027
23 0.5559180 0.5055710 0.0266418 0.0161027
24 0.6237336 0.5055710 0.0266418 0.0161027
26 0.2168401 0.5635408 0.0266418 0.0161027
1 0.2846556 0.5635408 0.0266418 0.0161027
17 0.3524712 0.5635408 0.0266418 0.0161027
19 0.4190759 0.5635408 0.0266418 0.0161027
