4 0.7099989 0.5375257 0.0264273 0.0159343
2 0.8445381 0.5375257 0.0264273 0.0159343
32 0.6445312 0.3702149 0.4865032 0.4079195
33 0.6433299 0.1938747 0.4408560 0.0148721
10 0.4409206 0.2507072 0.0264273 0.0159343
24 0.5081902 0.2507072 0.0264273 0.0159343
21 0.5754597 0.2507072 0.0264273 0.0159343
16 0.7772685 0.2507072 0.0264273 0.0159343
31 0.4409206 0.3080709 0.0264273 0.0159343
22 0.5081902 0.3080709 0.0264273 0.0159343
29 0.5754597 0.3080709 0.0264273 0.0159343
34 0.7093983 0.3075398 0.0636658 0.0573637
2 0.7099989 0.3080709 0.0264273 0.0159343
25 0.7772685 0.3080709 0.0264273 0.0159343
19 0.4409206 0.3654346 0.0264273 0.0159343
13 0.5081902 0.3654346 0.0264273 0.0159343
23 0.5754597 0.3654346 0.0264273 0.0159343
6 0.6415281 0.3654346 0.0264273 0.0159343
26 0.7099989 0.3654346 0.0264273 0.0159343
15 0.5081902 0.4227983 0.0264273 0.0159343
18 0.6415281 0.4227983 0.0264273 0.0159343
12 0.7099989 0.4227983 0.0264273 0.0159343
1 0.7772685 0.4227983 0.0264273 0.0159343
7 0.4409206 0.4801620 0.0264273 0.0159343
11 0.5081902 0.4801620 0.0264273 0.0159343
17 0.6415281 0.4801620 0.0264273 0.0159343
27 0.7099989 0.4801620 0.0264273 0.0159343
9 0.7772685 0.4801620 0.0264273 0.0159343
14 0.5081902 0.5375257 0.0264273 0.0159343
3 0.5754597 0.5375257 0.0264273 0.0159343
