17 0.5728603 0.7024763 0.0273830 0.0163012
10 0.7832113 0.7024763 0.0273830 0.0163012
32 0.5759720 0.5313131 0.5040955 0.4173122
33 0.5747273 0.3509125 0.4567977 0.0152145
30 0.3649987 0.4090537 0.0273830 0.0163012
19 0.6438071 0.4090537 0.0273830 0.0163012
14 0.7135091 0.4090537 0.0273830 0.0163012
24 0.7832113 0.4090537 0.0273830 0.0163012
1 0.3649987 0.4677382 0.0273830 0.0163012
12 0.4347008 0.4677382 0.0273830 0.0163012
9 0.5044028 0.4677382 0.0273830 0.0163012
6 0.5728603 0.4677382 0.0273830 0.0163012
20 0.6438071 0.4677382 0.0273830 0.0163012
21 0.7832113 0.4677382 0.0273830 0.0163012
5 0.3649987 0.5264227 0.0273830 0.0163013
22 0.4347008 0.5264227 0.0273830 0.0163013
2 0.5044028 0.5264227 0.0273830 0.0163013
18 0.5728603 0.5264227 0.0273830 0.0163013
17 0.7135091 0.5264227 0.0273830 0.0163013
8 0.7832113 0.5264227 0.0273830 0.0163013
27 0.5044028 0.5851073 0.0273830 0.0163012
11 0.5728603 0.5851073 0.0273830 0.0163012
7 0.6438071 0.5851073 0.0273830 0.0163012
25 0.7135091 0.5851073 0.0273830 0.0163012
29 0.3649987 0.6437918 0.0273830 0.0163013
3 0.5044028 0.6437918 0.0273830 0.0163013
31 0.5728603 0.6437918 0.0273830 0.0163013
26 0.7832113 0.6437918 0.0273830 0.0163013
15 0.5044028 0.7024763 0.0273830 0.0163012
34 0.5728603 0.7019329 0.0647234 0.0586845
