5 0.3816698 0.6428620 0.0284343 0.0166584
7 0.4540480 0.6428620 0.0284343 0.0166584
32 0.3112302 0.4679487 0.5234500 0.4264550
33 0.3099377 0.2835958 0.4743362 0.0155479
31 0.0921567 0.3430108 0.0284343 0.0166584
25 0.1645350 0.3430108 0.0284343 0.0166584
27 0.2369133 0.3430108 0.0284343 0.0166584
9 0.3079990 0.3430108 0.0284343 0.0166584
18 0.5264263 0.3430108 0.0284343 0.0166584
6 0.0921567 0.4029810 0.0284343 0.0166584
21 0.2369133 0.4029810 0.0284343 0.0166584
24 0.3079990 0.4029810 0.0284343 0.0166584
26 0.3816698 0.4029810 0.0284343 0.0166584
17 0.4540480 0.4029810 0.0284343 0.0166584
2 0.0921567 0.4629513 0.0284343 0.0166584
29 0.1645350 0.4629513 0.0284343 0.0166584
11 0.3816698 0.4629513 0.0284343 0.0166584
15 0.4540480 0.4629513 0.0284343 0.0166584
14 0.0921567 0.5229215 0.0284343 0.0166584
1 0.1645350 0.5229215 0.0284343 0.0166584
8 0.2369133 0.5229215 0.0284343 0.0166584
34 0.3810236 0.5223662 0.0685009 0.0599702
6 0.3816698 0.5229215 0.0284343 0.0166584
13 0.5264263 0.5229215 0.0284343 0.0166584
16 0.1645350 0.5828917 0.0284343 0.0166585
12 0.2369133 0.5828917 0.0284343 0.0166585
19 0.3816698 0.5828917 0.0284343 0.0166585
4 0.5264263 0.5828917 0.0284343 0.0166585
22 0.1645350 0.6428620 0.0284343 0.0166584
10 0.2369133 0.6428620 0.0284343 0.0166584
