3 0.5020278 0.4885207 0.0268479 0.0165863
4 0.2286674 0.5482314 0.0268479 0.0165863
32 0.2988380 0.3740754 0.4942454 0.4246088
33 0.2976177 0.1905206 0.4478717 0.0154806
16 0.0919872 0.2496783 0.0268479 0.0165863
1 0.2957871 0.2496783 0.0268479 0.0165863
25 0.4336877 0.2496783 0.0268479 0.0165863
31 0.5020278 0.2496783 0.0268479 0.0165863
34 0.0919872 0.3088361 0.0634587 0.0597106
28 0.0919872 0.3093889 0.0268479 0.0165863
5 0.1603273 0.3093889 0.0268479 0.0165863
19 0.3653476 0.3093889 0.0268479 0.0165863
22 0.4336877 0.3093889 0.0268479 0.0165863
13 0.5020278 0.3093889 0.0268479 0.0165863
23 0.0919872 0.3690996 0.0268479 0.0165863
26 0.1603273 0.3690996 0.0268479 0.0165863
17 0.2286674 0.3690996 0.0268479 0.0165863
8 0.2957871 0.3690996 0.0268479 0.0165863
18 0.3653476 0.3690996 0.0268479 0.0165863
12 0.4336877 0.3690996 0.0268479 0.0165863
6 0.0919872 0.4288102 0.0268479 0.0165862
30 0.1603273 0.4288102 0.0268479 0.0165862
10 0.3653476 0.4288102 0.0268479 0.0165862
2 0.4336877 0.4288102 0.0268479 0.0165862
27 0.5020278 0.4288102 0.0268479 0.0165862
15 0.0919872 0.4885207 0.0268479 0.0165863
14 0.2286674 0.4885207 0.0268479 0.0165863
21 0.2957871 0.4885207 0.0268479 0.0165863
20 0.3653476 0.4885207 0.0268479 0.0165863
11 0.4336877 0.4885207 0.0268479 0.0165863
