2 0.3187472 0.6582789 0.0265538 0.0164061
8 0.3875456 0.6582789 0.0265538 0.0164061
32 0.3217647 0.4860146 0.4888309 0.4199968
33 0.3205577 0.3044535 0.4429653 0.0153124
27 0.1171799 0.3629687 0.0265538 0.0164061
14 0.2523627 0.3629687 0.0265538 0.0164061
29 0.4551371 0.3629687 0.0265538 0.0164061
31 0.1171799 0.4220308 0.0265538 0.0164061
11 0.2523627 0.4220308 0.0265538 0.0164061
21 0.3187472 0.4220308 0.0265538 0.0164061
3 0.4551371 0.4220308 0.0265538 0.0164061
25 0.5227285 0.4220308 0.0265538 0.0164061
26 0.1171799 0.4810928 0.0265538 0.0164061
24 0.1847713 0.4810928 0.0265538 0.0164061
12 0.2523627 0.4810928 0.0265538 0.0164061
34 0.3187472 0.4805460 0.0627635 0.0590620
17 0.3187472 0.4810928 0.0265538 0.0164061
17 0.3875456 0.4810928 0.0265538 0.0164061
20 0.4551371 0.4810928 0.0265538 0.0164061
13 0.5227285 0.4810928 0.0265538 0.0164061
1 0.1847713 0.5401549 0.0265538 0.0164062
10 0.2523627 0.5401549 0.0265538 0.0164062
30 0.3187472 0.5401549 0.0265538 0.0164062
6 0.4551371 0.5401549 0.0265538 0.0164062
7 0.5227285 0.5401549 0.0265538 0.0164062
23 0.1847713 0.5992169 0.0265538 0.0164061
5 0.3875456 0.5992169 0.0265538 0.0164061
19 0.4551371 0.5992169 0.0265538 0.0164061
15 0.1847713 0.6582789 0.0265538 0.0164061
22 0.2523627 0.6582789 0.0265538 0.0164061
