17 0.6015950 0.6794923 0.0288721 0.0164575
23 0.6763998 0.6794923 0.0288720 0.0164575
32 0.6048759 0.5066888 0.5315077 0.4213113
33 0.6035635 0.3245595 0.4816379 0.0153603
27 0.3824301 0.3832578 0.0288720 0.0164575
19 0.4559225 0.3832578 0.0288720 0.0164575
22 0.5294149 0.3832578 0.0288720 0.0164575
16 0.6015950 0.3832578 0.0288721 0.0164575
8 0.6763998 0.3832578 0.0288720 0.0164575
13 0.7498923 0.3832578 0.0288720 0.0164575
11 0.3824301 0.4425047 0.0288720 0.0164575
4 0.6015950 0.4425047 0.0288721 0.0164575
10 0.6763998 0.4425047 0.0288720 0.0164575
9 0.8233847 0.4425047 0.0288720 0.0164575
24 0.5294149 0.5017516 0.0288720 0.0164575
12 0.6763998 0.5017516 0.0288720 0.0164575
6 0.7498923 0.5017516 0.0288720 0.0164575
2 0.8233847 0.5017516 0.0288720 0.0164575
1 0.5294149 0.5609985 0.0288720 0.0164575
14 0.6015950 0.5609985 0.0288721 0.0164575
20 0.6763998 0.5609985 0.0288720 0.0164575
31 0.7498923 0.5609985 0.0288720 0.0164575
15 0.8233847 0.5609985 0.0288720 0.0164575
21 0.4559225 0.6202454 0.0288720 0.0164575
25 0.5294149 0.6202454 0.0288720 0.0164575
3 0.6015950 0.6202454 0.0288721 0.0164575
34 0.7492360 0.6196969 0.0669306 0.0592469
27 0.7498923 0.6202454 0.0288720 0.0164575
29 0.4559225 0.6794923 0.0288720 0.0164575
30 0.5294149 0.6794923 0.0288720 0.0164575
