18 0.5595575 0.6814560 0.0274456 0.0171497
1 0.6992805 0.6814560 0.0274456 0.0171497
32 0.6312904 0.5013848 0.5052485 0.4390305
33 0.6300428 0.3115956 0.4578424 0.0160063
20 0.4198345 0.3727626 0.0274456 0.0171497
9 0.4896960 0.3727626 0.0274456 0.0171497
23 0.5595575 0.3727626 0.0274456 0.0171497
13 0.8390036 0.3727626 0.0274456 0.0171497
19 0.4896960 0.4345013 0.0274456 0.0171497
25 0.5595575 0.4345013 0.0274456 0.0171497
14 0.6281715 0.4345013 0.0274456 0.0171497
22 0.6992805 0.4345013 0.0274456 0.0171497
12 0.7691421 0.4345013 0.0274455 0.0171497
11 0.4896960 0.4962400 0.0274456 0.0171497
10 0.6281715 0.4962400 0.0274456 0.0171497
26 0.8390036 0.4962400 0.0274456 0.0171497
6 0.4198345 0.5579786 0.0274456 0.0171496
8 0.5595575 0.5579786 0.0274456 0.0171496
17 0.6281715 0.5579786 0.0274456 0.0171496
2 0.6992805 0.5579786 0.0274456 0.0171496
31 0.7691421 0.5579786 0.0274455 0.0171496
24 0.4198345 0.6197173 0.0274456 0.0171497
4 0.4896960 0.6197173 0.0274456 0.0171497
21 0.5595575 0.6197173 0.0274456 0.0171497
34 0.6281715 0.6191456 0.0648714 0.0617387
27 0.6281715 0.6197173 0.0274456 0.0171497
3 0.6992805 0.6197173 0.0274456 0.0171497
30 0.7691421 0.6197173 0.0274455 0.0171497
7 0.8390036 0.6197173 0.0274456 0.0171497
15 0.4198345 0.6814560 0.0274456 0.0171497
