9 0.6945022 0.6851265 0.0280383 0.0170377
7 0.7658726 0.6851265 0.0280383 0.0170377
32 0.5536731 0.5062311 0.5161609 0.4361642
33 0.5523986 0.3176809 0.4677309 0.0159018
27 0.3376502 0.3784486 0.0280383 0.0170377
18 0.4803910 0.3784486 0.0280383 0.0170377
34 0.5504869 0.3778807 0.0662725 0.0613356
1 0.5504869 0.3784486 0.0280384 0.0170377
11 0.6231318 0.3784486 0.0280383 0.0170377
2 0.6945022 0.3784486 0.0280383 0.0170377
19 0.7658726 0.3784486 0.0280383 0.0170377
30 0.5504869 0.4397842 0.0280384 0.0170376
21 0.6231318 0.4397842 0.0280383 0.0170376
10 0.7658726 0.4397842 0.0280383 0.0170376
3 0.4090206 0.5011198 0.0280383 0.0170376
16 0.4803910 0.5011198 0.0280383 0.0170376
8 0.5504869 0.5011198 0.0280384 0.0170376
1 0.3376502 0.5624554 0.0280383 0.0170376
13 0.4803910 0.5624554 0.0280383 0.0170376
26 0.6231318 0.5624554 0.0280383 0.0170376
22 0.7658726 0.5624554 0.0280383 0.0170376
31 0.4090206 0.6237910 0.0280383 0.0170377
15 0.4803910 0.6237910 0.0280383 0.0170377
20 0.6231318 0.6237910 0.0280383 0.0170377
6 0.6945022 0.6237910 0.0280383 0.0170377
4 0.7658726 0.6237910 0.0280383 0.0170377
17 0.3376502 0.6851265 0.0280383 0.0170377
23 0.4803910 0.6851265 0.0280383 0.0170377
12 0.5504869 0.6851265 0.0280384 0.0170377
14 0.6231318 0.6851265 0.0280383 0.0170377
