29 0.3347482 0.6039475 0.0271919 0.0162723
13 0.4731797 0.6039475 0.0271919 0.0162723
32 0.2673864 0.4330886 0.5005783 0.4165703
33 0.2661504 0.2530087 0.4536105 0.0151875
8 0.1963166 0.3110465 0.0271919 0.0162723
11 0.4039639 0.3110465 0.0271919 0.0162723
30 0.4731797 0.3110465 0.0271919 0.0162723
3 0.0578851 0.3696267 0.0271919 0.0162723
12 0.1271008 0.3696267 0.0271919 0.0162723
22 0.2642964 0.3696267 0.0271919 0.0162723
1 0.4039639 0.3696267 0.0271919 0.0162723
27 0.4731797 0.3696267 0.0271919 0.0162723
18 0.0578851 0.4282069 0.0271919 0.0162722
23 0.1271008 0.4282069 0.0271919 0.0162722
7 0.1963166 0.4282069 0.0271919 0.0162722
10 0.2642964 0.4282069 0.0271919 0.0162722
19 0.3347482 0.4282069 0.0271919 0.0162722
24 0.0578851 0.4867871 0.0271919 0.0162723
5 0.1963166 0.4867871 0.0271919 0.0162723
9 0.2642964 0.4867871 0.0271919 0.0162723
20 0.4039639 0.4867871 0.0271919 0.0162723
17 0.4731797 0.4867871 0.0271919 0.0162723
25 0.0578851 0.5453673 0.0271919 0.0162723
15 0.1963166 0.5453673 0.0271919 0.0162723
31 0.3347482 0.5453673 0.0271919 0.0162723
14 0.0578851 0.6039475 0.0271919 0.0162723
26 0.1271008 0.6039475 0.0271919 0.0162723
21 0.1963166 0.6039475 0.0271919 0.0162723
34 0.2642964 0.6034051 0.0642718 0.0585803
9 0.2642964 0.6039475 0.0271919 0.0162723
