4 0.6093306 0.5666163 0.0280099 0.0162676
22 0.7519266 0.5666163 0.0280099 0.0162676
32 0.5399424 0.3958059 0.5156370 0.4164521
33 0.5386692 0.2157771 0.4672562 0.0151831
21 0.3954368 0.2737985 0.0280099 0.0162676
16 0.4667347 0.2737985 0.0280099 0.0162676
3 0.6093306 0.2737985 0.0280099 0.0162676
25 0.6806285 0.2737985 0.0280099 0.0162676
14 0.3241388 0.3323621 0.0280099 0.0162677
13 0.3954368 0.3323621 0.0280099 0.0162677
9 0.4667347 0.3323621 0.0280099 0.0162677
20 0.6093306 0.3323621 0.0280099 0.0162677
31 0.6806285 0.3323621 0.0280099 0.0162677
8 0.7519266 0.3323621 0.0280099 0.0162677
26 0.3241388 0.3909256 0.0280099 0.0162676
1 0.3954368 0.3909256 0.0280099 0.0162676
30 0.6093306 0.3909256 0.0280099 0.0162676
27 0.7519266 0.3909256 0.0280099 0.0162676
5 0.3241388 0.4494892 0.0280099 0.0162676
7 0.4667347 0.4494892 0.0280099 0.0162676
17 0.6806285 0.4494892 0.0280099 0.0162676
11 0.7519266 0.4494892 0.0280099 0.0162676
10 0.3241388 0.5080528 0.0280099 0.0162676
15 0.4667347 0.5080528 0.0280099 0.0162676
34 0.5367595 0.5075105 0.0662053 0.0585636
26 0.5367595 0.5080528 0.0280099 0.0162676
24 0.6806285 0.5080528 0.0280099 0.0162676
23 0.7519266 0.5080528 0.0280099 0.0162676
6 0.4667347 0.5666163 0.0280099 0.0162676
19 0.5367595 0.5666163 0.0280099 0.0162676
