25 0.6485918 0.6621117 0.0264159 0.0163643
4 0.7158324 0.6621117 0.0264159 0.0163643
32 0.5159118 0.4902873 0.4862932 0.4189240
33 0.5147111 0.3091900 0.4406657 0.0152733
16 0.3123891 0.3675557 0.0264159 0.0163642
7 0.3796296 0.3675557 0.0264159 0.0163642
9 0.4468702 0.3675557 0.0264159 0.0163642
20 0.7158324 0.3675557 0.0264159 0.0163642
5 0.3123891 0.4264669 0.0264159 0.0163642
29 0.3796296 0.4264669 0.0264159 0.0163642
12 0.4468702 0.4264669 0.0264159 0.0163642
34 0.5129100 0.4259215 0.0624376 0.0589112
12 0.5129100 0.4264669 0.0264159 0.0163642
1 0.5813512 0.4264669 0.0264159 0.0163642
3 0.6485918 0.4264669 0.0264159 0.0163642
13 0.7158324 0.4264669 0.0264159 0.0163642
8 0.3796296 0.4853781 0.0264159 0.0163642
15 0.5813512 0.4853781 0.0264159 0.0163642
19 0.6485918 0.4853781 0.0264159 0.0163642
2 0.7158324 0.4853781 0.0264159 0.0163642
14 0.3796296 0.5442893 0.0264159 0.0163642
26 0.5129100 0.5442893 0.0264159 0.0163642
18 0.5813512 0.5442893 0.0264159 0.0163642
27 0.4468702 0.6032005 0.0264159 0.0163642
30 0.5129100 0.6032005 0.0264159 0.0163642
10 0.6485918 0.6032005 0.0264159 0.0163642
17 0.3796296 0.6621117 0.0264159 0.0163643
24 0.4468702 0.6621117 0.0264159 0.0163643
22 0.5129100 0.6621117 0.0264159 0.0163643
21 0.5813512 0.6621117 0.0264159 0.0163643
