17 0.5504454 0.5675325 0.0277353 0.0160432
27 0.6210442 0.5675325 0.0277353 0.0160432
32 0.4817377 0.3990788 0.5105808 0.4107061
33 0.4804769 0.2215340 0.4626744 0.0149737
23 0.3386490 0.2787548 0.0277353 0.0160432
13 0.4092478 0.2787548 0.0277352 0.0160432
29 0.5504454 0.2787548 0.0277353 0.0160432
21 0.6916431 0.2787548 0.0277353 0.0160432
12 0.2680501 0.3365103 0.0277353 0.0160432
10 0.4092478 0.3365103 0.0277352 0.0160432
8 0.5504454 0.3365103 0.0277353 0.0160432
4 0.2680501 0.3942658 0.0277353 0.0160432
31 0.3386490 0.3942658 0.0277353 0.0160432
5 0.4092478 0.3942658 0.0277352 0.0160432
9 0.5504454 0.3942658 0.0277353 0.0160432
30 0.6210442 0.3942658 0.0277353 0.0160432
7 0.2680501 0.4520214 0.0277353 0.0160432
24 0.3386490 0.4520214 0.0277353 0.0160432
20 0.4092478 0.4520214 0.0277352 0.0160432
15 0.4785859 0.4520214 0.0277353 0.0160432
11 0.5504454 0.4520214 0.0277353 0.0160432
6 0.6916431 0.4520214 0.0277353 0.0160432
16 0.2680501 0.5097770 0.0277353 0.0160432
25 0.3386490 0.5097770 0.0277353 0.0160432
34 0.4785859 0.5092422 0.0655560 0.0577556
5 0.4785859 0.5097770 0.0277353 0.0160432
19 0.5504454 0.5097770 0.0277353 0.0160432
22 0.6210442 0.5097770 0.0277353 0.0160432
18 0.2680501 0.5675325 0.0277353 0.0160432
14 0.4092478 0.5675325 0.0277352 0.0160432
