20 0.5380657 0.6668247 0.0285818 0.0167522
1 0.6835735 0.6668247 0.0285818 0.0167522
32 0.4672607 0.4909273 0.5261662 0.4288545
33 0.4659615 0.3055371 0.4767976 0.0156353
27 0.3925581 0.3652864 0.0285819 0.0167521
31 0.4640127 0.3652864 0.0285819 0.0167521
16 0.5380657 0.3652864 0.0285818 0.0167521
7 0.6835735 0.3652864 0.0285818 0.0167521
18 0.2470503 0.4255940 0.0285819 0.0167521
24 0.3198042 0.4255940 0.0285818 0.0167521
5 0.4640127 0.4255940 0.0285819 0.0167521
22 0.5380657 0.4255940 0.0285818 0.0167521
3 0.6108196 0.4255940 0.0285819 0.0167521
17 0.6835735 0.4255940 0.0285818 0.0167521
15 0.2470503 0.4859017 0.0285819 0.0167521
14 0.4640127 0.4859017 0.0285819 0.0167521
4 0.5380657 0.4859017 0.0285818 0.0167521
13 0.6835735 0.4859017 0.0285818 0.0167521
10 0.2470503 0.5462093 0.0285819 0.0167521
6 0.4640127 0.5462093 0.0285819 0.0167521
30 0.5380657 0.5462093 0.0285818 0.0167521
23 0.2470503 0.6065170 0.0285819 0.0167521
19 0.3198042 0.6065170 0.0285818 0.0167521
34 0.5374162 0.6059586 0.0688564 0.0603076
11 0.5380657 0.6065170 0.0285818 0.0167521
9 0.6108196 0.6065170 0.0285819 0.0167521
12 0.6835735 0.6065170 0.0285818 0.0167521
21 0.2470503 0.6668247 0.0285819 0.0167522
2 0.3198042 0.6668247 0.0285818 0.0167522
26 0.4640127 0.6668247 0.0285819 0.0167522
