2 0.3434767 0.6363174 0.0282172 0.0162853
9 0.4858456 0.6363174 0.0282172 0.0162853
32 0.4890521 0.4653216 0.5194542 0.4169042
33 0.4877695 0.2850973 0.4707153 0.0151997
17 0.2716509 0.3431816 0.0282173 0.0162853
16 0.3434767 0.3431816 0.0282172 0.0162853
31 0.4858456 0.3431816 0.0282172 0.0162853
13 0.5589540 0.3431816 0.0282172 0.0162853
34 0.2716509 0.4012659 0.0666954 0.0586271
21 0.2716509 0.4018088 0.0282173 0.0162853
15 0.3434767 0.4018088 0.0282172 0.0162853
26 0.5589540 0.4018088 0.0282172 0.0162853
3 0.6307798 0.4018088 0.0282172 0.0162853
25 0.7026055 0.4018088 0.0282173 0.0162853
21 0.2716509 0.4604360 0.0282173 0.0162853
8 0.4858456 0.4604360 0.0282172 0.0162853
6 0.5589540 0.4604360 0.0282172 0.0162853
30 0.6307798 0.4604360 0.0282172 0.0162853
20 0.2716509 0.5190631 0.0282173 0.0162853
7 0.3434767 0.5190631 0.0282172 0.0162853
14 0.4858456 0.5190631 0.0282172 0.0162853
5 0.5589540 0.5190631 0.0282172 0.0162853
10 0.6307798 0.5190631 0.0282172 0.0162853
4 0.2716509 0.5776903 0.0282173 0.0162853
22 0.4153024 0.5776903 0.0282173 0.0162853
19 0.4858456 0.5776903 0.0282172 0.0162853
18 0.5589540 0.5776903 0.0282172 0.0162853
12 0.6307798 0.5776903 0.0282172 0.0162853
24 0.7026055 0.5776903 0.0282173 0.0162853
