6 0.3624387 0.5538338 0.0261253 0.0161135
3 0.4301268 0.5538338 0.0261253 0.0161135
32 0.3654074 0.3846423 0.4809422 0.4125048
33 0.3642199 0.2063199 0.4358168 0.0150392
4 0.2306249 0.2637913 0.0261253 0.0161135
29 0.2971255 0.2637913 0.0261253 0.0161135
23 0.4301268 0.2637913 0.0261253 0.0161135
24 0.5631281 0.2637913 0.0261253 0.0161135
9 0.2306249 0.3217998 0.0261253 0.0161135
22 0.2971255 0.3217998 0.0261253 0.0161135
1 0.3624387 0.3217998 0.0261253 0.0161135
17 0.5631281 0.3217998 0.0261253 0.0161135
34 0.2300311 0.3792712 0.0605631 0.0580085
20 0.2306249 0.3798083 0.0261253 0.0161135
5 0.2971255 0.3798083 0.0261253 0.0161135
11 0.4301268 0.3798083 0.0261253 0.0161135
10 0.1641242 0.4378168 0.0261253 0.0161135
14 0.2306249 0.4378168 0.0261253 0.0161135
26 0.2971255 0.4378168 0.0261253 0.0161135
20 0.3624387 0.4378168 0.0261253 0.0161135
31 0.4301268 0.4378168 0.0261253 0.0161135
2 0.4966275 0.4378168 0.0261253 0.0161135
13 0.5631281 0.4378168 0.0261253 0.0161135
21 0.1641242 0.4958253 0.0261253 0.0161135
16 0.2971255 0.4958253 0.0261253 0.0161135
25 0.3624387 0.4958253 0.0261253 0.0161135
19 0.4301268 0.4958253 0.0261253 0.0161135
27 0.5631281 0.4958253 0.0261253 0.0161135
18 0.2971255 0.5538338 0.0261253 0.0161135
