31 0.6985612 0.6667734 0.0273147 0.0162220
26 0.7680896 0.6667734 0.0273147 0.0162220
32 0.5613669 0.4964425 0.5028388 0.4152830
33 0.5601254 0.3169191 0.4556589 0.0151405
9 0.3509196 0.3747776 0.0273147 0.0162220
8 0.6290329 0.3747776 0.0273147 0.0162220
17 0.6985612 0.3747776 0.0273147 0.0162220
20 0.7680896 0.3747776 0.0273147 0.0162220
27 0.3509196 0.4331767 0.0273147 0.0162220
34 0.4198271 0.4326360 0.0633205 0.0583992
15 0.4204479 0.4331767 0.0273147 0.0162220
2 0.5582630 0.4331767 0.0273147 0.0162220
13 0.6290329 0.4331767 0.0273147 0.0162220
1 0.6985612 0.4331767 0.0273147 0.0162220
5 0.7680896 0.4331767 0.0273147 0.0162220
18 0.4899762 0.4915759 0.0273147 0.0162220
24 0.5582630 0.4915759 0.0273147 0.0162220
19 0.6985612 0.4915759 0.0273147 0.0162220
12 0.7680896 0.4915759 0.0273147 0.0162220
6 0.4204479 0.5499751 0.0273147 0.0162220
3 0.4899762 0.5499751 0.0273147 0.0162220
11 0.5582630 0.5499751 0.0273147 0.0162220
21 0.3509196 0.6083743 0.0273147 0.0162220
29 0.4204479 0.6083743 0.0273147 0.0162220
15 0.5582630 0.6083743 0.0273147 0.0162220
23 0.6290329 0.6083743 0.0273147 0.0162220
14 0.6985612 0.6083743 0.0273147 0.0162220
22 0.4899762 0.6667734 0.0273147 0.0162220
16 0.6290329 0.6667734 0.0273147 0.0162220
