25 0.3103156 0.6055575 0.0265847 0.0163503
27 0.5145345 0.6055575 0.0265847 0.0163503
32 0.3133366 0.4338795 0.4894003 0.4185675
33 0.3121282 0.2529362 0.4434812 0.0152603
18 0.2438538 0.3112522 0.0265847 0.0163503
16 0.4468643 0.3112522 0.0265847 0.0163503
21 0.5145345 0.3112522 0.0265847 0.0163503
5 0.1761837 0.3701133 0.0265847 0.0163503
14 0.2438538 0.3701133 0.0265847 0.0163503
22 0.3103156 0.3701133 0.0265847 0.0163503
24 0.4468643 0.3701133 0.0265847 0.0163503
13 0.5145345 0.3701133 0.0265847 0.0163503
34 0.1085135 0.4284293 0.0628366 0.0588610
30 0.1085135 0.4289743 0.0265847 0.0163502
26 0.2438538 0.4289743 0.0265847 0.0163502
29 0.3791941 0.4289743 0.0265847 0.0163502
30 0.4468643 0.4289743 0.0265847 0.0163502
20 0.1085135 0.4878354 0.0265847 0.0163503
10 0.2438538 0.4878354 0.0265847 0.0163503
17 0.3103156 0.4878354 0.0265847 0.0163503
11 0.3791941 0.4878354 0.0265847 0.0163503
8 0.4468643 0.4878354 0.0265847 0.0163503
15 0.1085135 0.5466964 0.0265847 0.0163503
31 0.1761837 0.5466964 0.0265847 0.0163503
23 0.3103156 0.5466964 0.0265847 0.0163503
1 0.3791941 0.5466964 0.0265847 0.0163503
12 0.1085135 0.6055575 0.0265847 0.0163503
4 0.1761837 0.6055575 0.0265847 0.0163503
2 0.2438538 0.6055575 0.0265847 0.0163503
