19 0.6221286 0.8043687 0.0278914 0.0172603
5 0.6931250 0.8043687 0.0278915 0.0172603
32 0.4820375 0.6231353 0.5134561 0.4418645
33 0.4807697 0.4321209 0.4652800 0.0161097
22 0.3381430 0.4936828 0.0278915 0.0172603
18 0.4788680 0.4936828 0.0278914 0.0172603
23 0.5511322 0.4936828 0.0278914 0.0172603
29 0.6221286 0.4936828 0.0278914 0.0172603
17 0.6931250 0.4936828 0.0278915 0.0172603
25 0.3381430 0.5558199 0.0278915 0.0172603
24 0.4091394 0.5558199 0.0278915 0.0172603
20 0.6221286 0.5558199 0.0278914 0.0172603
8 0.2671466 0.6179572 0.0278914 0.0172603
12 0.3381430 0.6179572 0.0278915 0.0172603
11 0.4091394 0.6179572 0.0278915 0.0172603
21 0.4788680 0.6179572 0.0278914 0.0172603
14 0.6931250 0.6179572 0.0278915 0.0172603
1 0.3381430 0.6800943 0.0278915 0.0172603
3 0.4091394 0.6800943 0.0278915 0.0172603
4 0.2671466 0.7422315 0.0278914 0.0172603
31 0.4091394 0.7422315 0.0278915 0.0172603
27 0.4788680 0.7422315 0.0278914 0.0172603
26 0.6221286 0.7422315 0.0278914 0.0172603
7 0.6931250 0.7422315 0.0278915 0.0172603
34 0.3375092 0.8037933 0.0646574 0.0621372
31 0.3381430 0.8043687 0.0278915 0.0172603
13 0.4091394 0.8043687 0.0278915 0.0172603
15 0.4788680 0.8043687 0.0278914 0.0172603
9 0.5511322 0.8043687 0.0278914 0.0172603
