12 0.6833357 0.6946420 0.0273255 0.0170492
14 0.7528915 0.6946420 0.0273254 0.0170492
32 0.6156430 0.5156264 0.5030378 0.4364573
33 0.6144009 0.3269495 0.4558392 0.0159125
9 0.4051123 0.3877580 0.0273255 0.0170491
2 0.4746682 0.3877580 0.0273255 0.0170491
23 0.7528915 0.3877580 0.0273254 0.0170491
4 0.8224474 0.3877580 0.0273255 0.0170491
10 0.5442240 0.4491348 0.0273255 0.0170492
26 0.8224474 0.4491348 0.0273255 0.0170492
1 0.4051123 0.5105116 0.0273255 0.0170491
20 0.4746682 0.5105116 0.0273255 0.0170491
30 0.6125378 0.5105116 0.0273255 0.0170491
25 0.4051123 0.5718884 0.0273255 0.0170491
3 0.6125378 0.5718884 0.0273255 0.0170491
31 0.6833357 0.5718884 0.0273255 0.0170491
24 0.7528915 0.5718884 0.0273254 0.0170491
19 0.8224474 0.5718884 0.0273255 0.0170491
29 0.4051123 0.6332652 0.0273255 0.0170491
17 0.4746682 0.6332652 0.0273255 0.0170491
22 0.5442240 0.6332652 0.0273255 0.0170491
18 0.6125378 0.6332652 0.0273255 0.0170491
27 0.6833357 0.6332652 0.0273255 0.0170491
11 0.7528915 0.6332652 0.0273254 0.0170491
6 0.4051123 0.6946420 0.0273255 0.0170492
15 0.4746682 0.6946420 0.0273255 0.0170492
7 0.5442240 0.6946420 0.0273255 0.0170492
34 0.6125378 0.6940737 0.0645876 0.0613768
17 0.6125378 0.6946420 0.0273255 0.0170492
