29 0.3378666 0.7076417 0.0272637 0.0165925
26 0.4766636 0.7076417 0.0272637 0.0165925
32 0.2703270 0.5334203 0.5018999 0.4247683
33 0.2690877 0.3497965 0.4548080 0.0154863
12 0.0602726 0.4089765 0.0272637 0.0165925
5 0.1296711 0.4089765 0.0272637 0.0165925
20 0.3378666 0.4089765 0.0272637 0.0165925
8 0.4766636 0.4089765 0.0272637 0.0165925
1 0.0602726 0.4687096 0.0272637 0.0165925
2 0.1296711 0.4687096 0.0272637 0.0165925
3 0.2672288 0.4687096 0.0272637 0.0165925
24 0.3378666 0.4687096 0.0272637 0.0165925
23 0.4766636 0.4687096 0.0272637 0.0165925
30 0.0602726 0.5284426 0.0272637 0.0165925
25 0.3378666 0.5284426 0.0272637 0.0165925
7 0.4072651 0.5284426 0.0272637 0.0165925
34 0.0602726 0.5876225 0.0644415 0.0597331
18 0.0602726 0.5881757 0.0272637 0.0165925
4 0.1990696 0.5881757 0.0272637 0.0165925
21 0.3378666 0.5881757 0.0272637 0.0165925
15 0.4072651 0.5881757 0.0272637 0.0165925
10 0.4766636 0.5881757 0.0272637 0.0165925
16 0.1296711 0.6479087 0.0272637 0.0165925
13 0.1990696 0.6479087 0.0272637 0.0165925
11 0.2672288 0.6479087 0.0272637 0.0165925
17 0.3378666 0.6479087 0.0272637 0.0165925
14 0.4072651 0.6479087 0.0272637 0.0165925
31 0.4766636 0.6479087 0.0272637 0.0165925
6 0.0602726 0.7076417 0.0272637 0.0165925
