13 0.5370041 0.6480545 0.0272421 0.0168314
31 0.6063474 0.6480545 0.0272420 0.0168314
32 0.4001748 0.4713254 0.5015010 0.4308823
33 0.3989365 0.2850585 0.4544466 0.0157093
11 0.1902873 0.3450903 0.0272420 0.0168314
30 0.2596307 0.3450903 0.0272420 0.0168314
18 0.3289740 0.3450903 0.0272421 0.0168314
6 0.4676608 0.3450903 0.0272420 0.0168314
15 0.5370041 0.3450903 0.0272421 0.0168314
26 0.3289740 0.4056832 0.0272421 0.0168314
12 0.3970791 0.4056832 0.0272421 0.0168314
21 0.4676608 0.4056832 0.0272420 0.0168314
22 0.6063474 0.4056832 0.0272420 0.0168314
8 0.3289740 0.4662760 0.0272421 0.0168314
5 0.4676608 0.4662760 0.0272420 0.0168314
16 0.1902873 0.5268688 0.0272420 0.0168313
2 0.2596307 0.5268688 0.0272420 0.0168313
34 0.4670416 0.5263078 0.0656285 0.0605929
15 0.4676608 0.5268688 0.0272420 0.0168313
17 0.5370041 0.5268688 0.0272421 0.0168313
14 0.6063474 0.5268688 0.0272420 0.0168313
9 0.3289740 0.5874617 0.0272421 0.0168313
10 0.3970791 0.5874617 0.0272421 0.0168313
23 0.5370041 0.5874617 0.0272421 0.0168313
19 0.6063474 0.5874617 0.0272420 0.0168313
27 0.1902873 0.6480545 0.0272420 0.0168314
1 0.2596307 0.6480545 0.0272420 0.0168314
25 0.3289740 0.6480545 0.0272421 0.0168314
24 0.3970791 0.6480545 0.0272421 0.0168314
