13 0.6695385 0.7501575 0.0286525 0.0165287
3 0.7424722 0.7501575 0.0286525 0.0165287
32 0.5256248 0.5766058 0.5274665 0.4231356
33 0.5243224 0.3936878 0.4779758 0.0154268
7 0.4507376 0.4526403 0.0286525 0.0165288
17 0.5223689 0.4526403 0.0286525 0.0165288
14 0.3048703 0.5121438 0.0286525 0.0165287
4 0.3778040 0.5121438 0.0286525 0.0165287
5 0.4507376 0.5121438 0.0286525 0.0165287
34 0.5959537 0.5115928 0.0690265 0.0595034
6 0.5966048 0.5121438 0.0286525 0.0165287
18 0.6695385 0.5121438 0.0286525 0.0165287
15 0.3048703 0.5716472 0.0286525 0.0165287
23 0.3778040 0.5716472 0.0286525 0.0165287
19 0.4507376 0.5716472 0.0286525 0.0165287
16 0.5223689 0.5716472 0.0286525 0.0165287
2 0.5966048 0.5716472 0.0286525 0.0165287
21 0.6695385 0.5716472 0.0286525 0.0165287
8 0.7424722 0.5716472 0.0286525 0.0165287
26 0.3778040 0.6311506 0.0286525 0.0165287
31 0.4507376 0.6311506 0.0286525 0.0165287
11 0.5966048 0.6311506 0.0286525 0.0165287
6 0.3048703 0.6906541 0.0286525 0.0165287
20 0.4507376 0.6906541 0.0286525 0.0165287
10 0.6695385 0.6906541 0.0286525 0.0165287
30 0.7424722 0.6906541 0.0286525 0.0165287
29 0.3778040 0.7501575 0.0286525 0.0165287
24 0.4507376 0.7501575 0.0286525 0.0165287
27 0.5223689 0.7501575 0.0286525 0.0165287
