34 0.6088600 0.5584567 0.0652704 0.0591069
26 0.6088600 0.5590040 0.0276144 0.0164186
32 0.3998692 0.3866088 0.5083561 0.4203159
33 0.3986140 0.2049097 0.4606585 0.0153240
5 0.1871127 0.2634693 0.0276144 0.0164186
26 0.2574039 0.2634693 0.0276144 0.0164186
20 0.3276952 0.2634693 0.0276144 0.0164186
16 0.3967311 0.2634693 0.0276144 0.0164186
3 0.4682776 0.2634693 0.0276144 0.0164186
6 0.5385688 0.2634693 0.0276144 0.0164186
2 0.6088600 0.2634693 0.0276144 0.0164186
22 0.2574039 0.3225762 0.0276144 0.0164186
13 0.3967311 0.3225762 0.0276144 0.0164186
18 0.6088600 0.3225762 0.0276144 0.0164186
19 0.1871127 0.3816831 0.0276144 0.0164186
17 0.3276952 0.3816831 0.0276144 0.0164186
23 0.4682776 0.3816831 0.0276144 0.0164186
7 0.5385688 0.3816831 0.0276144 0.0164186
21 0.6088600 0.3816831 0.0276144 0.0164186
24 0.1871127 0.4407901 0.0276144 0.0164186
31 0.2574039 0.4407901 0.0276144 0.0164186
14 0.3967311 0.4407901 0.0276144 0.0164186
29 0.5385688 0.4407901 0.0276144 0.0164186
27 0.6088600 0.4407901 0.0276144 0.0164186
10 0.3276952 0.4998971 0.0276144 0.0164186
30 0.3967311 0.4998971 0.0276144 0.0164186
9 0.5385688 0.4998971 0.0276144 0.0164186
4 0.2574039 0.5590040 0.0276144 0.0164186
1 0.3967311 0.5590040 0.0276144 0.0164186
