18 0.2011668 0.5808181 0.0263804 0.0174065
15 0.3354671 0.5808181 0.0263804 0.0174065
32 0.2701157 0.3980498 0.4856395 0.4456065
33 0.2689165 0.2054179 0.4400733 0.0162461
11 0.1340167 0.2675010 0.0263804 0.0174065
27 0.2011668 0.2675010 0.0263804 0.0174065
9 0.4026173 0.2675010 0.0263804 0.0174065
34 0.4697675 0.2669208 0.0623537 0.0626634
5 0.4697675 0.2675010 0.0263804 0.0174065
30 0.0668665 0.3301645 0.0263804 0.0174065
10 0.2011668 0.3301645 0.0263804 0.0174065
1 0.2671179 0.3301645 0.0263804 0.0174065
2 0.4026173 0.3301645 0.0263804 0.0174065
26 0.4697675 0.3301645 0.0263804 0.0174065
16 0.1340167 0.3928279 0.0263804 0.0174065
22 0.2671179 0.3928279 0.0263804 0.0174065
21 0.3354671 0.3928279 0.0263804 0.0174065
20 0.4026173 0.3928279 0.0263804 0.0174065
24 0.1340167 0.4554913 0.0263804 0.0174065
8 0.2011668 0.4554913 0.0263804 0.0174065
17 0.3354671 0.4554913 0.0263804 0.0174065
19 0.4026173 0.4554913 0.0263804 0.0174065
29 0.4697675 0.4554913 0.0263804 0.0174065
7 0.2011668 0.5181547 0.0263804 0.0174065
3 0.2671179 0.5181547 0.0263804 0.0174065
25 0.3354671 0.5181547 0.0263804 0.0174065
12 0.4026173 0.5181547 0.0263804 0.0174065
5 0.4697675 0.5181547 0.0263804 0.0174065
6 0.1340167 0.5808181 0.0263804 0.0174065
