9 0.5675791 0.5486995 0.0282261 0.0163437
26 0.6394272 0.5486995 0.0282260 0.0163437
32 0.4258073 0.3770914 0.5196160 0.4183969
33 0.4245243 0.1962220 0.4708620 0.0152540
29 0.4225998 0.2545142 0.0282260 0.0163436
16 0.4957309 0.2545142 0.0282261 0.0163436
21 0.6394272 0.2545142 0.0282260 0.0163436
8 0.2083384 0.3133513 0.0282261 0.0163436
15 0.4225998 0.3133513 0.0282260 0.0163436
6 0.6394272 0.3133513 0.0282260 0.0163436
23 0.2801865 0.3721883 0.0282261 0.0163437
22 0.4225998 0.3721883 0.0282260 0.0163437
20 0.4957309 0.3721883 0.0282261 0.0163437
12 0.5675791 0.3721883 0.0282261 0.0163437
18 0.6394272 0.3721883 0.0282260 0.0163437
14 0.2801865 0.4310254 0.0282261 0.0163436
7 0.3520347 0.4310254 0.0282261 0.0163436
30 0.4225998 0.4310254 0.0282260 0.0163436
11 0.6394272 0.4310254 0.0282260 0.0163436
4 0.2801865 0.4898625 0.0282261 0.0163436
24 0.4225998 0.4898625 0.0282260 0.0163436
34 0.4950894 0.4893177 0.0679992 0.0588370
2 0.4957309 0.4898625 0.0282261 0.0163436
19 0.5675791 0.4898625 0.0282261 0.0163436
31 0.2083384 0.5486995 0.0282261 0.0163437
17 0.2801865 0.5486995 0.0282261 0.0163437
27 0.3520347 0.5486995 0.0282261 0.0163437
5 0.4225998 0.5486995 0.0282260 0.0163437
25 0.4957309 0.5486995 0.0282261 0.0163437
