3 0.6712404 0.5818461 0.0263669 0.0174078
2 0.7383560 0.5818461 0.0263668 0.0174078
32 0.5388070 0.3990638 0.4853894 0.4456408
33 0.5376085 0.2064169 0.4398468 0.0162473
19 0.3356625 0.2685049 0.0263668 0.0174079
31 0.4027781 0.2685049 0.0263668 0.0174079
23 0.4698937 0.2685049 0.0263668 0.0174079
6 0.5358108 0.2685049 0.0263668 0.0174079
16 0.6041248 0.2685049 0.0263669 0.0174079
25 0.4698937 0.3311731 0.0263668 0.0174078
20 0.6041248 0.3311731 0.0263669 0.0174078
9 0.7383560 0.3311731 0.0263668 0.0174078
8 0.3356625 0.3938414 0.0263668 0.0174078
5 0.5358108 0.3938414 0.0263668 0.0174078
11 0.6041248 0.3938414 0.0263669 0.0174078
1 0.3356625 0.4565096 0.0263668 0.0174078
22 0.4027781 0.4565096 0.0263668 0.0174078
24 0.6041248 0.4565096 0.0263669 0.0174078
29 0.6712404 0.4565096 0.0263669 0.0174078
15 0.7383560 0.4565096 0.0263668 0.0174078
13 0.3356625 0.5191779 0.0263668 0.0174079
10 0.4027781 0.5191779 0.0263668 0.0174079
18 0.6041248 0.5191779 0.0263669 0.0174079
30 0.3356625 0.5818461 0.0263668 0.0174078
21 0.4027781 0.5818461 0.0263668 0.0174078
4 0.4698937 0.5818461 0.0263668 0.0174078
17 0.5358108 0.5818461 0.0263668 0.0174078
34 0.6035256 0.5812659 0.0635201 0.0626683
26 0.6041248 0.5818461 0.0263669 0.0174078
