34 0.5450274 0.6711439 0.0681092 0.0588032
16 0.5450274 0.6716884 0.0288155 0.0163342
32 0.3269469 0.5001789 0.5304660 0.4181563
33 0.3256371 0.3194135 0.4806939 0.0152453
8 0.1049371 0.3776722 0.0288154 0.0163342
19 0.3236724 0.3776722 0.0288154 0.0163342
31 0.4716790 0.3776722 0.0288154 0.0163342
26 0.5450274 0.3776722 0.0288155 0.0163342
30 0.1049371 0.4364755 0.0288154 0.0163342
21 0.3236724 0.4364755 0.0288154 0.0163342
15 0.3983306 0.4364755 0.0288154 0.0163342
20 0.4716790 0.4364755 0.0288154 0.0163342
4 0.1049371 0.4952787 0.0288154 0.0163342
24 0.1782855 0.4952787 0.0288154 0.0163342
7 0.2516339 0.4952787 0.0288154 0.0163342
25 0.3983306 0.4952787 0.0288154 0.0163342
1 0.4716790 0.4952787 0.0288154 0.0163342
12 0.5450274 0.4952787 0.0288155 0.0163342
11 0.1782855 0.5540819 0.0288154 0.0163342
16 0.3983306 0.5540819 0.0288154 0.0163342
23 0.4716790 0.5540819 0.0288154 0.0163342
18 0.5450274 0.5540819 0.0288155 0.0163342
5 0.2516339 0.6128851 0.0288154 0.0163342
10 0.3236724 0.6128851 0.0288154 0.0163342
13 0.3983306 0.6128851 0.0288154 0.0163342
2 0.1049371 0.6716884 0.0288154 0.0163342
29 0.2516339 0.6716884 0.0288154 0.0163342
6 0.3983306 0.6716884 0.0288154 0.0163342
14 0.4716790 0.6716884 0.0288154 0.0163342
