25 0.3712000 0.7108278 0.0285760 0.0159793
1 0.5179768 0.7108278 0.0285760 0.0159793
32 0.3744472 0.5430457 0.5260588 0.4090687
33 0.3731483 0.3662087 0.4767002 0.0149140
22 0.1542819 0.4232013 0.0285760 0.0159792
3 0.2270208 0.4232013 0.0285760 0.0159792
23 0.3712000 0.4232013 0.0285760 0.0159792
15 0.4452378 0.4232013 0.0285760 0.0159792
19 0.5179768 0.4232013 0.0285760 0.0159792
12 0.3712000 0.4807266 0.0285760 0.0159792
24 0.4452378 0.4807266 0.0285760 0.0159792
2 0.5907158 0.4807266 0.0285760 0.0159792
10 0.1542819 0.5382519 0.0285760 0.0159793
34 0.2263714 0.5377193 0.0662444 0.0575253
18 0.2270208 0.5382519 0.0285760 0.0159793
16 0.2997598 0.5382519 0.0285760 0.0159793
21 0.3712000 0.5382519 0.0285760 0.0159793
29 0.5179768 0.5382519 0.0285760 0.0159793
13 0.5907158 0.5382519 0.0285760 0.0159793
5 0.1542819 0.5957772 0.0285760 0.0159793
17 0.4452378 0.5957772 0.0285760 0.0159793
7 0.5179768 0.5957772 0.0285760 0.0159793
14 0.2997598 0.6533025 0.0285760 0.0159791
6 0.3712000 0.6533025 0.0285760 0.0159791
27 0.5179768 0.6533025 0.0285760 0.0159791
11 0.5907158 0.6533025 0.0285760 0.0159791
30 0.1542819 0.7108278 0.0285760 0.0159793
20 0.2270208 0.7108278 0.0285760 0.0159793
9 0.2997598 0.7108278 0.0285760 0.0159793
