22 0.4966754 0.5354997 0.0264571 0.0167063
8 0.5640207 0.5354997 0.0264571 0.0167063
32 0.3637888 0.3600836 0.4870504 0.4276812
33 0.3625862 0.1752006 0.4413519 0.0155925
1 0.1599492 0.2347864 0.0264571 0.0167063
9 0.2272944 0.2347864 0.0264571 0.0167063
5 0.2946397 0.2347864 0.0264571 0.0167063
7 0.3607823 0.2347864 0.0264571 0.0167063
30 0.4966754 0.2347864 0.0264571 0.0167063
34 0.1599492 0.2943722 0.0625349 0.0601427
13 0.1599492 0.2949290 0.0264571 0.0167063
25 0.2272944 0.2949290 0.0264571 0.0167063
6 0.2946397 0.2949290 0.0264571 0.0167063
29 0.4966754 0.2949290 0.0264571 0.0167063
12 0.1599492 0.3550717 0.0264571 0.0167063
15 0.2272944 0.3550717 0.0264571 0.0167063
14 0.3607823 0.3550717 0.0264571 0.0167063
18 0.4293302 0.3550717 0.0264571 0.0167063
4 0.4966754 0.3550717 0.0264571 0.0167063
2 0.5640207 0.3550717 0.0264571 0.0167063
10 0.2272944 0.4152144 0.0264571 0.0167063
23 0.2946397 0.4152144 0.0264571 0.0167063
11 0.1599492 0.4753571 0.0264571 0.0167063
24 0.2946397 0.4753571 0.0264571 0.0167063
31 0.3607823 0.4753571 0.0264571 0.0167063
19 0.5640207 0.4753571 0.0264571 0.0167063
16 0.1599492 0.5354997 0.0264571 0.0167063
27 0.2272944 0.5354997 0.0264571 0.0167063
17 0.4293302 0.5354997 0.0264571 0.0167063
