22 0.5589268 0.8089811 0.0284977 0.0170407
2 0.6314663 0.8089811 0.0284977 0.0170407
32 0.4157908 0.6300533 0.5246162 0.4362430
33 0.4144954 0.4414690 0.4753930 0.0159047
26 0.1962292 0.5022477 0.0284977 0.0170407
16 0.2687687 0.5022477 0.0284977 0.0170407
18 0.4125524 0.5022477 0.0284977 0.0170407
13 0.4863873 0.5022477 0.0284977 0.0170407
20 0.5589268 0.5022477 0.0284977 0.0170407
11 0.2687687 0.5635944 0.0284977 0.0170407
17 0.3413082 0.5635944 0.0284977 0.0170407
34 0.5582791 0.5630264 0.0660628 0.0613467
30 0.5589268 0.5635944 0.0284977 0.0170407
8 0.6314663 0.5635944 0.0284977 0.0170407
23 0.1962292 0.6249411 0.0284977 0.0170407
4 0.3413082 0.6249411 0.0284977 0.0170407
7 0.4125524 0.6249411 0.0284977 0.0170407
31 0.6314663 0.6249411 0.0284977 0.0170407
25 0.2687687 0.6862878 0.0284977 0.0170407
3 0.4125524 0.6862878 0.0284977 0.0170407
1 0.4863873 0.6862878 0.0284977 0.0170407
12 0.5589268 0.6862878 0.0284977 0.0170407
10 0.1962292 0.7476344 0.0284977 0.0170407
19 0.4125524 0.7476344 0.0284977 0.0170407
5 0.6314663 0.7476344 0.0284977 0.0170407
27 0.1962292 0.8089811 0.0284977 0.0170407
14 0.2687687 0.8089811 0.0284977 0.0170407
21 0.4125524 0.8089811 0.0284977 0.0170407
24 0.4863873 0.8089811 0.0284977 0.0170407
