20 0.5059127 0.7928803 0.0280591 0.0164977
8 0.5773359 0.7928803 0.0280591 0.0164977
32 0.4364027 0.6196541 0.5165425 0.4223419
33 0.4351273 0.4370793 0.4680768 0.0153979
17 0.2202201 0.4959212 0.0280591 0.0164977
13 0.6487590 0.4959212 0.0280591 0.0164977
6 0.4332141 0.5553130 0.0280591 0.0164977
24 0.5773359 0.5553130 0.0280591 0.0164977
15 0.6487590 0.5553130 0.0280591 0.0164977
11 0.2202201 0.6147049 0.0280591 0.0164977
12 0.2916433 0.6147049 0.0280591 0.0164977
16 0.3630664 0.6147049 0.0280591 0.0164977
10 0.4332141 0.6147049 0.0280591 0.0164977
31 0.6487590 0.6147049 0.0280591 0.0164977
2 0.2202201 0.6740967 0.0280591 0.0164977
20 0.2916433 0.6740967 0.0280591 0.0164977
27 0.4332141 0.6740967 0.0280591 0.0164977
1 0.5059127 0.6740967 0.0280591 0.0164977
18 0.5773359 0.6740967 0.0280591 0.0164977
3 0.6487590 0.6740967 0.0280591 0.0164977
9 0.2202201 0.7334885 0.0280591 0.0164977
5 0.2916433 0.7334885 0.0280591 0.0164977
7 0.4332141 0.7334885 0.0280591 0.0164977
14 0.5059127 0.7334885 0.0280591 0.0164977
21 0.5773359 0.7334885 0.0280591 0.0164977
19 0.2202201 0.7928803 0.0280591 0.0164977
22 0.2916433 0.7928803 0.0280591 0.0164977
30 0.4332141 0.7928803 0.0280591 0.0164977
34 0.5052750 0.7923304 0.0675969 0.0593918
