31 0.5704946 0.7443359 0.0265454 0.0172591
6 0.6380648 0.7443359 0.0265455 0.0172591
32 0.4371642 0.5631153 0.4886769 0.4418331
33 0.4359576 0.3721146 0.4428258 0.0161085
25 0.4341477 0.4336720 0.0265454 0.0172591
8 0.2326439 0.4958049 0.0265454 0.0172591
5 0.3002140 0.4958049 0.0265454 0.0172591
13 0.3677842 0.4958049 0.0265454 0.0172591
16 0.4341477 0.4958049 0.0265454 0.0172591
1 0.5029245 0.4958049 0.0265454 0.0172591
12 0.5029245 0.5579376 0.0265454 0.0172591
27 0.5704946 0.5579376 0.0265454 0.0172591
19 0.6380648 0.5579376 0.0265455 0.0172591
26 0.2326439 0.6200704 0.0265454 0.0172591
4 0.3677842 0.6200704 0.0265454 0.0172591
11 0.5029245 0.6200704 0.0265454 0.0172591
22 0.6380648 0.6200704 0.0265455 0.0172591
7 0.2326439 0.6822032 0.0265454 0.0172591
23 0.3002140 0.6822032 0.0265454 0.0172591
9 0.3677842 0.6822032 0.0265454 0.0172591
17 0.4341477 0.6822032 0.0265454 0.0172591
2 0.5029245 0.6822032 0.0265454 0.0172591
29 0.5704946 0.6822032 0.0265454 0.0172591
15 0.6380648 0.6822032 0.0265455 0.0172591
34 0.2996107 0.7437606 0.0615371 0.0621328
3 0.3002140 0.7443359 0.0265454 0.0172591
10 0.3677842 0.7443359 0.0265454 0.0172591
21 0.4341477 0.7443359 0.0265454 0.0172591
30 0.5029245 0.7443359 0.0265454 0.0172591
