29 0.7170918 0.6068250 0.0284044 0.0170738
13 0.7893938 0.6068250 0.0284044 0.0170738
32 0.5744241 0.4275502 0.5228995 0.4370891
33 0.5731329 0.2386002 0.4738372 0.0159355
16 0.4278831 0.2994967 0.0284044 0.0170738
6 0.5711963 0.2994967 0.0284044 0.0170738
25 0.6447896 0.2994967 0.0284044 0.0170738
8 0.7170918 0.2994967 0.0284044 0.0170738
1 0.7893938 0.2994967 0.0284044 0.0170738
20 0.3555810 0.3609624 0.0284044 0.0170738
26 0.5711963 0.3609624 0.0284044 0.0170738
23 0.6447896 0.3609624 0.0284044 0.0170738
21 0.3555810 0.4838937 0.0284044 0.0170738
12 0.4278831 0.4838937 0.0284044 0.0170738
17 0.5001852 0.4838937 0.0284044 0.0170738
24 0.5711963 0.4838937 0.0284044 0.0170738
19 0.6447896 0.4838937 0.0284044 0.0170738
7 0.7170918 0.4838937 0.0284044 0.0170738
11 0.7893938 0.4838937 0.0284044 0.0170738
34 0.4272375 0.5447902 0.0658466 0.0614657
5 0.4278831 0.5453593 0.0284044 0.0170738
2 0.5001852 0.5453593 0.0284044 0.0170738
10 0.6447896 0.5453593 0.0284044 0.0170738
3 0.7170918 0.5453593 0.0284044 0.0170738
15 0.7893938 0.5453593 0.0284044 0.0170738
31 0.3555810 0.6068250 0.0284044 0.0170738
4 0.4278831 0.6068250 0.0284044 0.0170738
18 0.5711963 0.6068250 0.0284044 0.0170738
30 0.6447896 0.6068250 0.0284044 0.0170738
