24 0.3767238 0.6128615 0.0270753 0.0174120
27 0.5847112 0.6128615 0.0270753 0.0174120
32 0.3798005 0.4300349 0.4984312 0.4457486
33 0.3785698 0.2373415 0.4516649 0.0162513
31 0.3090356 0.2994445 0.0270753 0.0174120
29 0.3767238 0.2994445 0.0270753 0.0174120
10 0.4468734 0.2994445 0.0270753 0.0174120
18 0.5157923 0.2994445 0.0270753 0.0174120
1 0.1711978 0.3621279 0.0270753 0.0174120
3 0.2401167 0.3621279 0.0270753 0.0174120
12 0.3090356 0.3621279 0.0270753 0.0174120
26 0.4468734 0.3621279 0.0270753 0.0174120
4 0.5157923 0.3621279 0.0270753 0.0174120
6 0.5847112 0.3621279 0.0270753 0.0174120
5 0.3090356 0.4248113 0.0270753 0.0174120
11 0.3767238 0.4248113 0.0270753 0.0174120
16 0.5157923 0.4248113 0.0270753 0.0174120
9 0.5847112 0.4248113 0.0270753 0.0174120
8 0.3090356 0.4874947 0.0270753 0.0174120
21 0.3767238 0.4874947 0.0270753 0.0174120
23 0.4468734 0.4874947 0.0270753 0.0174120
25 0.5157923 0.4874947 0.0270753 0.0174120
2 0.2401167 0.5501781 0.0270753 0.0174120
19 0.3767238 0.5501781 0.0270753 0.0174120
14 0.5157923 0.5501781 0.0270753 0.0174120
13 0.5847112 0.5501781 0.0270753 0.0174120
34 0.1711978 0.6122811 0.0639961 0.0626834
27 0.1711978 0.6128615 0.0270753 0.0174120
30 0.3090356 0.6128615 0.0270753 0.0174120
