19 0.3608248 0.7167476 0.0277325 0.0170173
15 0.5020084 0.7167476 0.0277325 0.0170173
32 0.2921239 0.5380656 0.5105297 0.4356440
33 0.2908633 0.3497403 0.4626282 0.0158828
23 0.0784577 0.4104355 0.0277325 0.0170173
2 0.1490495 0.4104355 0.0277325 0.0170173
7 0.2889725 0.4104355 0.0277325 0.0170173
5 0.3608248 0.4104355 0.0277325 0.0170173
1 0.4314166 0.4104355 0.0277325 0.0170173
16 0.2889725 0.4716980 0.0277325 0.0170173
34 0.3601945 0.4711307 0.0668101 0.0612624
1 0.3608248 0.4716980 0.0277325 0.0170173
27 0.4314166 0.4716980 0.0277325 0.0170173
26 0.1490495 0.5329604 0.0277325 0.0170173
6 0.2889725 0.5329604 0.0277325 0.0170173
11 0.5020084 0.5329604 0.0277325 0.0170173
25 0.2196413 0.5942228 0.0277325 0.0170173
29 0.2889725 0.5942228 0.0277325 0.0170173
10 0.3608248 0.5942228 0.0277325 0.0170173
3 0.4314166 0.5942228 0.0277325 0.0170173
22 0.5020084 0.5942228 0.0277325 0.0170173
9 0.0784577 0.6554853 0.0277325 0.0170173
18 0.1490495 0.6554853 0.0277325 0.0170173
20 0.4314166 0.6554853 0.0277325 0.0170173
8 0.5020084 0.6554853 0.0277325 0.0170173
30 0.0784577 0.7167476 0.0277325 0.0170173
14 0.1490495 0.7167476 0.0277325 0.0170173
17 0.2196413 0.7167476 0.0277325 0.0170173
31 0.2889725 0.7167476 0.0277325 0.0170173
