18 0.4749132 0.6950827 0.0271083 0.0170540
9 0.5439161 0.6950827 0.0271083 0.0170540
32 0.3387556 0.5160157 0.4990389 0.4365825
33 0.3375235 0.3272847 0.4522155 0.0159171
13 0.1298986 0.3881107 0.0271083 0.0170540
20 0.1989015 0.3881107 0.0271083 0.0170540
31 0.3356752 0.3881107 0.0271083 0.0170540
1 0.4059103 0.3881107 0.0271083 0.0170540
26 0.4749132 0.3881107 0.0271083 0.0170540
23 0.1989015 0.4495051 0.0271083 0.0170540
24 0.2679044 0.4495051 0.0271083 0.0170540
4 0.3356752 0.4495051 0.0271083 0.0170540
11 0.4059103 0.4495051 0.0271083 0.0170540
29 0.1989015 0.5108995 0.0271083 0.0170540
3 0.2679044 0.5108995 0.0271083 0.0170540
12 0.4059103 0.5108995 0.0271083 0.0170540
15 0.4749132 0.5108995 0.0271083 0.0170540
22 0.2679044 0.5722939 0.0271083 0.0170540
27 0.3356752 0.5722939 0.0271083 0.0170540
34 0.4052942 0.5717254 0.0653064 0.0613944
13 0.4059103 0.5722939 0.0271083 0.0170540
30 0.4749132 0.5722939 0.0271083 0.0170540
2 0.1989015 0.6336883 0.0271083 0.0170540
17 0.3356752 0.6336883 0.0271083 0.0170540
7 0.4749132 0.6336883 0.0271083 0.0170540
10 0.1298986 0.6950827 0.0271083 0.0170540
6 0.1989015 0.6950827 0.0271083 0.0170540
16 0.2679044 0.6950827 0.0271083 0.0170540
25 0.3356752 0.6950827 0.0271083 0.0170540
