26 0.7004048 0.5170345 0.0283203 0.0164916
16 0.7724928 0.5170345 0.0283204 0.0164916
32 0.5581596 0.3438725 0.5213514 0.4221854
33 0.5568723 0.1613653 0.4724344 0.0153922
25 0.3399644 0.2201854 0.0283204 0.0164916
5 0.4841405 0.2201854 0.0283203 0.0164916
22 0.5549413 0.2201854 0.0283203 0.0164916
31 0.7004048 0.2201854 0.0283203 0.0164916
3 0.7724928 0.2201854 0.0283204 0.0164916
19 0.4120525 0.2795552 0.0283204 0.0164916
24 0.4841405 0.2795552 0.0283203 0.0164916
9 0.7004048 0.2795552 0.0283203 0.0164916
2 0.7724928 0.2795552 0.0283204 0.0164916
15 0.5549413 0.3389250 0.0283203 0.0164916
34 0.6276731 0.3383753 0.0682262 0.0593698
31 0.6283167 0.3389250 0.0283203 0.0164916
4 0.7004048 0.3389250 0.0283203 0.0164916
10 0.7724928 0.3389250 0.0283204 0.0164916
18 0.4120525 0.3982948 0.0283204 0.0164916
17 0.5549413 0.3982948 0.0283203 0.0164916
27 0.6283167 0.3982948 0.0283203 0.0164916
1 0.7004048 0.3982948 0.0283203 0.0164916
11 0.3399644 0.4576647 0.0283204 0.0164916
21 0.5549413 0.4576647 0.0283203 0.0164916
20 0.7004048 0.4576647 0.0283203 0.0164916
6 0.3399644 0.5170345 0.0283204 0.0164916
12 0.4120525 0.5170345 0.0283204 0.0164916
13 0.5549413 0.5170345 0.0283203 0.0164916
23 0.6283167 0.5170345 0.0283203 0.0164916
