1 0.5812632 0.5518020 0.0265797 0.0170109
16 0.6489204 0.5518020 0.0265796 0.0170109
32 0.4477610 0.3731874 0.4893067 0.4354794
33 0.4465528 0.1849333 0.4433965 0.0158769
19 0.2429771 0.2456056 0.0265796 0.0170109
5 0.3782915 0.2456056 0.0265796 0.0170109
14 0.4447405 0.2456056 0.0265796 0.0170109
9 0.5812632 0.2456056 0.0265797 0.0170109
25 0.6489204 0.2456056 0.0265796 0.0170109
11 0.3782915 0.3068449 0.0265796 0.0170109
18 0.4447405 0.3068449 0.0265796 0.0170109
23 0.6489204 0.3068449 0.0265796 0.0170109
20 0.5136060 0.3680842 0.0265796 0.0170109
26 0.6489204 0.3680842 0.0265796 0.0170109
8 0.2429771 0.4293235 0.0265796 0.0170109
12 0.3106343 0.4293235 0.0265796 0.0170109
4 0.3782915 0.4293235 0.0265796 0.0170109
10 0.4447405 0.4293235 0.0265796 0.0170109
27 0.5136060 0.4293235 0.0265796 0.0170109
34 0.6489204 0.4287564 0.0628246 0.0612393
6 0.6489204 0.4293235 0.0265796 0.0170109
30 0.2429771 0.4905627 0.0265796 0.0170109
24 0.3106343 0.4905627 0.0265796 0.0170109
6 0.3782915 0.4905627 0.0265796 0.0170109
31 0.4447405 0.4905627 0.0265796 0.0170109
17 0.5136060 0.4905627 0.0265796 0.0170109
22 0.6489204 0.4905627 0.0265796 0.0170109
7 0.3782915 0.5518020 0.0265796 0.0170109
15 0.5136060 0.5518020 0.0265796 0.0170109
