2 0.4112696 0.7595980 0.0267807 0.0158750
27 0.6169942 0.7595980 0.0267807 0.0158750
32 0.4143129 0.5929107 0.4930088 0.4063995
33 0.4130956 0.4172276 0.4467511 0.0148167
18 0.2079796 0.4738483 0.0267807 0.0158750
6 0.4112696 0.4738483 0.0267807 0.0158750
30 0.4806560 0.4738483 0.0267807 0.0158750
21 0.5488251 0.4738483 0.0267807 0.0158750
3 0.6169942 0.4738483 0.0267807 0.0158750
29 0.2079796 0.5309983 0.0267807 0.0158750
9 0.2761487 0.5309983 0.0267807 0.0158750
17 0.3443178 0.5309983 0.0267807 0.0158750
26 0.4112696 0.5309983 0.0267807 0.0158750
15 0.5488251 0.5309983 0.0267807 0.0158750
25 0.2761487 0.5881483 0.0267807 0.0158750
22 0.4806560 0.5881483 0.0267807 0.0158750
7 0.5488251 0.5881483 0.0267807 0.0158750
11 0.2079796 0.6452982 0.0267807 0.0158750
16 0.4112696 0.6452982 0.0267807 0.0158750
20 0.5488251 0.6452982 0.0267807 0.0158750
19 0.6169942 0.6452982 0.0267807 0.0158750
8 0.2761487 0.7024481 0.0267807 0.0158750
34 0.3443178 0.7019189 0.0632999 0.0571499
10 0.3443178 0.7024481 0.0267807 0.0158750
10 0.4112696 0.7024481 0.0267807 0.0158750
1 0.4806560 0.7024481 0.0267807 0.0158750
5 0.5488251 0.7024481 0.0267807 0.0158750
31 0.6169942 0.7024481 0.0267807 0.0158750
24 0.2761487 0.7595980 0.0267807 0.0158750
