4 0.6199821 0.7748397 0.0263123 0.0163249
23 0.7539352 0.7748397 0.0263123 0.0163249
32 0.5547995 0.6034291 0.4843841 0.4179152
33 0.5536035 0.4227679 0.4389357 0.0152365
1 0.3520758 0.4809930 0.0263122 0.0163248
6 0.4860289 0.4809930 0.0263122 0.0163248
16 0.6199821 0.4809930 0.0263123 0.0163248
17 0.6869586 0.4809930 0.0263123 0.0163248
2 0.7539352 0.4809930 0.0263123 0.0163248
5 0.3520758 0.5397624 0.0263122 0.0163248
10 0.4190524 0.5397624 0.0263122 0.0163248
14 0.4860289 0.5397624 0.0263122 0.0163248
7 0.6199821 0.5397624 0.0263123 0.0163248
30 0.4190524 0.5985317 0.0263122 0.0163247
8 0.4860289 0.5985317 0.0263122 0.0163247
3 0.5518095 0.5985317 0.0263122 0.0163247
11 0.6869586 0.5985317 0.0263123 0.0163247
29 0.4190524 0.6573010 0.0263122 0.0163249
31 0.4860289 0.6573010 0.0263122 0.0163249
12 0.6869586 0.6573010 0.0263123 0.0163249
18 0.7539352 0.6573010 0.0263123 0.0163249
19 0.3520758 0.7160704 0.0263122 0.0163247
27 0.5518095 0.7160704 0.0263122 0.0163247
24 0.6869586 0.7160704 0.0263123 0.0163247
22 0.3520758 0.7748397 0.0263122 0.0163249
13 0.4190524 0.7748397 0.0263122 0.0163249
26 0.4860289 0.7748397 0.0263122 0.0163249
34 0.5518095 0.7742955 0.0621925 0.0587693
20 0.5518095 0.7748397 0.0263122 0.0163249
