5 0.5316079 0.8041108 0.0284840 0.0168888
9 0.6054073 0.8041108 0.0284840 0.0168888
32 0.5348447 0.6267786 0.5243641 0.4323529
33 0.5335500 0.4398760 0.4751645 0.0157628
13 0.3878933 0.5001127 0.0284840 0.0168888
1 0.5316079 0.5001127 0.0284840 0.0168888
6 0.6054073 0.5001127 0.0284840 0.0168888
24 0.6779119 0.5001127 0.0284840 0.0168888
21 0.4603979 0.5609123 0.0284840 0.0168888
31 0.6054073 0.5609123 0.0284840 0.0168888
11 0.7504166 0.5609123 0.0284839 0.0168888
25 0.6054073 0.6217120 0.0284840 0.0168888
8 0.6779119 0.6217120 0.0284840 0.0168888
7 0.7504166 0.6217120 0.0284839 0.0168888
26 0.3153886 0.6825115 0.0284840 0.0168888
27 0.3878933 0.6825115 0.0284840 0.0168888
10 0.4603979 0.6825115 0.0284840 0.0168888
22 0.6054073 0.6825115 0.0284840 0.0168888
16 0.6779119 0.6825115 0.0284840 0.0168888
19 0.3153886 0.7433112 0.0284840 0.0168888
2 0.3878933 0.7433112 0.0284840 0.0168888
17 0.4603979 0.7433112 0.0284840 0.0168888
34 0.5316078 0.7427482 0.0673258 0.0607996
4 0.5316079 0.7433112 0.0284840 0.0168888
18 0.6054073 0.7433112 0.0284840 0.0168888
30 0.6779119 0.7433112 0.0284840 0.0168888
14 0.7504166 0.7433112 0.0284839 0.0168888
4 0.3153886 0.8041108 0.0284840 0.0168888
3 0.3878933 0.8041108 0.0284840 0.0168888
