4 0.6331079 0.5597871 0.0278041 0.0171555
19 0.7746561 0.5597871 0.0278041 0.0171555
32 0.5642296 0.3796542 0.5118483 0.4391810
33 0.5629658 0.1897999 0.4638230 0.0160118
27 0.3500116 0.2509879 0.0278041 0.0171555
25 0.4207857 0.2509879 0.0278041 0.0171555
24 0.6331079 0.2509879 0.0278041 0.0171555
13 0.7038820 0.2509879 0.0278040 0.0171555
34 0.7746561 0.2504160 0.0657188 0.0617598
6 0.7746561 0.2509879 0.0278041 0.0171555
6 0.5610700 0.3127477 0.0278041 0.0171555
8 0.6331079 0.3127477 0.0278041 0.0171555
16 0.7746561 0.3127477 0.0278041 0.0171555
15 0.3500116 0.3745075 0.0278041 0.0171556
11 0.4207857 0.3745075 0.0278041 0.0171556
7 0.4915598 0.3745075 0.0278041 0.0171556
23 0.6331079 0.3745075 0.0278041 0.0171556
1 0.7746561 0.3745075 0.0278041 0.0171556
31 0.3500116 0.4362674 0.0278041 0.0171555
29 0.4207857 0.4362674 0.0278041 0.0171555
22 0.4915598 0.4362674 0.0278041 0.0171555
14 0.6331079 0.4362674 0.0278041 0.0171555
26 0.7746561 0.4362674 0.0278041 0.0171555
2 0.4207857 0.4980272 0.0278041 0.0171555
3 0.4915598 0.4980272 0.0278041 0.0171555
30 0.6331079 0.4980272 0.0278041 0.0171555
5 0.7746561 0.4980272 0.0278041 0.0171555
17 0.3500116 0.5597871 0.0278041 0.0171555
20 0.4207857 0.5597871 0.0278041 0.0171555
