25 0.5556797 0.8133798 0.0286758 0.0171914
26 0.7016654 0.8133798 0.0286757 0.0171914
32 0.4846420 0.6328692 0.5278946 0.4401021
33 0.4833386 0.4426167 0.4783637 0.0160454
19 0.2637084 0.5039330 0.0286757 0.0171915
30 0.3367012 0.5039330 0.0286758 0.0171915
34 0.4096941 0.5033600 0.0677791 0.0618893
14 0.4096941 0.5039330 0.0286757 0.0171915
4 0.6286726 0.5039330 0.0286757 0.0171915
13 0.7016654 0.5039330 0.0286757 0.0171915
10 0.3367012 0.5658223 0.0286758 0.0171915
20 0.4096941 0.5658223 0.0286757 0.0171915
14 0.5556797 0.5658223 0.0286758 0.0171915
5 0.6286726 0.5658223 0.0286757 0.0171915
12 0.7016654 0.5658223 0.0286757 0.0171915
21 0.2637084 0.6277117 0.0286757 0.0171916
18 0.3367012 0.6277117 0.0286758 0.0171916
3 0.4096941 0.6277117 0.0286757 0.0171916
7 0.5556797 0.6277117 0.0286758 0.0171916
9 0.7016654 0.6277117 0.0286757 0.0171916
11 0.2637084 0.6896011 0.0286757 0.0171916
8 0.3367012 0.6896011 0.0286758 0.0171916
31 0.5556797 0.6896011 0.0286758 0.0171916
2 0.7016654 0.6896011 0.0286757 0.0171916
24 0.3367012 0.7514904 0.0286758 0.0171914
6 0.5556797 0.7514904 0.0286758 0.0171914
1 0.7016654 0.7514904 0.0286757 0.0171914
29 0.2637084 0.8133798 0.0286757 0.0171914
23 0.4096941 0.8133798 0.0286757 0.0171914
