14 0.6363604 0.6717084 0.0275736 0.0162948
2 0.7065477 0.6717084 0.0275736 0.0162948
32 0.4978655 0.5006131 0.5076054 0.4171469
33 0.4966122 0.3202839 0.4599783 0.0152085
5 0.2854232 0.3784020 0.0275736 0.0162948
26 0.4947322 0.3784020 0.0275736 0.0162948
1 0.3556107 0.4370633 0.0275736 0.0162948
9 0.4257981 0.4370633 0.0275736 0.0162948
17 0.5661729 0.4370633 0.0275736 0.0162948
19 0.6363604 0.4370633 0.0275736 0.0162948
23 0.7065477 0.4370633 0.0275736 0.0162948
27 0.2854232 0.4957246 0.0275736 0.0162948
21 0.3556107 0.4957246 0.0275736 0.0162948
18 0.4257981 0.4957246 0.0275736 0.0162948
24 0.4947322 0.4957246 0.0275736 0.0162948
6 0.6363604 0.4957246 0.0275736 0.0162948
10 0.2854232 0.5543859 0.0275736 0.0162948
34 0.3549840 0.5538428 0.0639207 0.0586613
15 0.3556107 0.5543859 0.0275736 0.0162948
29 0.4947322 0.5543859 0.0275736 0.0162948
22 0.2854232 0.6130472 0.0275736 0.0162948
11 0.3556107 0.6130472 0.0275736 0.0162948
16 0.4257981 0.6130472 0.0275736 0.0162948
30 0.4947322 0.6130472 0.0275736 0.0162948
3 0.5661729 0.6130472 0.0275736 0.0162948
25 0.7065477 0.6130472 0.0275736 0.0162948
31 0.2854232 0.6717084 0.0275736 0.0162948
7 0.4257981 0.6717084 0.0275736 0.0162948
13 0.5661729 0.6717084 0.0275736 0.0162948
