8 0.7948207 0.5504044 0.0262155 0.0165682
25 0.8615509 0.5504044 0.0262154 0.0165682
32 0.6631477 0.3764382 0.4826024 0.4241461
33 0.6619562 0.1930834 0.4373212 0.0154636
2 0.4611697 0.2521766 0.0262154 0.0165682
14 0.5946301 0.2521766 0.0262154 0.0165682
3 0.7280905 0.2521766 0.0262155 0.0165682
34 0.8615509 0.2516244 0.0619638 0.0596456
21 0.8615509 0.2521766 0.0262154 0.0165682
13 0.5278999 0.3118222 0.0262154 0.0165682
24 0.5946301 0.3118222 0.0262154 0.0165682
5 0.6601687 0.3118222 0.0262154 0.0165682
15 0.7280905 0.3118222 0.0262155 0.0165682
10 0.4611697 0.3714678 0.0262154 0.0165682
19 0.5278999 0.3714678 0.0262154 0.0165682
31 0.5946301 0.3714678 0.0262154 0.0165682
21 0.4611697 0.4311133 0.0262154 0.0165682
27 0.6601687 0.4311133 0.0262154 0.0165682
7 0.7280905 0.4311133 0.0262155 0.0165682
30 0.7948207 0.4311133 0.0262155 0.0165682
18 0.5278999 0.4907588 0.0262154 0.0165682
23 0.5946301 0.4907588 0.0262154 0.0165682
16 0.7280905 0.4907588 0.0262155 0.0165682
29 0.7948207 0.4907588 0.0262155 0.0165682
12 0.8615509 0.4907588 0.0262154 0.0165682
22 0.4611697 0.5504044 0.0262154 0.0165682
11 0.5278999 0.5504044 0.0262154 0.0165682
17 0.6601687 0.5504044 0.0262154 0.0165682
6 0.7280905 0.5504044 0.0262155 0.0165682
