16 0.4007035 0.7403111 0.0277177 0.0161917
14 0.4712577 0.7403111 0.0277177 0.0161917
32 0.2614849 0.5702983 0.5102582 0.4145077
33 0.2602250 0.3911100 0.4623821 0.0151122
18 0.0479324 0.4488604 0.0277177 0.0161917
20 0.1184866 0.4488604 0.0277177 0.0161917
9 0.1890408 0.4488604 0.0277177 0.0161917
2 0.2583352 0.4488604 0.0277177 0.0161917
11 0.3301493 0.4488604 0.0277177 0.0161917
30 0.4007035 0.4488604 0.0277177 0.0161917
31 0.1890408 0.5071506 0.0277177 0.0161917
27 0.2583352 0.5071506 0.0277177 0.0161917
23 0.4007035 0.5071506 0.0277177 0.0161917
25 0.4712577 0.5071506 0.0277177 0.0161917
15 0.1184866 0.5654407 0.0277177 0.0161916
19 0.1890408 0.5654407 0.0277177 0.0161916
26 0.2583352 0.5654407 0.0277177 0.0161916
12 0.3301493 0.5654407 0.0277177 0.0161916
3 0.0479324 0.6237309 0.0277177 0.0161917
6 0.1184866 0.6237309 0.0277177 0.0161917
7 0.1890408 0.6237309 0.0277177 0.0161917
13 0.3301493 0.6237309 0.0277177 0.0161917
10 0.4712577 0.6237309 0.0277177 0.0161917
34 0.1178567 0.6814813 0.0642547 0.0582902
18 0.1184866 0.6820210 0.0277177 0.0161918
4 0.4007035 0.6820210 0.0277177 0.0161918
8 0.4712577 0.6820210 0.0277177 0.0161918
5 0.1184866 0.7403111 0.0277177 0.0161917
1 0.1890408 0.7403111 0.0277177 0.0161917
