8 0.4972322 0.7435204 0.0283526 0.0168403
3 0.5694024 0.7435204 0.0283526 0.0168403
32 0.4269950 0.5666969 0.5219456 0.4311123
33 0.4257063 0.3803307 0.4729729 0.0157176
7 0.2085512 0.4403946 0.0283526 0.0168403
18 0.3528917 0.4403946 0.0283526 0.0168403
9 0.4237732 0.4403946 0.0283526 0.0168403
5 0.4972322 0.4403946 0.0283526 0.0168403
22 0.5694024 0.4403946 0.0283526 0.0168403
15 0.2085512 0.5010197 0.0283526 0.0168403
29 0.3528917 0.5010197 0.0283526 0.0168403
34 0.5687580 0.5004584 0.0657265 0.0606252
12 0.5694024 0.5010197 0.0283526 0.0168403
19 0.6415726 0.5010197 0.0283526 0.0168403
27 0.2085512 0.5616449 0.0283526 0.0168403
23 0.3528917 0.5616449 0.0283526 0.0168403
4 0.4972322 0.5616449 0.0283526 0.0168403
20 0.5694024 0.5616449 0.0283526 0.0168403
11 0.6415726 0.5616449 0.0283526 0.0168403
21 0.2085512 0.6222700 0.0283526 0.0168403
1 0.4237732 0.6222700 0.0283526 0.0168403
13 0.5694024 0.6222700 0.0283526 0.0168403
30 0.2085512 0.6828952 0.0283526 0.0168403
6 0.2807214 0.6828952 0.0283526 0.0168403
12 0.4972322 0.6828952 0.0283526 0.0168403
24 0.2085512 0.7435204 0.0283526 0.0168403
14 0.2807214 0.7435204 0.0283526 0.0168403
2 0.3528917 0.7435204 0.0283526 0.0168403
26 0.4237732 0.7435204 0.0283526 0.0168403
