4 0.5346564 0.5276390 0.0263589 0.0166912
7 0.6017517 0.5276390 0.0263589 0.0166912
32 0.4022629 0.3523814 0.4852430 0.4272949
33 0.4010648 0.1676653 0.4397140 0.0155785
22 0.1991797 0.2271973 0.0263589 0.0166912
19 0.2662751 0.2271973 0.0263589 0.0166912
31 0.4675610 0.2271973 0.0263589 0.0166912
16 0.5346564 0.2271973 0.0263589 0.0166912
11 0.6017517 0.2271973 0.0263589 0.0166912
20 0.2662751 0.2872856 0.0263589 0.0166912
14 0.3333704 0.2872856 0.0263589 0.0166912
29 0.3992676 0.2872856 0.0263589 0.0166912
5 0.5346564 0.2872856 0.0263589 0.0166912
10 0.1991797 0.3473740 0.0263589 0.0166912
25 0.2662751 0.3473740 0.0263589 0.0166912
30 0.3992676 0.3473740 0.0263589 0.0166912
17 0.5346564 0.3473740 0.0263589 0.0166912
8 0.6017517 0.3473740 0.0263589 0.0166912
34 0.1991797 0.4069060 0.0623028 0.0600884
9 0.1991797 0.4074623 0.0263589 0.0166911
27 0.2662751 0.4074623 0.0263589 0.0166911
18 0.3333704 0.4074623 0.0263589 0.0166911
3 0.3992676 0.4074623 0.0263589 0.0166911
24 0.5346564 0.4074623 0.0263589 0.0166911
23 0.6017517 0.4074623 0.0263589 0.0166911
12 0.3333704 0.4675507 0.0263589 0.0166912
6 0.4675610 0.4675507 0.0263589 0.0166912
9 0.6017517 0.4675507 0.0263589 0.0166912
26 0.4675610 0.5276390 0.0263589 0.0166912
