31 0.5950338 0.5785509 0.0262955 0.0161890
6 0.6619678 0.5785509 0.0262955 0.0161890
32 0.5298928 0.4085666 0.4840759 0.4144378
33 0.5286975 0.2294086 0.4386563 0.0151097
16 0.3272980 0.2871493 0.0262955 0.0161890
5 0.3942320 0.2871493 0.0262955 0.0161890
14 0.4611659 0.2871493 0.0262955 0.0161890
26 0.5269046 0.2871493 0.0262955 0.0161890
29 0.6619678 0.2871493 0.0262955 0.0161890
12 0.3272980 0.3454296 0.0262955 0.0161890
19 0.3942320 0.3454296 0.0262955 0.0161890
2 0.5950338 0.3454296 0.0262955 0.0161890
23 0.3942320 0.4037099 0.0262955 0.0161890
25 0.4611659 0.4037099 0.0262955 0.0161890
21 0.5269046 0.4037099 0.0262955 0.0161890
20 0.5950338 0.4037099 0.0262955 0.0161890
17 0.6619678 0.4037099 0.0262955 0.0161890
11 0.7289017 0.4037099 0.0262955 0.0161890
7 0.4611659 0.4619902 0.0262955 0.0161890
27 0.5950338 0.4619902 0.0262955 0.0161890
4 0.6619678 0.4619902 0.0262955 0.0161890
22 0.7289017 0.4619902 0.0262955 0.0161890
34 0.3272980 0.5197309 0.0621529 0.0582803
4 0.3272980 0.5202705 0.0262955 0.0161890
24 0.4611659 0.5202705 0.0262955 0.0161890
9 0.5269046 0.5202705 0.0262955 0.0161890
8 0.5950338 0.5202705 0.0262955 0.0161890
13 0.6619678 0.5202705 0.0262955 0.0161890
15 0.4611659 0.5785509 0.0262955 0.0161890
