25 0.2900661 0.5521338 0.0288746 0.0167320
3 0.3622526 0.5521338 0.0288746 0.0167320
32 0.3655338 0.3764484 0.5315554 0.4283376
33 0.3642213 0.1912817 0.4816811 0.0156165
9 0.1430680 0.2509589 0.0288746 0.0167319
4 0.2165670 0.2509589 0.0288746 0.0167319
13 0.3622526 0.2509589 0.0288746 0.0167319
24 0.4370641 0.2509589 0.0288746 0.0167319
10 0.1430680 0.3111938 0.0288746 0.0167319
18 0.2900661 0.3111938 0.0288746 0.0167319
14 0.3622526 0.3111938 0.0288746 0.0167319
34 0.4364079 0.3106361 0.0695616 0.0602350
1 0.4370641 0.3111938 0.0288746 0.0167319
7 0.5840621 0.3111938 0.0288746 0.0167319
17 0.1430680 0.3714288 0.0288746 0.0167319
5 0.2165670 0.3714288 0.0288746 0.0167319
27 0.2900661 0.3714288 0.0288746 0.0167319
15 0.1430680 0.4316638 0.0288746 0.0167319
20 0.2165670 0.4316638 0.0288746 0.0167319
2 0.2900661 0.4316638 0.0288746 0.0167319
26 0.3622526 0.4316638 0.0288746 0.0167319
29 0.5105631 0.4316638 0.0288746 0.0167319
6 0.2165670 0.4918988 0.0288746 0.0167319
11 0.2900661 0.4918988 0.0288746 0.0167319
22 0.3622526 0.4918988 0.0288746 0.0167319
21 0.4370641 0.4918988 0.0288746 0.0167319
23 0.5105631 0.4918988 0.0288746 0.0167319
31 0.5840621 0.4918988 0.0288746 0.0167319
12 0.1430680 0.5521338 0.0288746 0.0167320
