30 0.3915295 0.6967790 0.0278917 0.0173475
20 0.4625264 0.6967790 0.0278916 0.0173475
32 0.2547086 0.5146294 0.5069172 0.4440979
33 0.2501696 0.3226496 0.4652832 0.0161911
10 0.0365451 0.3845226 0.0278916 0.0173475
8 0.1785388 0.3845226 0.0278916 0.0173475
4 0.2482679 0.3845226 0.0278916 0.0173475
34 0.3908956 0.3839444 0.0646579 0.0624513
7 0.3915295 0.3845226 0.0278917 0.0173475
3 0.3205326 0.4469739 0.0278916 0.0173475
15 0.3915295 0.4469739 0.0278917 0.0173475
27 0.4625264 0.4469739 0.0278916 0.0173475
13 0.1785388 0.5094252 0.0278916 0.0173476
26 0.2482679 0.5094252 0.0278916 0.0173476
19 0.3205326 0.5094252 0.0278916 0.0173476
14 0.4625264 0.5094252 0.0278916 0.0173476
2 0.0365451 0.5718764 0.0278916 0.0173475
22 0.1075419 0.5718764 0.0278916 0.0173475
16 0.3915295 0.5718764 0.0278917 0.0173475
18 0.4625264 0.5718764 0.0278916 0.0173475
12 0.0365451 0.6343277 0.0278916 0.0173476
21 0.1785388 0.6343277 0.0278916 0.0173476
31 0.2482679 0.6343277 0.0278916 0.0173476
17 0.3205326 0.6343277 0.0278916 0.0173476
7 0.0365451 0.6967790 0.0278916 0.0173475
1 0.1075419 0.6967790 0.0278916 0.0173475
23 0.1785388 0.6967790 0.0278916 0.0173475
29 0.2482679 0.6967790 0.0278916 0.0173475
5 0.3205326 0.6967790 0.0278916 0.0173475
