1 0.3458665 0.6245738 0.0272882 0.0167099
29 0.4847881 0.6245738 0.0272882 0.0167099
32 0.2782663 0.4491208 0.5023501 0.4277713
33 0.2770260 0.2641988 0.4552160 0.0155958
27 0.0680235 0.3237971 0.0272882 0.0167098
15 0.2069450 0.3237971 0.0272882 0.0167098
31 0.3458665 0.3237971 0.0272882 0.0167098
24 0.0680235 0.3839525 0.0272882 0.0167098
25 0.1374843 0.3839525 0.0272882 0.0167098
2 0.2751654 0.3839525 0.0272882 0.0167098
5 0.3458665 0.3839525 0.0272882 0.0167098
30 0.0680235 0.4441078 0.0272882 0.0167098
10 0.1374843 0.4441078 0.0272882 0.0167098
16 0.2751654 0.4441078 0.0272882 0.0167098
11 0.3458665 0.4441078 0.0272882 0.0167098
8 0.0680235 0.5042631 0.0272882 0.0167099
19 0.2069450 0.5042631 0.0272882 0.0167099
20 0.2751654 0.5042631 0.0272882 0.0167099
23 0.4153273 0.5042631 0.0272882 0.0167099
13 0.0680235 0.5644185 0.0272882 0.0167098
6 0.1374843 0.5644185 0.0272882 0.0167098
21 0.2069450 0.5644185 0.0272882 0.0167098
12 0.2751654 0.5644185 0.0272882 0.0167098
26 0.3458665 0.5644185 0.0272882 0.0167098
3 0.4153273 0.5644185 0.0272882 0.0167098
22 0.4847881 0.5644185 0.0272882 0.0167098
18 0.2069450 0.6245738 0.0272882 0.0167099
14 0.2751654 0.6245738 0.0272882 0.0167099
34 0.3452464 0.6240168 0.0657396 0.0601554
