27 0.4057528 0.7171082 0.0267211 0.0172323
14 0.4737701 0.7171082 0.0267211 0.0172323
32 0.2715399 0.5361696 0.4919114 0.4411456
33 0.2703253 0.3454660 0.4457568 0.0160834
9 0.0656659 0.4069277 0.0267211 0.0172323
6 0.2017006 0.4069277 0.0267211 0.0172323
30 0.3377354 0.4069277 0.0267211 0.0172323
19 0.4057528 0.4069277 0.0267211 0.0172323
25 0.4737701 0.4069277 0.0267211 0.0172323
34 0.0656659 0.4683894 0.0631590 0.0620361
1 0.0656659 0.4689638 0.0267211 0.0172323
18 0.2017006 0.4689638 0.0267211 0.0172323
13 0.2685034 0.4689638 0.0267211 0.0172323
11 0.4737701 0.4689638 0.0267211 0.0172323
24 0.1336832 0.5309999 0.0267211 0.0172322
4 0.2017006 0.5309999 0.0267211 0.0172322
17 0.2685034 0.5309999 0.0267211 0.0172322
7 0.3377354 0.5309999 0.0267211 0.0172322
5 0.4737701 0.5309999 0.0267211 0.0172322
20 0.1336832 0.5930360 0.0267211 0.0172323
8 0.4057528 0.5930360 0.0267211 0.0172323
22 0.4737701 0.5930360 0.0267211 0.0172323
15 0.0656659 0.6550720 0.0267211 0.0172323
3 0.2017006 0.6550720 0.0267211 0.0172323
2 0.3377354 0.6550720 0.0267211 0.0172323
29 0.4057528 0.6550720 0.0267211 0.0172323
16 0.0656659 0.7171082 0.0267211 0.0172323
26 0.2685034 0.7171082 0.0267211 0.0172323
31 0.3377354 0.7171082 0.0267211 0.0172323
