21 0.4331067 0.7082875 0.0274683 0.0160518
17 0.7127841 0.7082875 0.0274683 0.0160518
32 0.5048989 0.5397440 0.5056668 0.4109250
33 0.5036504 0.3621046 0.4582216 0.0149816
11 0.3631873 0.4193559 0.0274683 0.0160517
12 0.4331067 0.4193559 0.0274683 0.0160517
3 0.5017775 0.4193559 0.0274683 0.0160517
19 0.5729454 0.4193559 0.0274683 0.0160517
2 0.6428648 0.4193559 0.0274683 0.0160517
4 0.3631873 0.4771422 0.0274683 0.0160517
9 0.5729454 0.4771422 0.0274683 0.0160517
16 0.6428648 0.4771422 0.0274683 0.0160517
34 0.7127841 0.4766071 0.0649252 0.0577863
30 0.7127841 0.4771422 0.0274683 0.0160517
14 0.2932680 0.5349285 0.0274683 0.0160518
15 0.4331067 0.5349285 0.0274683 0.0160518
6 0.6428648 0.5349285 0.0274683 0.0160518
26 0.7127841 0.5349285 0.0274683 0.0160518
18 0.2932680 0.5927148 0.0274683 0.0160518
24 0.3631873 0.5927148 0.0274683 0.0160518
25 0.4331067 0.5927148 0.0274683 0.0160518
7 0.5017775 0.5927148 0.0274683 0.0160518
29 0.5729454 0.5927148 0.0274683 0.0160518
10 0.6428648 0.5927148 0.0274683 0.0160518
5 0.7127841 0.5927148 0.0274683 0.0160518
27 0.2932680 0.6505012 0.0274683 0.0160518
8 0.4331067 0.6505012 0.0274683 0.0160518
31 0.5729454 0.6505012 0.0274683 0.0160518
23 0.3631873 0.7082875 0.0274683 0.0160518
