6 0.4386366 0.5772575 0.0276080 0.0159152
12 0.5089115 0.5772575 0.0276080 0.0159152
32 0.3702441 0.4101479 0.5082383 0.4074289
33 0.3689891 0.2340198 0.4605518 0.0148542
24 0.1575369 0.2907840 0.0276080 0.0159152
10 0.2980868 0.2907840 0.0276080 0.0159152
25 0.3671068 0.2907840 0.0276080 0.0159152
29 0.4386366 0.2907840 0.0276080 0.0159152
18 0.5089115 0.2907840 0.0276080 0.0159152
26 0.5791865 0.2907840 0.0276080 0.0159152
8 0.2278119 0.3480787 0.0276080 0.0159152
15 0.2980868 0.3480787 0.0276080 0.0159152
34 0.3671068 0.3475482 0.0652553 0.0572947
3 0.3671068 0.3480787 0.0276080 0.0159152
16 0.4386366 0.3480787 0.0276080 0.0159152
4 0.3671068 0.4053734 0.0276080 0.0159152
3 0.4386366 0.4053734 0.0276080 0.0159152
5 0.5089115 0.4053734 0.0276080 0.0159152
11 0.5791865 0.4053734 0.0276080 0.0159152
9 0.1575369 0.4626681 0.0276080 0.0159153
14 0.4386366 0.4626681 0.0276080 0.0159153
21 0.5089115 0.4626681 0.0276080 0.0159153
31 0.1575369 0.5199627 0.0276080 0.0159152
22 0.2278119 0.5199627 0.0276080 0.0159152
1 0.2980868 0.5199627 0.0276080 0.0159152
13 0.4386366 0.5199627 0.0276080 0.0159152
23 0.5089115 0.5199627 0.0276080 0.0159152
2 0.1575369 0.5772575 0.0276080 0.0159152
27 0.2980868 0.5772575 0.0276080 0.0159152
