6 0.5116508 0.6688723 0.0276593 0.0173606
16 0.5820564 0.6688723 0.0276593 0.0173606
32 0.3727254 0.4865855 0.5091833 0.4444326
33 0.3714682 0.2944610 0.4614081 0.0162033
20 0.1596228 0.3563807 0.0276593 0.0173606
1 0.2300284 0.3563807 0.0276593 0.0173606
2 0.3004340 0.3563807 0.0276593 0.0173606
31 0.3695823 0.3563807 0.0276593 0.0173606
12 0.2300284 0.4188790 0.0276593 0.0173606
27 0.4412451 0.4188790 0.0276593 0.0173606
25 0.5820564 0.4188790 0.0276593 0.0173606
34 0.1596228 0.4807986 0.0653766 0.0624983
28 0.1596228 0.4813773 0.0276593 0.0173606
4 0.2300284 0.4813773 0.0276593 0.0173606
23 0.3695823 0.4813773 0.0276593 0.0173606
8 0.4412451 0.4813773 0.0276593 0.0173606
5 0.1596228 0.5438757 0.0276593 0.0173606
24 0.3004340 0.5438757 0.0276593 0.0173606
19 0.4412451 0.5438757 0.0276593 0.0173606
15 0.5116508 0.5438757 0.0276593 0.0173606
26 0.2300284 0.6063740 0.0276593 0.0173606
13 0.3004340 0.6063740 0.0276593 0.0173606
17 0.3695823 0.6063740 0.0276593 0.0173606
10 0.4412451 0.6063740 0.0276593 0.0173606
21 0.5820564 0.6063740 0.0276593 0.0173606
30 0.1596228 0.6688723 0.0276593 0.0173606
29 0.2300284 0.6688723 0.0276593 0.0173606
18 0.3004340 0.6688723 0.0276593 0.0173606
14 0.3695823 0.6688723 0.0276593 0.0173606
