1 0.6921733 0.8107634 0.0269433 0.0167319
25 0.7607562 0.8107634 0.0269433 0.0167319
32 0.6254274 0.6350785 0.4960014 0.4283368
33 0.6242027 0.4499120 0.4494630 0.0156165
2 0.4178416 0.5095892 0.0269433 0.0167319
26 0.6921733 0.5095892 0.0269433 0.0167319
27 0.7607562 0.5095892 0.0269433 0.0167319
6 0.8293391 0.5095892 0.0269433 0.0167319
31 0.4178416 0.5698240 0.0269433 0.0167319
34 0.5550075 0.5692663 0.0636841 0.0602349
6 0.5550074 0.5698240 0.0269433 0.0167319
5 0.6223657 0.5698240 0.0269433 0.0167319
7 0.6921733 0.5698240 0.0269433 0.0167319
3 0.8293391 0.5698240 0.0269433 0.0167319
24 0.4178416 0.6300589 0.0269433 0.0167319
19 0.4864246 0.6300589 0.0269433 0.0167319
16 0.6921733 0.6300589 0.0269433 0.0167319
15 0.7607562 0.6300589 0.0269433 0.0167319
20 0.4178416 0.6902937 0.0269433 0.0167319
4 0.4864246 0.6902937 0.0269433 0.0167319
8 0.6223657 0.6902937 0.0269433 0.0167319
10 0.8293391 0.6902937 0.0269433 0.0167319
30 0.4864246 0.7505286 0.0269433 0.0167319
22 0.5550074 0.7505286 0.0269433 0.0167319
21 0.6223657 0.7505286 0.0269433 0.0167319
17 0.7607562 0.7505286 0.0269433 0.0167319
12 0.4864246 0.8107634 0.0269433 0.0167319
18 0.5550074 0.8107634 0.0269433 0.0167319
9 0.6223657 0.8107634 0.0269433 0.0167319
