17 0.6170639 0.7105405 0.0276392 0.0162058
26 0.6874184 0.7105405 0.0276392 0.0162058
32 0.4782396 0.5403796 0.5088132 0.4148684
33 0.4769832 0.3610354 0.4610728 0.0151254
7 0.2652918 0.4188361 0.0276393 0.0162058
29 0.4060006 0.4188361 0.0276392 0.0162058
27 0.4750988 0.4188361 0.0276392 0.0162058
5 0.5467095 0.4188361 0.0276392 0.0162058
14 0.6170639 0.4188361 0.0276392 0.0162058
3 0.3356462 0.4771770 0.0276392 0.0162058
11 0.4060006 0.4771770 0.0276392 0.0162058
15 0.5467095 0.4771770 0.0276392 0.0162058
8 0.6170639 0.4771770 0.0276392 0.0162058
30 0.6874184 0.4771770 0.0276392 0.0162058
10 0.3356462 0.5355178 0.0276392 0.0162058
22 0.4750988 0.5355178 0.0276392 0.0162058
9 0.5467095 0.5355178 0.0276392 0.0162058
16 0.6874184 0.5355178 0.0276392 0.0162058
18 0.2652918 0.5938587 0.0276393 0.0162058
1 0.4060006 0.5938587 0.0276392 0.0162058
6 0.6874184 0.5938587 0.0276392 0.0162058
24 0.2652918 0.6521996 0.0276393 0.0162059
19 0.3356462 0.6521996 0.0276392 0.0162059
13 0.6874184 0.6521996 0.0276392 0.0162059
34 0.2652918 0.7100003 0.0653291 0.0583409
14 0.2652918 0.7105405 0.0276393 0.0162058
25 0.4060006 0.7105405 0.0276392 0.0162058
4 0.4750988 0.7105405 0.0276392 0.0162058
21 0.5467095 0.7105405 0.0276392 0.0162058
