7 0.2835506 0.5884691 0.0266665 0.0160710
4 0.5550638 0.5884691 0.0266665 0.0160710
32 0.3532470 0.4197241 0.4909055 0.4114164
33 0.3520349 0.2418722 0.4448453 0.0149996
11 0.1477940 0.2991919 0.0266665 0.0160710
3 0.2156723 0.2991919 0.0266665 0.0160710
25 0.2835506 0.2991919 0.0266665 0.0160710
30 0.4871854 0.2991919 0.0266665 0.0160710
22 0.5550638 0.2991919 0.0266665 0.0160710
26 0.1477940 0.3570474 0.0266665 0.0160710
14 0.2835506 0.3570474 0.0266665 0.0160710
20 0.3502168 0.3570474 0.0266665 0.0160710
19 0.4193072 0.3570474 0.0266665 0.0160710
2 0.4871854 0.3570474 0.0266665 0.0160710
5 0.1477940 0.4149028 0.0266665 0.0160710
6 0.2156723 0.4149028 0.0266665 0.0160710
29 0.3502168 0.4149028 0.0266665 0.0160710
34 0.4865794 0.4143671 0.0618177 0.0578554
10 0.4871854 0.4149028 0.0266665 0.0160710
13 0.5550638 0.4149028 0.0266665 0.0160710
31 0.1477940 0.4727582 0.0266665 0.0160710
9 0.2835506 0.4727582 0.0266665 0.0160710
17 0.4193072 0.4727582 0.0266665 0.0160710
24 0.1477940 0.5306137 0.0266665 0.0160710
27 0.2156723 0.5306137 0.0266665 0.0160710
21 0.3502168 0.5306137 0.0266665 0.0160710
15 0.4193072 0.5306137 0.0266665 0.0160710
10 0.4871854 0.5306137 0.0266665 0.0160710
16 0.5550638 0.5306137 0.0266665 0.0160710
