2 0.5491619 0.8055015 0.0267985 0.0174019
4 0.6855905 0.8055015 0.0267985 0.0174019
32 0.4827747 0.6227815 0.4933358 0.4454889
33 0.4815566 0.4302004 0.4470476 0.0162418
14 0.2763045 0.4922672 0.0267985 0.0174019
1 0.3445189 0.4922672 0.0267985 0.0174019
8 0.4127332 0.4922672 0.0267985 0.0174019
25 0.5491619 0.4922672 0.0267985 0.0174019
30 0.6173762 0.4922672 0.0267985 0.0174019
24 0.6855905 0.4922672 0.0267985 0.0174019
26 0.2763045 0.5549140 0.0267985 0.0174019
29 0.3445189 0.5549140 0.0267985 0.0174019
7 0.4127332 0.5549140 0.0267985 0.0174019
27 0.4797294 0.5549140 0.0267985 0.0174019
21 0.5491619 0.5549140 0.0267985 0.0174019
17 0.6173762 0.5549140 0.0267985 0.0174019
9 0.6855905 0.5549140 0.0267985 0.0174019
31 0.4127332 0.6175610 0.0267985 0.0174019
12 0.5491619 0.6175610 0.0267985 0.0174019
13 0.6173762 0.6175610 0.0267985 0.0174019
34 0.6855905 0.6169809 0.0633419 0.0626469
18 0.6855905 0.6175610 0.0267985 0.0174019
22 0.5491619 0.6802078 0.0267985 0.0174018
10 0.6173762 0.6802078 0.0267985 0.0174018
16 0.4797294 0.7428547 0.0267985 0.0174018
20 0.5491619 0.7428547 0.0267985 0.0174018
23 0.2763045 0.8055015 0.0267985 0.0174019
19 0.3445189 0.8055015 0.0267985 0.0174019
11 0.4797294 0.8055015 0.0267985 0.0174019
