26 0.5341593 0.6155383 0.0277052 0.0169419
24 0.6046815 0.6155383 0.0277052 0.0169419
32 0.3950039 0.4376486 0.5100266 0.4337120
33 0.3937446 0.2501585 0.4621722 0.0158124
21 0.1815483 0.3105845 0.0277051 0.0169419
12 0.3918556 0.3105845 0.0277052 0.0169419
13 0.5341593 0.3105845 0.0277052 0.0169419
4 0.6046815 0.3105845 0.0277052 0.0169419
29 0.2520705 0.3715753 0.0277051 0.0169419
3 0.3225927 0.3715753 0.0277052 0.0169419
19 0.3918556 0.3715753 0.0277052 0.0169419
11 0.4636371 0.3715753 0.0277051 0.0169419
10 0.1815483 0.4325661 0.0277051 0.0169419
23 0.2520705 0.4325661 0.0277051 0.0169419
6 0.3225927 0.4325661 0.0277052 0.0169419
18 0.3918556 0.4325661 0.0277052 0.0169419
34 0.6046815 0.4320013 0.0654849 0.0609907
18 0.6046815 0.4325661 0.0277052 0.0169419
16 0.2520705 0.4935568 0.0277051 0.0169419
20 0.3225927 0.4935568 0.0277052 0.0169419
17 0.5341593 0.4935568 0.0277052 0.0169419
1 0.6046815 0.4935568 0.0277052 0.0169419
2 0.2520705 0.5545476 0.0277051 0.0169419
14 0.3225927 0.5545476 0.0277052 0.0169419
31 0.5341593 0.5545476 0.0277052 0.0169419
25 0.1815483 0.6155383 0.0277051 0.0169419
15 0.2520705 0.6155383 0.0277051 0.0169419
30 0.3918556 0.6155383 0.0277052 0.0169419
5 0.4636371 0.6155383 0.0277051 0.0169419
