11 0.6165463 0.6483555 0.0273100 0.0172877
19 0.8263369 0.6483555 0.0273100 0.0172877
32 0.6196497 0.4668342 0.5027525 0.4425662
33 0.6184084 0.2755165 0.4555807 0.0161352
22 0.4092385 0.3371761 0.0273100 0.0172877
30 0.5482713 0.3371761 0.0273100 0.0172877
15 0.6873042 0.3371761 0.0273100 0.0172877
18 0.7568205 0.3371761 0.0273100 0.0172877
2 0.8263369 0.3371761 0.0273100 0.0172877
34 0.4781342 0.3988358 0.0633096 0.0622359
15 0.4787549 0.3994120 0.0273100 0.0172877
29 0.6165463 0.3994120 0.0273100 0.0172877
24 0.6873042 0.3994120 0.0273100 0.0172877
23 0.4092385 0.4616479 0.0273100 0.0172877
9 0.5482713 0.4616479 0.0273100 0.0172877
5 0.6165463 0.4616479 0.0273100 0.0172877
7 0.6873042 0.4616479 0.0273100 0.0172877
20 0.7568205 0.4616479 0.0273100 0.0172877
6 0.4092385 0.5238838 0.0273100 0.0172878
13 0.4787549 0.5238838 0.0273100 0.0172878
17 0.5482713 0.5238838 0.0273100 0.0172878
25 0.6165463 0.5238838 0.0273100 0.0172878
12 0.6873042 0.5238838 0.0273100 0.0172878
31 0.8263369 0.5238838 0.0273100 0.0172878
27 0.4092385 0.5861197 0.0273100 0.0172877
10 0.4787549 0.5861197 0.0273100 0.0172877
21 0.6873042 0.5861197 0.0273100 0.0172877
4 0.4092385 0.6483555 0.0273100 0.0172877
8 0.4787549 0.6483555 0.0273100 0.0172877
