26 0.4689325 0.6537211 0.0265691 0.0168722
24 0.5365627 0.6537211 0.0265690 0.0168722
32 0.4031138 0.4765629 0.4891116 0.4319285
33 0.4019061 0.2898438 0.4432197 0.0157474
2 0.2660418 0.3500214 0.0265690 0.0168722
12 0.3336720 0.3500214 0.0265690 0.0168722
5 0.4689325 0.3500214 0.0265691 0.0168722
23 0.3336720 0.4107613 0.0265690 0.0168722
17 0.4000946 0.4107613 0.0265690 0.0168722
9 0.6041930 0.4107613 0.0265691 0.0168722
21 0.1984115 0.4715013 0.0265690 0.0168722
11 0.3336720 0.4715013 0.0265690 0.0168722
3 0.4000946 0.4715013 0.0265690 0.0168722
34 0.4683287 0.4709389 0.0640072 0.0607399
28 0.4689325 0.4715013 0.0265691 0.0168722
22 0.5365627 0.4715013 0.0265690 0.0168722
31 0.6041930 0.4715013 0.0265691 0.0168722
10 0.2660418 0.5322412 0.0265690 0.0168722
13 0.4689325 0.5322412 0.0265691 0.0168722
16 0.5365627 0.5322412 0.0265690 0.0168722
25 0.1984115 0.5929812 0.0265690 0.0168722
19 0.3336720 0.5929812 0.0265690 0.0168722
14 0.4000946 0.5929812 0.0265690 0.0168722
8 0.4689325 0.5929812 0.0265691 0.0168722
4 0.5365627 0.5929812 0.0265690 0.0168722
30 0.6041930 0.5929812 0.0265691 0.0168722
18 0.2660418 0.6537211 0.0265690 0.0168722
1 0.3336720 0.6537211 0.0265690 0.0168722
29 0.4000946 0.6537211 0.0265690 0.0168722
