25 0.6114751 0.5533722 0.0272704 0.0170740
16 0.6808907 0.5533722 0.0272704 0.0170740
32 0.5439190 0.3740943 0.5020227 0.4370966
33 0.5426795 0.1851411 0.4549194 0.0159358
27 0.4726442 0.2460386 0.0272704 0.0170741
3 0.5408201 0.2460386 0.0272704 0.0170741
13 0.6114751 0.2460386 0.0272704 0.0170741
5 0.6808907 0.2460386 0.0272704 0.0170741
12 0.7503062 0.2460386 0.0272704 0.0170741
10 0.4032287 0.3075054 0.0272704 0.0170741
7 0.4726442 0.3075054 0.0272704 0.0170741
1 0.7503062 0.3075054 0.0272704 0.0170741
8 0.3338132 0.3689720 0.0272704 0.0170741
4 0.4726442 0.3689720 0.0272704 0.0170741
20 0.6808907 0.3689720 0.0272704 0.0170741
30 0.7503062 0.3689720 0.0272704 0.0170741
14 0.3338132 0.4304387 0.0272704 0.0170740
15 0.4032287 0.4304387 0.0272704 0.0170740
17 0.4726442 0.4304387 0.0272704 0.0170740
29 0.5408201 0.4304387 0.0272704 0.0170740
23 0.7503062 0.4304387 0.0272704 0.0170740
2 0.3338132 0.4919054 0.0272704 0.0170741
22 0.5408201 0.4919054 0.0272704 0.0170741
11 0.6808907 0.4919054 0.0272704 0.0170741
34 0.7503062 0.4913363 0.0644572 0.0614667
11 0.7503062 0.4919054 0.0272704 0.0170741
24 0.3338132 0.5533722 0.0272704 0.0170740
19 0.4032287 0.5533722 0.0272704 0.0170740
26 0.4726442 0.5533722 0.0272704 0.0170740
