34 0.7581474 0.5209920 0.0637812 0.0602268
5 0.7581474 0.5215496 0.0269843 0.0167296
32 0.5539251 0.3458882 0.4967573 0.4282792
33 0.5526985 0.1607467 0.4501479 0.0156143
17 0.4833978 0.2204158 0.0269844 0.0167297
26 0.5508586 0.2204158 0.0269844 0.0167297
13 0.6207726 0.2204158 0.0269843 0.0167297
18 0.6894600 0.2204158 0.0269843 0.0167297
23 0.7581474 0.2204158 0.0269843 0.0167297
24 0.3460229 0.2806425 0.0269843 0.0167296
14 0.6207726 0.2806425 0.0269843 0.0167296
22 0.6894600 0.2806425 0.0269843 0.0167296
21 0.7581474 0.2806425 0.0269843 0.0167296
4 0.5508586 0.3408693 0.0269844 0.0167297
25 0.6207726 0.3408693 0.0269843 0.0167297
27 0.4833978 0.4010961 0.0269844 0.0167297
2 0.5508586 0.4010961 0.0269844 0.0167297
31 0.6894600 0.4010961 0.0269843 0.0167297
20 0.7581474 0.4010961 0.0269843 0.0167297
8 0.3460229 0.4613229 0.0269843 0.0167297
16 0.4833978 0.4613229 0.0269844 0.0167297
9 0.6207726 0.4613229 0.0269843 0.0167297
12 0.6894600 0.4613229 0.0269843 0.0167297
5 0.7581474 0.4613229 0.0269843 0.0167297
11 0.3460229 0.5215496 0.0269843 0.0167296
19 0.4147104 0.5215496 0.0269843 0.0167296
30 0.4833978 0.5215496 0.0269844 0.0167296
29 0.6894600 0.5215496 0.0269843 0.0167296
