26 0.5830878 0.6861500 0.0272631 0.0168089
19 0.6524847 0.6861500 0.0272630 0.0168089
32 0.5155497 0.5096568 0.5018884 0.4303073
33 0.5143105 0.3236386 0.4547977 0.0156883
15 0.3055001 0.3835903 0.0272631 0.0168089
20 0.3748970 0.3835903 0.0272631 0.0168089
2 0.4442939 0.3835903 0.0272631 0.0168089
10 0.7218816 0.3835903 0.0272631 0.0168089
30 0.3055001 0.4441022 0.0272631 0.0168089
31 0.3748970 0.4441022 0.0272631 0.0168089
29 0.4442939 0.4441022 0.0272631 0.0168089
12 0.5124516 0.4441022 0.0272631 0.0168089
7 0.6524847 0.4441022 0.0272630 0.0168089
18 0.3748970 0.5046142 0.0272631 0.0168089
5 0.4442939 0.5046142 0.0272631 0.0168089
8 0.5124516 0.5046142 0.0272631 0.0168089
6 0.7218816 0.5046142 0.0272631 0.0168089
14 0.4442939 0.5651262 0.0272631 0.0168089
3 0.6524847 0.5651262 0.0272630 0.0168089
24 0.3748970 0.6256382 0.0272631 0.0168089
27 0.4442939 0.6256382 0.0272631 0.0168089
9 0.5124516 0.6256382 0.0272631 0.0168089
1 0.5830878 0.6256382 0.0272631 0.0168089
16 0.6524847 0.6256382 0.0272630 0.0168089
23 0.3055001 0.6861500 0.0272631 0.0168089
11 0.4442939 0.6861500 0.0272631 0.0168089
34 0.5124516 0.6855897 0.0644400 0.0605119
29 0.5124516 0.6861500 0.0272631 0.0168089
