20 0.4740744 0.5218226 0.0262276 0.0160550
9 0.5420278 0.5218226 0.0262276 0.0160550
32 0.4770549 0.3532450 0.4828266 0.4110085
33 0.4758627 0.1755694 0.4375243 0.0149847
34 0.4085054 0.2322971 0.0619925 0.0577981
25 0.4085054 0.2328323 0.0262276 0.0160550
29 0.4740744 0.2328323 0.0262276 0.0160550
15 0.5420278 0.2328323 0.0262276 0.0160550
10 0.6087890 0.2328323 0.0262276 0.0160550
17 0.6755502 0.2328323 0.0262276 0.0160550
18 0.3417442 0.2906304 0.0262276 0.0160550
19 0.4740744 0.2906304 0.0262276 0.0160550
21 0.6087890 0.2906304 0.0262276 0.0160550
8 0.3417442 0.3484284 0.0262276 0.0160550
12 0.4085054 0.3484284 0.0262276 0.0160550
16 0.5420278 0.3484284 0.0262276 0.0160550
13 0.6755502 0.3484284 0.0262276 0.0160550
25 0.2749830 0.4062265 0.0262276 0.0160550
6 0.4085054 0.4062265 0.0262276 0.0160550
24 0.4740744 0.4062265 0.0262276 0.0160550
4 0.5420278 0.4062265 0.0262276 0.0160550
5 0.6755502 0.4062265 0.0262276 0.0160550
31 0.2749830 0.4640246 0.0262276 0.0160550
23 0.3417442 0.4640246 0.0262276 0.0160550
27 0.6087890 0.4640246 0.0262276 0.0160550
1 0.6755502 0.4640246 0.0262276 0.0160550
14 0.3417442 0.5218226 0.0262276 0.0160550
22 0.4085054 0.5218226 0.0262276 0.0160550
