23 0.6607584 0.6222989 0.0273969 0.0173958
24 0.8002335 0.6222989 0.0273969 0.0173958
32 0.5928889 0.4396425 0.5043518 0.4453338
33 0.5916436 0.2471284 0.4570300 0.0162361
10 0.3818082 0.3091736 0.0273969 0.0173958
16 0.5897756 0.3091736 0.0273969 0.0173958
31 0.6607584 0.3091736 0.0273969 0.0173958
3 0.7304959 0.3091736 0.0273969 0.0173958
27 0.8002335 0.3091736 0.0273969 0.0173958
18 0.5212833 0.3717986 0.0273969 0.0173958
14 0.6607584 0.3717986 0.0273969 0.0173958
6 0.7304959 0.3717986 0.0273969 0.0173958
34 0.8002335 0.3712188 0.0647563 0.0626251
16 0.8002335 0.3717986 0.0273969 0.0173958
29 0.4515458 0.4344237 0.0273969 0.0173959
1 0.5212833 0.4344237 0.0273969 0.0173959
20 0.5897756 0.4344237 0.0273969 0.0173959
5 0.6607584 0.4344237 0.0273969 0.0173959
4 0.7304959 0.4344237 0.0273969 0.0173959
25 0.5212833 0.4970488 0.0273969 0.0173959
26 0.7304959 0.4970488 0.0273969 0.0173959
17 0.8002335 0.4970488 0.0273969 0.0173959
2 0.3818082 0.5596739 0.0273969 0.0173958
13 0.4515458 0.5596739 0.0273969 0.0173958
9 0.5212833 0.5596739 0.0273969 0.0173958
21 0.8002335 0.5596739 0.0273969 0.0173958
12 0.3818082 0.6222989 0.0273969 0.0173958
30 0.4515458 0.6222989 0.0273969 0.0173958
