9 0.3268541 0.6138413 0.0287584 0.0170631
25 0.4732607 0.6138413 0.0287584 0.0170631
32 0.2607850 0.4346790 0.5190699 0.4368150
33 0.2543044 0.2458474 0.4797430 0.0159256
19 0.0340410 0.3067058 0.0287584 0.0170631
5 0.1072443 0.3067058 0.0287584 0.0170631
13 0.2523436 0.3067058 0.0287584 0.0170631
10 0.3268541 0.3067058 0.0287584 0.0170631
14 0.4732607 0.3067058 0.0287584 0.0170631
29 0.1072443 0.3681329 0.0287584 0.0170631
21 0.1804475 0.3681329 0.0287584 0.0170631
22 0.2523436 0.3681329 0.0287584 0.0170631
11 0.0340410 0.4295600 0.0287584 0.0170631
26 0.1072443 0.4295600 0.0287584 0.0170631
16 0.3268541 0.4295600 0.0287584 0.0170631
1 0.4000574 0.4295600 0.0287584 0.0170631
18 0.1072443 0.4909871 0.0287584 0.0170631
7 0.3268541 0.4909871 0.0287584 0.0170631
34 0.4732607 0.4904184 0.0679745 0.0614271
28 0.4732607 0.4909871 0.0287584 0.0170631
27 0.0340410 0.5524142 0.0287584 0.0170631
3 0.1072443 0.5524142 0.0287584 0.0170631
8 0.2523436 0.5524142 0.0287584 0.0170631
15 0.3268541 0.5524142 0.0287584 0.0170631
24 0.4732607 0.5524142 0.0287584 0.0170631
23 0.0340410 0.6138413 0.0287584 0.0170631
30 0.1072443 0.6138413 0.0287584 0.0170631
17 0.2523436 0.6138413 0.0287584 0.0170631
