10 0.6587228 0.6400585 0.0288164 0.0159746
13 0.8054242 0.6400585 0.0288163 0.0159746
32 0.5873368 0.4723252 0.5304829 0.4089496
33 0.5860270 0.2955398 0.4807091 0.0149096
11 0.3653199 0.3525158 0.0288164 0.0159746
27 0.4386707 0.3525158 0.0288164 0.0159746
24 0.5840623 0.3525158 0.0288163 0.0159746
1 0.8054242 0.3525158 0.0288163 0.0159746
15 0.3653199 0.4100243 0.0288164 0.0159746
19 0.4386707 0.4100243 0.0288164 0.0159746
34 0.5120213 0.4094918 0.0681114 0.0575086
18 0.5120213 0.4100243 0.0288163 0.0159746
18 0.5840623 0.4100243 0.0288163 0.0159746
30 0.6587228 0.4100243 0.0288164 0.0159746
21 0.3653199 0.4675329 0.0288164 0.0159746
26 0.4386707 0.4675329 0.0288164 0.0159746
25 0.5840623 0.4675329 0.0288163 0.0159746
8 0.7320735 0.4675329 0.0288163 0.0159746
29 0.3653199 0.5250414 0.0288164 0.0159746
6 0.7320735 0.5250414 0.0288163 0.0159746
20 0.3653199 0.5825499 0.0288164 0.0159746
12 0.4386707 0.5825499 0.0288164 0.0159746
17 0.5840623 0.5825499 0.0288163 0.0159746
2 0.6587228 0.5825499 0.0288164 0.0159746
4 0.8054242 0.5825499 0.0288163 0.0159746
16 0.3653199 0.6400585 0.0288164 0.0159746
3 0.5120213 0.6400585 0.0288163 0.0159746
22 0.5840623 0.6400585 0.0288163 0.0159746
