8 0.2752292 0.7226655 0.0282803 0.0164311
18 0.3485009 0.7226655 0.0282803 0.0164311
32 0.2784429 0.5501388 0.5206144 0.4206365
33 0.2771574 0.3683012 0.4717666 0.0153357
2 0.0605561 0.4269054 0.0282803 0.0164311
16 0.2045285 0.4269054 0.0282803 0.0164311
20 0.2752292 0.4269054 0.0282803 0.0164311
1 0.4204871 0.4269054 0.0282803 0.0164311
19 0.2045285 0.4860575 0.0282803 0.0164311
15 0.3485009 0.4860575 0.0282803 0.0164311
34 0.4198444 0.4855097 0.0655588 0.0591520
3 0.4204871 0.4860575 0.0282803 0.0164311
12 0.2045285 0.5452095 0.0282803 0.0164311
25 0.2752292 0.5452095 0.0282803 0.0164311
3 0.3485009 0.5452095 0.0282803 0.0164311
6 0.4204871 0.5452095 0.0282803 0.0164311
30 0.0605561 0.6043614 0.0282803 0.0164311
21 0.1325423 0.6043614 0.0282803 0.0164311
4 0.2045285 0.6043614 0.0282803 0.0164311
29 0.2752292 0.6043614 0.0282803 0.0164311
17 0.3485009 0.6043614 0.0282803 0.0164311
9 0.4924733 0.6043614 0.0282803 0.0164311
14 0.0605561 0.6635135 0.0282803 0.0164311
7 0.1325423 0.6635135 0.0282803 0.0164311
23 0.3485009 0.6635135 0.0282803 0.0164311
11 0.4204871 0.6635135 0.0282803 0.0164311
31 0.0605561 0.7226655 0.0282803 0.0164311
22 0.1325423 0.7226655 0.0282803 0.0164311
