11 0.2965324 0.7929494 0.0267142 0.0173348
16 0.3657463 0.7929494 0.0267142 0.0173348
32 0.2995681 0.6109336 0.4917831 0.4437720
33 0.2983538 0.4190946 0.4456405 0.0161792
18 0.0937477 0.4809222 0.0267141 0.0173348
19 0.2297470 0.4809222 0.0267141 0.0173348
2 0.2965324 0.4809222 0.0267142 0.0173348
31 0.3657463 0.4809222 0.0267142 0.0173348
5 0.5017456 0.4809222 0.0267141 0.0173348
22 0.0937477 0.5433277 0.0267141 0.0173349
9 0.1617474 0.5433277 0.0267141 0.0173349
10 0.2965324 0.5433277 0.0267142 0.0173349
4 0.3657463 0.5433277 0.0267142 0.0173349
17 0.4337460 0.5433277 0.0267142 0.0173349
24 0.5017456 0.5433277 0.0267141 0.0173349
25 0.0937477 0.6057331 0.0267141 0.0173348
11 0.5017456 0.6057331 0.0267141 0.0173348
23 0.2965324 0.6681386 0.0267142 0.0173349
20 0.3657463 0.6681386 0.0267142 0.0173349
30 0.4337460 0.6681386 0.0267142 0.0173349
21 0.5017456 0.6681386 0.0267141 0.0173349
13 0.1617474 0.7305440 0.0267141 0.0173349
8 0.2297470 0.7305440 0.0267141 0.0173349
14 0.3657463 0.7305440 0.0267142 0.0173349
26 0.4337460 0.7305440 0.0267142 0.0173349
29 0.5017456 0.7305440 0.0267141 0.0173349
12 0.0937477 0.7929494 0.0267141 0.0173348
34 0.2965324 0.7923716 0.0631425 0.0624054
