30 0.3297666 0.7514172 0.0281865 0.0160257
27 0.5462905 0.7514172 0.0281865 0.0160257
32 0.3329696 0.5831472 0.5188886 0.4102582
33 0.3316884 0.4057960 0.4702028 0.0149573
5 0.2593003 0.4629543 0.0281865 0.0160257
34 0.4739024 0.4624201 0.0653415 0.0576926
28 0.4745429 0.4629543 0.0281865 0.0160257
11 0.5462905 0.4629543 0.0281865 0.0160257
1 0.1158051 0.5206469 0.0281865 0.0160257
12 0.1875527 0.5206469 0.0281866 0.0160257
19 0.2593003 0.5206469 0.0281865 0.0160257
24 0.3297666 0.5206469 0.0281865 0.0160257
9 0.4027954 0.5206469 0.0281866 0.0160257
8 0.5462905 0.5206469 0.0281865 0.0160257
22 0.1158051 0.5783394 0.0281865 0.0160257
7 0.1875527 0.5783394 0.0281866 0.0160257
15 0.2593003 0.5783394 0.0281865 0.0160257
20 0.3297666 0.5783394 0.0281865 0.0160257
21 0.4745429 0.5783394 0.0281865 0.0160257
18 0.1158051 0.6360320 0.0281865 0.0160257
25 0.1875527 0.6360320 0.0281866 0.0160257
17 0.3297666 0.6360320 0.0281865 0.0160257
14 0.4027954 0.6360320 0.0281866 0.0160257
2 0.1158051 0.6937246 0.0281865 0.0160257
4 0.3297666 0.6937246 0.0281865 0.0160257
10 0.4027954 0.6937246 0.0281866 0.0160257
16 0.4745429 0.6937246 0.0281865 0.0160257
3 0.2593003 0.7514172 0.0281865 0.0160257
