4 0.4073412 0.6964323 0.0264290 0.0158754
14 0.6103642 0.6964323 0.0264291 0.0158754
32 0.4103445 0.5297403 0.4865343 0.4064110
33 0.4091431 0.3540522 0.4408842 0.0148171
34 0.2733941 0.4101454 0.0612673 0.0571516
3 0.2739947 0.4106745 0.0264290 0.0158754
27 0.4073412 0.4106745 0.0264290 0.0158754
7 0.4758163 0.4106745 0.0264290 0.0158754
31 0.2067208 0.4678261 0.0264290 0.0158754
19 0.2739947 0.4678261 0.0264290 0.0158754
21 0.3412686 0.4678261 0.0264290 0.0158754
2 0.4758163 0.4678261 0.0264290 0.0158754
9 0.2067208 0.5249776 0.0264290 0.0158754
12 0.2739947 0.5249776 0.0264290 0.0158754
10 0.4073412 0.5249776 0.0264290 0.0158754
24 0.5430903 0.5249776 0.0264290 0.0158754
17 0.2067208 0.5821292 0.0264290 0.0158754
5 0.2739947 0.5821292 0.0264290 0.0158754
25 0.3412686 0.5821292 0.0264290 0.0158754
20 0.4073412 0.5821292 0.0264290 0.0158754
1 0.4758163 0.5821292 0.0264290 0.0158754
30 0.6103642 0.5821292 0.0264291 0.0158754
29 0.4073412 0.6392807 0.0264290 0.0158754
15 0.4758163 0.6392807 0.0264290 0.0158754
22 0.6103642 0.6392807 0.0264291 0.0158754
3 0.2067208 0.6964323 0.0264290 0.0158754
16 0.2739947 0.6964323 0.0264290 0.0158754
11 0.3412686 0.6964323 0.0264290 0.0158754
