10 0.4765697 0.6434359 0.0277957 0.0169805
26 0.6180748 0.6434359 0.0277956 0.0169805
32 0.4077122 0.4651410 0.5116928 0.4347002
33 0.4064488 0.2772237 0.4636821 0.0158485
13 0.1935593 0.3377874 0.0277957 0.0169805
34 0.3350645 0.3372213 0.0656988 0.0611297
18 0.3350645 0.3377874 0.0277956 0.0169805
12 0.4765697 0.3377874 0.0277957 0.0169805
15 0.6180748 0.3377874 0.0277956 0.0169805
30 0.1935593 0.3989171 0.0277957 0.0169805
6 0.3350645 0.3989171 0.0277956 0.0169805
24 0.4045536 0.3989171 0.0277956 0.0169805
19 0.4765697 0.3989171 0.0277957 0.0169805
8 0.5473222 0.3989171 0.0277957 0.0169805
1 0.6180748 0.3989171 0.0277956 0.0169805
31 0.3350645 0.4600468 0.0277956 0.0169805
21 0.4045536 0.4600468 0.0277956 0.0169805
9 0.4765697 0.4600468 0.0277957 0.0169805
11 0.5473222 0.4600468 0.0277957 0.0169805
14 0.2643119 0.5211765 0.0277956 0.0169805
3 0.3350645 0.5211765 0.0277956 0.0169805
16 0.4765697 0.5211765 0.0277957 0.0169805
4 0.5473222 0.5211765 0.0277957 0.0169805
20 0.4765697 0.5823062 0.0277957 0.0169805
2 0.5473222 0.5823062 0.0277957 0.0169805
25 0.1935593 0.6434359 0.0277957 0.0169805
22 0.3350645 0.6434359 0.0277956 0.0169805
23 0.4045536 0.6434359 0.0277956 0.0169805
