3 0.6407160 0.5195127 0.0287526 0.0162058
22 0.7139043 0.5195127 0.0287525 0.0162058
32 0.4962999 0.3493521 0.5293079 0.4148681
33 0.4949930 0.1700080 0.4796445 0.0151254
7 0.2747747 0.2861495 0.0287525 0.0162058
11 0.3479630 0.2861495 0.0287525 0.0162058
13 0.5675278 0.2861495 0.0287526 0.0162058
21 0.6407160 0.2861495 0.0287526 0.0162058
23 0.2747747 0.3444903 0.0287525 0.0162058
20 0.3479630 0.3444903 0.0287525 0.0162058
10 0.4211512 0.3444903 0.0287525 0.0162058
26 0.4930326 0.3444903 0.0287525 0.0162058
17 0.6407160 0.3444903 0.0287526 0.0162058
25 0.7139043 0.3444903 0.0287525 0.0162058
15 0.2747747 0.4028311 0.0287525 0.0162058
14 0.4211512 0.4028311 0.0287525 0.0162058
5 0.4930326 0.4028311 0.0287525 0.0162058
29 0.6407160 0.4028311 0.0287526 0.0162058
34 0.7139043 0.4022909 0.0679605 0.0583408
1 0.7139043 0.4028311 0.0287525 0.0162058
2 0.2747747 0.4611719 0.0287525 0.0162058
8 0.3479630 0.4611719 0.0287525 0.0162058
30 0.4930326 0.4611719 0.0287525 0.0162058
18 0.5675278 0.4611719 0.0287526 0.0162058
16 0.7139043 0.4611719 0.0287525 0.0162058
9 0.3479630 0.5195127 0.0287525 0.0162058
4 0.4930326 0.5195127 0.0287525 0.0162058
12 0.5675278 0.5195127 0.0287526 0.0162058
