10 0.5811560 0.7609192 0.0261665 0.0172386
25 0.7155568 0.7609192 0.0261665 0.0172386
32 0.5841295 0.5799141 0.4817019 0.4413074
33 0.5829401 0.3891406 0.4365052 0.0160893
26 0.4491341 0.4506249 0.0261665 0.0172386
5 0.5811560 0.4506249 0.0261665 0.0172386
15 0.7155568 0.4506249 0.0261665 0.0172386
17 0.3825284 0.5126837 0.0261665 0.0172386
9 0.5157397 0.5126837 0.0261665 0.0172386
13 0.6489511 0.5126837 0.0261665 0.0172386
24 0.7821625 0.5126837 0.0261665 0.0172386
34 0.3825284 0.5741680 0.0618481 0.0620589
21 0.3825284 0.5747426 0.0261665 0.0172386
6 0.4491341 0.5747426 0.0261665 0.0172386
14 0.5157397 0.5747426 0.0261665 0.0172386
8 0.6489511 0.5747426 0.0261665 0.0172386
12 0.7821625 0.5747426 0.0261665 0.0172386
2 0.3825284 0.6368015 0.0261665 0.0172386
7 0.5157397 0.6368015 0.0261665 0.0172386
4 0.5811560 0.6368015 0.0261665 0.0172386
21 0.6489511 0.6368015 0.0261665 0.0172386
27 0.7821625 0.6368015 0.0261665 0.0172386
20 0.3825284 0.6988603 0.0261665 0.0172386
1 0.5157397 0.6988603 0.0261665 0.0172386
19 0.5811560 0.6988603 0.0261665 0.0172386
22 0.6489511 0.6988603 0.0261665 0.0172386
18 0.7155568 0.6988603 0.0261665 0.0172386
11 0.3825284 0.7609192 0.0261665 0.0172386
