19 0.4250683 0.7826789 0.0263116 0.0174525
24 0.5590182 0.7826789 0.0263116 0.0174525
32 0.3598872 0.5994274 0.4843727 0.4467845
33 0.3586913 0.4062862 0.4389254 0.0162890
6 0.1571683 0.4685336 0.0263116 0.0174525
21 0.2911183 0.4685336 0.0263116 0.0174525
30 0.3568973 0.4685336 0.0263116 0.0174525
17 0.5590182 0.4685336 0.0263116 0.0174525
20 0.1571683 0.5313626 0.0263116 0.0174525
4 0.2241433 0.5313626 0.0263116 0.0174525
14 0.2911183 0.5313626 0.0263116 0.0174525
13 0.1571683 0.5941917 0.0263116 0.0174525
7 0.2241433 0.5941917 0.0263116 0.0174525
31 0.4920432 0.5941917 0.0263116 0.0174525
16 0.5590182 0.5941917 0.0263116 0.0174525
29 0.3568973 0.6570208 0.0263116 0.0174525
34 0.5590182 0.6564390 0.0621911 0.0628290
9 0.5590182 0.6570208 0.0263116 0.0174525
22 0.1571683 0.7198499 0.0263116 0.0174525
15 0.2241433 0.7198499 0.0263116 0.0174525
9 0.2911183 0.7198499 0.0263116 0.0174525
27 0.3568973 0.7198499 0.0263116 0.0174525
3 0.4250683 0.7198499 0.0263116 0.0174525
18 0.4920432 0.7198499 0.0263116 0.0174525
11 0.1571683 0.7826789 0.0263116 0.0174525
10 0.2241433 0.7826789 0.0263116 0.0174525
12 0.2911183 0.7826789 0.0263116 0.0174525
5 0.3568973 0.7826789 0.0263116 0.0174525
