31 0.3936419 0.8100319 0.0272639 0.0173925
19 0.4630409 0.8100319 0.0272639 0.0173925
32 0.2567027 0.6274105 0.5019037 0.4452481
33 0.2554635 0.4349335 0.4548115 0.0162330
29 0.1160458 0.4969668 0.0272639 0.0173925
1 0.1854448 0.4969668 0.0272639 0.0173925
18 0.2536046 0.4969668 0.0272639 0.0173925
15 0.3936419 0.4969668 0.0272639 0.0173925
21 0.0466467 0.5595798 0.0272639 0.0173925
22 0.1854448 0.5595798 0.0272639 0.0173925
20 0.2536046 0.5595798 0.0272639 0.0173925
24 0.3936419 0.5595798 0.0272639 0.0173925
13 0.0466467 0.6221928 0.0272639 0.0173925
5 0.2536046 0.6221928 0.0272639 0.0173925
2 0.3936419 0.6221928 0.0272639 0.0173925
12 0.4630409 0.6221928 0.0272639 0.0173925
3 0.0466467 0.6848058 0.0272639 0.0173925
11 0.3242429 0.6848058 0.0272639 0.0173925
9 0.4630409 0.6848058 0.0272639 0.0173925
34 0.1854448 0.7468391 0.0644420 0.0626130
31 0.1854448 0.7474188 0.0272639 0.0173925
16 0.2536046 0.7474188 0.0272639 0.0173925
6 0.3936419 0.7474188 0.0272639 0.0173925
4 0.4630409 0.7474188 0.0272639 0.0173925
7 0.0466467 0.8100319 0.0272639 0.0173925
26 0.1854448 0.8100319 0.0272639 0.0173925
10 0.2536046 0.8100319 0.0272639 0.0173925
14 0.3242429 0.8100319 0.0272639 0.0173925
