6 0.7659653 0.5510872 0.0272125 0.0158483
8 0.8352335 0.5510872 0.0272125 0.0158483
32 0.6292843 0.3846801 0.5009574 0.4057165
33 0.6280474 0.2092922 0.4539540 0.0147917
12 0.4888925 0.2658178 0.0272125 0.0158483
4 0.5581607 0.2658178 0.0272125 0.0158483
18 0.6261920 0.2658178 0.0272125 0.0158483
19 0.7659653 0.2658178 0.0272125 0.0158483
3 0.8352335 0.2658178 0.0272125 0.0158483
1 0.4196244 0.3228717 0.0272125 0.0158483
2 0.6261920 0.3228717 0.0272125 0.0158483
15 0.4196244 0.3799256 0.0272125 0.0158483
22 0.4888925 0.3799256 0.0272125 0.0158483
23 0.6261920 0.3799256 0.0272125 0.0158483
7 0.7659653 0.3799256 0.0272125 0.0158483
9 0.8352335 0.3799256 0.0272125 0.0158483
26 0.4196244 0.4369794 0.0272125 0.0158483
24 0.5581607 0.4369794 0.0272125 0.0158483
27 0.6261920 0.4369794 0.0272125 0.0158483
21 0.6966971 0.4369794 0.0272125 0.0158483
20 0.8352335 0.4369794 0.0272125 0.0158483
5 0.4888925 0.4940333 0.0272125 0.0158483
34 0.5581607 0.4935050 0.0643204 0.0570539
6 0.5581607 0.4940333 0.0272125 0.0158483
16 0.7659653 0.4940333 0.0272125 0.0158483
25 0.4196244 0.5510872 0.0272125 0.0158483
11 0.4888925 0.5510872 0.0272125 0.0158483
10 0.6966971 0.5510872 0.0272125 0.0158483
