34 0.7086407 0.5558042 0.0658174 0.0587344
5 0.7086407 0.5563480 0.0278458 0.0163151
32 0.4978984 0.3850393 0.5126167 0.4176668
33 0.4966326 0.2044855 0.4645193 0.0152274
20 0.4251194 0.2626760 0.0278458 0.0163151
14 0.4947340 0.2626760 0.0278459 0.0163151
31 0.5668801 0.2626760 0.0278458 0.0163151
2 0.2833588 0.3214104 0.0278458 0.0163151
21 0.3542391 0.3214104 0.0278458 0.0163151
8 0.4251194 0.3214104 0.0278458 0.0163151
13 0.4947340 0.3214104 0.0278459 0.0163151
17 0.6377604 0.3214104 0.0278458 0.0163151
1 0.3542391 0.3801448 0.0278458 0.0163151
27 0.4251194 0.3801448 0.0278458 0.0163151
3 0.4947340 0.3801448 0.0278459 0.0163151
30 0.5668801 0.3801448 0.0278458 0.0163151
4 0.7086407 0.3801448 0.0278458 0.0163151
12 0.4251194 0.4388792 0.0278458 0.0163151
23 0.6377604 0.4388792 0.0278458 0.0163151
5 0.7086407 0.4388792 0.0278458 0.0163151
26 0.3542391 0.4976136 0.0278458 0.0163151
15 0.4947340 0.4976136 0.0278459 0.0163151
6 0.7086407 0.4976136 0.0278458 0.0163151
25 0.2833588 0.5563480 0.0278458 0.0163151
22 0.3542391 0.5563480 0.0278458 0.0163151
16 0.4251194 0.5563480 0.0278458 0.0163151
24 0.5668801 0.5563480 0.0278458 0.0163151
29 0.6377604 0.5563480 0.0278458 0.0163151
