3 0.3666266 0.7436224 0.0266351 0.0173229
22 0.5022234 0.7436224 0.0266351 0.0173229
32 0.3006442 0.5617323 0.4903276 0.4434654
33 0.2994335 0.3700259 0.4443216 0.0161680
5 0.0954330 0.4318108 0.0266351 0.0173229
29 0.1632314 0.4318108 0.0266351 0.0173229
15 0.2310298 0.4318108 0.0266351 0.0173229
12 0.2976175 0.4318108 0.0266351 0.0173229
24 0.3666266 0.4318108 0.0266351 0.0173229
7 0.4344250 0.4318108 0.0266351 0.0173229
30 0.5022234 0.4318108 0.0266351 0.0173229
34 0.0954330 0.4935957 0.0629556 0.0623623
9 0.0954330 0.4941732 0.0266351 0.0173229
26 0.1632314 0.4941732 0.0266351 0.0173229
11 0.2976175 0.4941732 0.0266351 0.0173229
23 0.5022234 0.4941732 0.0266351 0.0173229
27 0.5022234 0.5565354 0.0266351 0.0173229
17 0.1632314 0.6188978 0.0266351 0.0173229
10 0.2976175 0.6188978 0.0266351 0.0173229
25 0.3666266 0.6188978 0.0266351 0.0173229
21 0.4344250 0.6188978 0.0266351 0.0173229
19 0.5022234 0.6188978 0.0266351 0.0173229
31 0.0954330 0.6812601 0.0266351 0.0173229
1 0.1632314 0.6812601 0.0266351 0.0173229
9 0.2310298 0.6812601 0.0266351 0.0173229
4 0.2976175 0.6812601 0.0266351 0.0173229
8 0.5022234 0.6812601 0.0266351 0.0173229
16 0.1632314 0.7436224 0.0266351 0.0173229
