1 0.2922768 0.7468949 0.0276398 0.0161221
30 0.6440561 0.7468949 0.0276398 0.0161221
32 0.4348731 0.5776131 0.5088236 0.4127251
33 0.4336167 0.3991955 0.4610822 0.0150473
8 0.2219210 0.4566976 0.0276398 0.0161221
22 0.3626327 0.4566976 0.0276398 0.0161221
34 0.4317322 0.4561602 0.0653304 0.0580395
4 0.4317322 0.4566976 0.0276398 0.0161221
18 0.5737003 0.4566976 0.0276398 0.0161221
5 0.6440561 0.5147370 0.0276398 0.0161221
3 0.2219210 0.5727765 0.0276398 0.0161221
25 0.3626327 0.5727765 0.0276398 0.0161221
11 0.5033444 0.5727765 0.0276398 0.0161221
10 0.6440561 0.5727765 0.0276398 0.0161221
16 0.2219210 0.6308160 0.0276398 0.0161220
15 0.2922768 0.6308160 0.0276398 0.0161220
6 0.3626327 0.6308160 0.0276398 0.0161220
29 0.4317322 0.6308160 0.0276398 0.0161220
9 0.5033444 0.6308160 0.0276398 0.0161220
24 0.5737003 0.6308160 0.0276398 0.0161220
21 0.6440561 0.6308160 0.0276398 0.0161220
2 0.2219210 0.6888555 0.0276398 0.0161221
14 0.2922768 0.6888555 0.0276398 0.0161221
19 0.3626327 0.6888555 0.0276398 0.0161221
26 0.4317322 0.6888555 0.0276398 0.0161221
23 0.5033444 0.6888555 0.0276398 0.0161221
12 0.5737003 0.6888555 0.0276398 0.0161221
13 0.6440561 0.6888555 0.0276398 0.0161221
