29 0.6877032 0.7187743 0.0269809 0.0159043
6 0.8250607 0.7187743 0.0269809 0.0159043
32 0.6208642 0.5517793 0.4966942 0.4071495
33 0.6196378 0.3757720 0.4500908 0.0148440
5 0.4129884 0.4324973 0.0269809 0.0159043
12 0.4816671 0.4324973 0.0269809 0.0159043
15 0.6177982 0.4324973 0.0269809 0.0159043
16 0.6877032 0.4324973 0.0269809 0.0159043
34 0.7557687 0.4319671 0.0625467 0.0572554
16 0.7563820 0.4324973 0.0269809 0.0159043
26 0.4816671 0.4897527 0.0269809 0.0159043
3 0.5503458 0.4897527 0.0269809 0.0159043
7 0.6177982 0.4897527 0.0269809 0.0159043
10 0.6877032 0.4897527 0.0269809 0.0159043
24 0.4129884 0.5470081 0.0269809 0.0159043
23 0.5503458 0.5470081 0.0269809 0.0159043
31 0.6177982 0.5470081 0.0269809 0.0159043
9 0.7563820 0.5470081 0.0269809 0.0159043
19 0.8250607 0.5470081 0.0269809 0.0159043
13 0.5503458 0.6042634 0.0269809 0.0159043
20 0.6877032 0.6042634 0.0269809 0.0159043
14 0.7563820 0.6042634 0.0269809 0.0159043
17 0.4129884 0.6615188 0.0269809 0.0159043
1 0.4816671 0.6615188 0.0269809 0.0159043
25 0.5503458 0.6615188 0.0269809 0.0159043
30 0.6177982 0.6615188 0.0269809 0.0159043
22 0.7563820 0.6615188 0.0269809 0.0159043
11 0.8250607 0.6615188 0.0269809 0.0159043
