19 0.4535291 0.6500336 0.0273190 0.0161570
7 0.5230682 0.6500336 0.0273190 0.0161570
32 0.3858525 0.4803856 0.5029172 0.4136181
33 0.3846107 0.3015820 0.4557299 0.0150798
6 0.1753724 0.3592084 0.0273190 0.0161570
34 0.3144507 0.3586698 0.0645721 0.0581650
22 0.3144507 0.3592084 0.0273190 0.0161570
4 0.3827481 0.3592084 0.0273190 0.0161570
25 0.5230682 0.3592084 0.0273190 0.0161570
30 0.1753724 0.4173735 0.0273190 0.0161570
10 0.2449115 0.4173735 0.0273190 0.0161570
3 0.3827481 0.4173735 0.0273190 0.0161570
18 0.4535291 0.4173735 0.0273190 0.0161570
29 0.5230682 0.4173735 0.0273190 0.0161570
15 0.5926074 0.4173735 0.0273190 0.0161570
23 0.2449115 0.4755385 0.0273190 0.0161570
14 0.3144507 0.4755385 0.0273190 0.0161570
5 0.4535291 0.4755385 0.0273190 0.0161570
9 0.5230682 0.4755385 0.0273190 0.0161570
31 0.1753724 0.5337035 0.0273190 0.0161570
24 0.2449115 0.5337035 0.0273190 0.0161570
17 0.3144507 0.5337035 0.0273190 0.0161570
26 0.3827481 0.5337035 0.0273190 0.0161570
13 0.5230682 0.5337035 0.0273190 0.0161570
1 0.5926074 0.5337035 0.0273190 0.0161570
21 0.5230682 0.5918686 0.0273190 0.0161570
12 0.2449115 0.6500336 0.0273190 0.0161570
2 0.3144507 0.6500336 0.0273190 0.0161570
