34 0.6888651 0.7717520 0.0618156 0.0629006
6 0.6894711 0.7723344 0.0266655 0.0174724
32 0.5555374 0.5888742 0.4908883 0.4472931
33 0.5543253 0.3955132 0.4448296 0.0163076
23 0.4179675 0.4578314 0.0266655 0.0174724
16 0.5525072 0.4578314 0.0266655 0.0174724
31 0.6215952 0.4578314 0.0266655 0.0174724
24 0.6894711 0.4578314 0.0266655 0.0174724
3 0.3500916 0.5207320 0.0266655 0.0174724
13 0.4858434 0.5207320 0.0266655 0.0174724
26 0.5525072 0.5207320 0.0266655 0.0174724
5 0.6215952 0.5207320 0.0266655 0.0174724
10 0.6894711 0.5207320 0.0266655 0.0174724
25 0.7573470 0.5207320 0.0266656 0.0174724
20 0.3500916 0.5836325 0.0266655 0.0174724
9 0.4179675 0.5836325 0.0266655 0.0174724
19 0.4858434 0.5836325 0.0266655 0.0174724
8 0.7573470 0.5836325 0.0266656 0.0174724
18 0.4858434 0.6465332 0.0266655 0.0174724
14 0.5525072 0.6465332 0.0266655 0.0174724
15 0.6215952 0.6465332 0.0266655 0.0174724
22 0.6894711 0.6465332 0.0266655 0.0174724
1 0.7573470 0.6465332 0.0266656 0.0174724
30 0.4179675 0.7094337 0.0266655 0.0174724
7 0.6215952 0.7094337 0.0266655 0.0174724
4 0.6894711 0.7094337 0.0266655 0.0174724
27 0.4858434 0.7723344 0.0266655 0.0174724
12 0.6215952 0.7723344 0.0266655 0.0174724
