26 0.5682580 0.5474062 0.0277905 0.0168928
18 0.6389975 0.5474062 0.0277906 0.0168928
32 0.4994132 0.3700315 0.5115987 0.4324565
33 0.4981500 0.1830841 0.4635968 0.0157666
16 0.2852997 0.2433352 0.0277905 0.0168928
13 0.3560393 0.2433352 0.0277905 0.0168928
10 0.4267789 0.2433352 0.0277906 0.0168928
22 0.4962552 0.2433352 0.0277905 0.0168928
12 0.5682580 0.2433352 0.0277905 0.0168928
21 0.6389975 0.2433352 0.0277906 0.0168928
20 0.7097371 0.2433352 0.0277905 0.0168928
4 0.2852997 0.3041494 0.0277905 0.0168928
9 0.4267789 0.3041494 0.0277906 0.0168928
19 0.6389975 0.3041494 0.0277906 0.0168928
30 0.7097371 0.3041494 0.0277905 0.0168928
27 0.4267789 0.3649636 0.0277906 0.0168928
1 0.4962552 0.3649636 0.0277905 0.0168928
7 0.7097371 0.3649636 0.0277905 0.0168928
29 0.2852997 0.4257778 0.0277905 0.0168928
5 0.3560393 0.4257778 0.0277905 0.0168928
8 0.4267789 0.4257778 0.0277906 0.0168928
31 0.5682580 0.4257778 0.0277905 0.0168928
14 0.6389975 0.4257778 0.0277906 0.0168928
24 0.2852997 0.4865920 0.0277905 0.0168928
11 0.3560393 0.4865920 0.0277905 0.0168928
23 0.4267789 0.4865920 0.0277906 0.0168928
34 0.7097371 0.4860289 0.0656868 0.0608141
10 0.7097371 0.4865920 0.0277905 0.0168928
