22 0.5228067 0.7213478 0.0268671 0.0170368
19 0.6595850 0.7213478 0.0268671 0.0170368
32 0.4562494 0.5424613 0.4946001 0.4361423
33 0.4550282 0.3539206 0.4481932 0.0159010
20 0.3860284 0.4146852 0.0268672 0.0170368
7 0.4531963 0.4146852 0.0268672 0.0170368
30 0.2492501 0.4760177 0.0268672 0.0170368
5 0.3176392 0.4760177 0.0268672 0.0170368
2 0.4531963 0.4760177 0.0268672 0.0170368
27 0.5228067 0.4760177 0.0268671 0.0170368
9 0.5911958 0.4760177 0.0268672 0.0170368
15 0.6595850 0.4760177 0.0268671 0.0170368
1 0.2492501 0.5373503 0.0268672 0.0170368
14 0.4531963 0.5373503 0.0268672 0.0170368
34 0.5221960 0.5367823 0.0647255 0.0613325
25 0.5228067 0.5373503 0.0268671 0.0170368
29 0.5911958 0.5373503 0.0268672 0.0170368
21 0.3860284 0.5986827 0.0268672 0.0170368
3 0.5911958 0.5986827 0.0268672 0.0170368
10 0.6595850 0.5986827 0.0268671 0.0170368
24 0.2492501 0.6600153 0.0268672 0.0170368
6 0.3176392 0.6600153 0.0268672 0.0170368
16 0.3860284 0.6600153 0.0268672 0.0170368
18 0.5228067 0.6600153 0.0268671 0.0170368
12 0.2492501 0.7213478 0.0268672 0.0170368
13 0.3176392 0.7213478 0.0268672 0.0170368
31 0.3860284 0.7213478 0.0268672 0.0170368
26 0.4531963 0.7213478 0.0268672 0.0170368
