34 0.6974800 0.7248739 0.0663934 0.0589568
17 0.6974800 0.7254198 0.0280896 0.0163769
32 0.4848933 0.5534623 0.5171027 0.4192486
33 0.4836165 0.3722247 0.4685845 0.0152851
18 0.3399768 0.4306356 0.0280895 0.0163769
23 0.4114775 0.4306356 0.0280895 0.0163769
3 0.5544788 0.4306356 0.0280896 0.0163769
15 0.6259793 0.4306356 0.0280895 0.0163769
31 0.3399768 0.4895924 0.0280895 0.0163769
22 0.4114775 0.4895924 0.0280895 0.0163769
16 0.6974800 0.4895924 0.0280896 0.0163769
13 0.4114775 0.5485493 0.0280895 0.0163770
4 0.6974800 0.5485493 0.0280896 0.0163770
12 0.2684762 0.6075061 0.0280895 0.0163770
29 0.3399768 0.6075061 0.0280895 0.0163770
5 0.5544788 0.6075061 0.0280896 0.0163770
9 0.6974800 0.6075061 0.0280896 0.0163770
26 0.2684762 0.6664629 0.0280895 0.0163769
2 0.3399768 0.6664629 0.0280895 0.0163769
1 0.4114775 0.6664629 0.0280895 0.0163769
20 0.4817013 0.6664629 0.0280895 0.0163769
24 0.5544788 0.6664629 0.0280896 0.0163769
14 0.6259793 0.6664629 0.0280895 0.0163769
10 0.6974800 0.6664629 0.0280896 0.0163769
27 0.3399768 0.7254198 0.0280895 0.0163769
11 0.4114775 0.7254198 0.0280895 0.0163769
19 0.4817013 0.7254198 0.0280895 0.0163769
21 0.6259793 0.7254198 0.0280895 0.0163769
