3 0.5852613 0.5978567 0.0273950 0.0160747
6 0.7957047 0.5978567 0.0273950 0.0160747
32 0.5883744 0.4290721 0.5043171 0.4115130
33 0.5871291 0.2511785 0.4569984 0.0150031
19 0.3773083 0.3085117 0.0273950 0.0160747
24 0.5167738 0.3085117 0.0273950 0.0160747
17 0.7259720 0.3085117 0.0273950 0.0160747
27 0.7957047 0.3085117 0.0273950 0.0160747
23 0.3773083 0.3663807 0.0273950 0.0160747
34 0.4464185 0.3658449 0.0635066 0.0578690
31 0.4470411 0.3663807 0.0273950 0.0160747
7 0.5167738 0.3663807 0.0273950 0.0160747
20 0.5852613 0.3663807 0.0273950 0.0160747
1 0.3773083 0.4242497 0.0273950 0.0160747
21 0.5167738 0.4242497 0.0273950 0.0160747
8 0.5852613 0.4242497 0.0273950 0.0160747
26 0.7259720 0.4242497 0.0273950 0.0160747
4 0.7957047 0.4242497 0.0273950 0.0160747
15 0.4470411 0.4821187 0.0273950 0.0160748
29 0.6562393 0.4821187 0.0273950 0.0160748
2 0.7259720 0.4821187 0.0273950 0.0160748
25 0.5167738 0.5399878 0.0273950 0.0160747
12 0.5852613 0.5399878 0.0273950 0.0160747
11 0.6562393 0.5399878 0.0273950 0.0160747
18 0.7259720 0.5399878 0.0273950 0.0160747
30 0.7957047 0.5399878 0.0273950 0.0160747
14 0.3773083 0.5978567 0.0273950 0.0160747
5 0.4470411 0.5978567 0.0273950 0.0160747
