20 0.7605489 0.6784261 0.0284882 0.0164385
27 0.8330643 0.6784261 0.0284882 0.0164385
32 0.6174602 0.5058223 0.5244424 0.4208245
33 0.6161653 0.3239034 0.4752354 0.0153425
17 0.3979714 0.3825339 0.0284882 0.0164384
1 0.6142229 0.3825339 0.0284882 0.0164384
23 0.6880333 0.3825339 0.0284882 0.0164384
5 0.8330643 0.3825339 0.0284882 0.0164384
7 0.3979714 0.4417124 0.0284882 0.0164384
26 0.4704869 0.4417124 0.0284882 0.0164384
10 0.6142229 0.4417124 0.0284882 0.0164384
13 0.7605489 0.4417124 0.0284882 0.0164384
6 0.8330643 0.4417124 0.0284882 0.0164384
9 0.5430024 0.5008908 0.0284882 0.0164385
19 0.6142229 0.5008908 0.0284882 0.0164385
4 0.6880333 0.5008908 0.0284882 0.0164385
25 0.7605489 0.5008908 0.0284882 0.0164385
29 0.8330643 0.5008908 0.0284882 0.0164385
30 0.6142229 0.5600693 0.0284882 0.0164385
31 0.7605489 0.5600693 0.0284882 0.0164385
18 0.8330643 0.5600693 0.0284882 0.0164385
2 0.3979714 0.6192478 0.0284882 0.0164385
21 0.5430024 0.6192478 0.0284882 0.0164385
16 0.8330643 0.6192478 0.0284882 0.0164385
34 0.4698394 0.6778782 0.0660409 0.0591785
20 0.4704869 0.6784261 0.0284882 0.0164385
14 0.6142229 0.6784261 0.0284882 0.0164385
3 0.6880333 0.6784261 0.0284882 0.0164385
