29 0.6187048 0.5341825 0.0263207 0.0161863
27 0.7538976 0.5341825 0.0263207 0.0161863
32 0.6216958 0.3642259 0.4845403 0.4143703
33 0.6204994 0.1850971 0.4390772 0.0151073
30 0.4189067 0.2428284 0.0263207 0.0161864
2 0.5529030 0.2428284 0.0263207 0.0161864
8 0.4189067 0.3010992 0.0263207 0.0161864
14 0.4859049 0.3010992 0.0263207 0.0161864
18 0.5529030 0.3010992 0.0263207 0.0161864
12 0.7538976 0.3010992 0.0263207 0.0161864
25 0.8208957 0.3010992 0.0263207 0.0161864
15 0.4189067 0.3593700 0.0263207 0.0161863
4 0.4859049 0.3593700 0.0263207 0.0161863
1 0.5529030 0.3593700 0.0263207 0.0161863
24 0.6868993 0.3593700 0.0263206 0.0161863
31 0.8208957 0.3593700 0.0263207 0.0161863
6 0.4189067 0.4176409 0.0263207 0.0161864
20 0.4859049 0.4176409 0.0263207 0.0161864
17 0.5529030 0.4176409 0.0263207 0.0161864
22 0.6187048 0.4176409 0.0263207 0.0161864
5 0.6868993 0.4176409 0.0263206 0.0161864
16 0.8208957 0.4176409 0.0263207 0.0161864
11 0.4189067 0.4759117 0.0263207 0.0161863
13 0.5529030 0.4759117 0.0263207 0.0161863
19 0.6868993 0.4759117 0.0263206 0.0161863
34 0.8208957 0.4753721 0.0622125 0.0582709
13 0.8208957 0.4759117 0.0263207 0.0161863
10 0.5529030 0.5341825 0.0263207 0.0161863
