21 0.5710190 0.5451833 0.0262274 0.0174367
23 0.6377797 0.5451833 0.0262274 0.0174367
32 0.4392857 0.3620989 0.4828232 0.4463772
33 0.4380936 0.1691337 0.4375213 0.0162741
27 0.3039760 0.2313243 0.0262274 0.0174366
7 0.3707368 0.2313243 0.0262274 0.0174366
5 0.4363053 0.2313243 0.0262275 0.0174366
17 0.2372153 0.2940961 0.0262274 0.0174366
13 0.3039760 0.2940961 0.0262274 0.0174366
1 0.3707368 0.2940961 0.0262274 0.0174366
14 0.4363053 0.2940961 0.0262275 0.0174366
24 0.2372153 0.3568679 0.0262274 0.0174366
6 0.4363053 0.3568679 0.0262275 0.0174366
3 0.5710190 0.3568679 0.0262274 0.0174366
8 0.6377797 0.3568679 0.0262274 0.0174366
31 0.2372153 0.4196397 0.0262274 0.0174367
34 0.3033799 0.4190585 0.0607999 0.0627718
2 0.3039760 0.4196397 0.0262274 0.0174367
26 0.5042583 0.4196397 0.0262275 0.0174367
18 0.5710190 0.4196397 0.0262274 0.0174367
15 0.6377797 0.4196397 0.0262274 0.0174367
2 0.2372153 0.4824115 0.0262274 0.0174367
20 0.3039760 0.4824115 0.0262274 0.0174367
11 0.4363053 0.4824115 0.0262275 0.0174367
9 0.5042583 0.4824115 0.0262275 0.0174367
22 0.5710190 0.4824115 0.0262274 0.0174367
25 0.4363053 0.5451833 0.0262275 0.0174367
19 0.5042583 0.5451833 0.0262275 0.0174367
