16 0.6280344 0.6048149 0.0286810 0.0174333
10 0.7740465 0.6048149 0.0286810 0.0174333
32 0.5569838 0.4217651 0.5279903 0.4462930
33 0.5556802 0.2288363 0.4784505 0.0162711
3 0.3360101 0.2910152 0.0286810 0.0174333
14 0.4090162 0.2910152 0.0286810 0.0174333
24 0.6280344 0.2910152 0.0286810 0.0174333
5 0.7010405 0.2910152 0.0286810 0.0174333
30 0.7740465 0.2910152 0.0286810 0.0174333
20 0.3360101 0.3537751 0.0286810 0.0174333
7 0.5537246 0.3537751 0.0286810 0.0174333
4 0.6280344 0.3537751 0.0286810 0.0174333
17 0.7740465 0.3537751 0.0286810 0.0174333
1 0.3360101 0.4165351 0.0286810 0.0174333
2 0.4090162 0.4165351 0.0286810 0.0174333
27 0.4820222 0.4165351 0.0286810 0.0174333
19 0.5537246 0.4165351 0.0286810 0.0174333
6 0.6280344 0.4165351 0.0286810 0.0174333
21 0.7740465 0.4165351 0.0286810 0.0174333
31 0.3360101 0.4792950 0.0286810 0.0174333
25 0.5537246 0.4792950 0.0286810 0.0174333
23 0.7740465 0.4792950 0.0286810 0.0174333
18 0.4090162 0.5420550 0.0286810 0.0174333
11 0.4820222 0.5420550 0.0286810 0.0174333
29 0.4090162 0.6048149 0.0286810 0.0174333
34 0.4820222 0.6042338 0.0677914 0.0627599
16 0.4820222 0.6048149 0.0286810 0.0174333
13 0.5537246 0.6048149 0.0286810 0.0174333
