24 0.2822195 0.5219313 0.0262963 0.0159202
10 0.4172867 0.5219313 0.0262963 0.0159202
32 0.2852077 0.3547687 0.4840903 0.4075583
33 0.2840124 0.1785846 0.4386695 0.0148589
25 0.0826069 0.2353668 0.0262963 0.0159202
29 0.1495429 0.2353668 0.0262963 0.0159202
3 0.3503507 0.2353668 0.0262963 0.0159202
18 0.4172867 0.2353668 0.0262963 0.0159202
14 0.4842226 0.2353668 0.0262963 0.0159202
17 0.1495429 0.2926797 0.0262963 0.0159202
9 0.2164788 0.2926797 0.0262963 0.0159202
19 0.4172867 0.2926797 0.0262963 0.0159202
11 0.1495429 0.3499926 0.0262963 0.0159203
7 0.2822195 0.3499926 0.0262963 0.0159203
21 0.3503507 0.3499926 0.0262963 0.0159203
22 0.4172867 0.3499926 0.0262963 0.0159203
23 0.0826069 0.4073055 0.0262963 0.0159202
1 0.1495429 0.4073055 0.0262963 0.0159202
12 0.3503507 0.4073055 0.0262963 0.0159202
6 0.4172867 0.4073055 0.0262963 0.0159202
27 0.0826069 0.4646184 0.0262963 0.0159202
4 0.1495429 0.4646184 0.0262963 0.0159202
8 0.2164788 0.4646184 0.0262963 0.0159202
34 0.2822195 0.4640877 0.0621548 0.0573129
14 0.2822195 0.4646184 0.0262963 0.0159202
20 0.4172867 0.4646184 0.0262963 0.0159202
30 0.0826069 0.5219313 0.0262963 0.0159202
5 0.1495429 0.5219313 0.0262963 0.0159202
