1 0.5765043 0.6429514 0.0267031 0.0160923
11 0.7124476 0.6429514 0.0267032 0.0160923
32 0.5103534 0.4739828 0.4915805 0.4119615
33 0.5091396 0.2958953 0.4454569 0.0150194
15 0.3046178 0.3532910 0.0267031 0.0160922
20 0.5765043 0.3532910 0.0267031 0.0160922
30 0.6444759 0.3532910 0.0267032 0.0160922
12 0.3725895 0.4112231 0.0267031 0.0160923
19 0.5765043 0.4112231 0.0267031 0.0160923
7 0.7124476 0.4112231 0.0267032 0.0160923
23 0.3046178 0.4691551 0.0267031 0.0160923
25 0.5073189 0.4691551 0.0267031 0.0160923
22 0.5765043 0.4691551 0.0267031 0.0160923
34 0.6438690 0.4686187 0.0619027 0.0579321
14 0.6444759 0.4691551 0.0267032 0.0160923
5 0.7124476 0.4691551 0.0267032 0.0160923
2 0.3725895 0.5270872 0.0267031 0.0160922
26 0.4405611 0.5270872 0.0267031 0.0160922
4 0.5073189 0.5270872 0.0267031 0.0160922
18 0.5765043 0.5270872 0.0267031 0.0160922
31 0.6444759 0.5270872 0.0267032 0.0160922
29 0.7124476 0.5270872 0.0267032 0.0160922
6 0.3725895 0.5850193 0.0267031 0.0160923
13 0.4405611 0.5850193 0.0267031 0.0160923
9 0.5073189 0.5850193 0.0267031 0.0160923
14 0.3046178 0.6429514 0.0267031 0.0160923
24 0.3725895 0.6429514 0.0267031 0.0160923
21 0.4405611 0.6429514 0.0267031 0.0160923
