10 0.6182143 0.7761909 0.0288207 0.0170515
4 0.8396101 0.7761909 0.0288208 0.0170515
32 0.6214894 0.5971501 0.5305640 0.4365184
33 0.6201794 0.4084469 0.4807826 0.0159147
9 0.3994386 0.4692638 0.0288208 0.0170515
25 0.4728005 0.4692638 0.0288207 0.0170515
19 0.5461624 0.4692638 0.0288208 0.0170515
30 0.6928862 0.4692638 0.0288207 0.0170515
17 0.3994386 0.5306492 0.0288208 0.0170515
8 0.6182143 0.5306492 0.0288207 0.0170515
20 0.6928862 0.5306492 0.0288207 0.0170515
2 0.4728005 0.5920346 0.0288207 0.0170515
6 0.5461624 0.5920346 0.0288208 0.0170515
3 0.6182143 0.5920346 0.0288207 0.0170515
11 0.6928862 0.5920346 0.0288207 0.0170515
29 0.7662482 0.5920346 0.0288208 0.0170515
18 0.8396101 0.5920346 0.0288208 0.0170515
34 0.3994386 0.6528516 0.0681218 0.0613854
19 0.3994386 0.6534200 0.0288208 0.0170515
15 0.7662482 0.6534200 0.0288208 0.0170515
27 0.3994386 0.7148054 0.0288208 0.0170515
31 0.6182143 0.7148054 0.0288207 0.0170515
7 0.6928862 0.7148054 0.0288207 0.0170515
24 0.7662482 0.7148054 0.0288208 0.0170515
16 0.8396101 0.7148054 0.0288208 0.0170515
22 0.3994386 0.7761909 0.0288208 0.0170515
23 0.4728005 0.7761909 0.0288207 0.0170515
5 0.5461624 0.7761909 0.0288208 0.0170515
