29 0.5066553 0.5991720 0.0265226 0.0160886
27 0.5741675 0.5991720 0.0265226 0.0160886
32 0.3734393 0.4302416 0.4882579 0.4118685
33 0.3722337 0.2521942 0.4424460 0.0150160
4 0.1690943 0.3095770 0.0265226 0.0160886
25 0.2366065 0.3095770 0.0265227 0.0160886
24 0.3704253 0.3095770 0.0265227 0.0160886
34 0.5060525 0.3090407 0.0614843 0.0579190
6 0.5066553 0.3095770 0.0265226 0.0160886
9 0.1690943 0.3674960 0.0265226 0.0160886
21 0.4391431 0.3674960 0.0265226 0.0160886
5 0.5741675 0.3674960 0.0265226 0.0160886
31 0.1690943 0.4254150 0.0265226 0.0160886
30 0.4391431 0.4254150 0.0265226 0.0160886
10 0.1690943 0.4833340 0.0265226 0.0160886
6 0.2366065 0.4833340 0.0265227 0.0160886
20 0.3041187 0.4833340 0.0265226 0.0160886
22 0.3704253 0.4833340 0.0265227 0.0160886
7 0.4391431 0.4833340 0.0265226 0.0160886
2 0.5066553 0.4833340 0.0265226 0.0160886
17 0.1690943 0.5412530 0.0265226 0.0160887
15 0.3704253 0.5412530 0.0265227 0.0160887
19 0.4391431 0.5412530 0.0265226 0.0160887
13 0.5066553 0.5412530 0.0265226 0.0160887
14 0.1690943 0.5991720 0.0265226 0.0160886
1 0.2366065 0.5991720 0.0265227 0.0160886
8 0.3041187 0.5991720 0.0265226 0.0160886
3 0.3704253 0.5991720 0.0265227 0.0160886
