34 0.5518874 0.6509592 0.0649316 0.0590883
1 0.5518874 0.6515063 0.0274711 0.0164134
32 0.3439813 0.4791652 0.5057174 0.4201837
33 0.3427327 0.2975233 0.4582674 0.0153192
5 0.2022556 0.3560646 0.0274711 0.0164134
22 0.3408596 0.3560646 0.0274711 0.0164134
16 0.4120347 0.3560646 0.0274711 0.0164134
10 0.4819611 0.3560646 0.0274710 0.0164134
3 0.1323292 0.4151529 0.0274711 0.0164135
2 0.2022556 0.4151529 0.0274711 0.0164135
8 0.2721820 0.4151529 0.0274711 0.0164135
4 0.3408596 0.4151529 0.0274711 0.0164135
9 0.4120347 0.4151529 0.0274711 0.0164135
11 0.4819611 0.4151529 0.0274710 0.0164135
7 0.5518874 0.4151529 0.0274711 0.0164135
24 0.2022556 0.4742413 0.0274711 0.0164134
26 0.2721820 0.4742413 0.0274711 0.0164134
25 0.4120347 0.4742413 0.0274711 0.0164134
15 0.4819611 0.4742413 0.0274710 0.0164134
14 0.2022556 0.5333296 0.0274711 0.0164134
29 0.2721820 0.5333296 0.0274711 0.0164134
19 0.4819611 0.5333296 0.0274710 0.0164134
31 0.5518874 0.5333296 0.0274711 0.0164134
13 0.2721820 0.5924179 0.0274711 0.0164134
18 0.3408596 0.5924179 0.0274711 0.0164134
21 0.4120347 0.5924179 0.0274711 0.0164134
17 0.2022556 0.6515063 0.0274711 0.0164134
6 0.3408596 0.6515063 0.0274711 0.0164134
