7 0.4971577 0.5270965 0.0275047 0.0165723
9 0.5671697 0.5270965 0.0275047 0.0165723
32 0.3590089 0.3530882 0.5063373 0.4242488
33 0.3577586 0.1696890 0.4588291 0.0154674
31 0.1470973 0.2287966 0.0275047 0.0165722
24 0.2171094 0.2287966 0.0275047 0.0165722
18 0.2871215 0.2287966 0.0275047 0.0165722
26 0.3558833 0.2287966 0.0275047 0.0165722
3 0.1470973 0.2884566 0.0275047 0.0165722
15 0.2171094 0.2884566 0.0275047 0.0165722
34 0.3558833 0.2879042 0.0650112 0.0596600
14 0.3558833 0.2884566 0.0275047 0.0165722
20 0.4271456 0.2884566 0.0275047 0.0165722
14 0.4971577 0.2884566 0.0275047 0.0165722
17 0.1470973 0.3481166 0.0275047 0.0165722
6 0.2871215 0.3481166 0.0275047 0.0165722
4 0.4271456 0.3481166 0.0275047 0.0165722
21 0.1470973 0.4077765 0.0275047 0.0165722
22 0.4271456 0.4077765 0.0275047 0.0165722
16 0.4971577 0.4077765 0.0275047 0.0165722
19 0.5671697 0.4077765 0.0275047 0.0165722
10 0.2871215 0.4674365 0.0275047 0.0165722
12 0.3558833 0.4674365 0.0275047 0.0165722
1 0.4971577 0.4674365 0.0275047 0.0165722
2 0.5671697 0.4674365 0.0275047 0.0165722
29 0.3558833 0.5270965 0.0275047 0.0165723
23 0.4271456 0.5270965 0.0275047 0.0165723
