20 0.3464545 0.7124995 0.0277455 0.0167476
6 0.4170795 0.7124995 0.0277455 0.0167476
32 0.2777214 0.5366489 0.5107692 0.4287405
33 0.2764603 0.3513079 0.4628452 0.0156312
29 0.0639551 0.4110413 0.0277455 0.0167477
25 0.2052048 0.4110413 0.0277455 0.0167477
14 0.3464545 0.4110413 0.0277455 0.0167477
18 0.4170795 0.4110413 0.0277455 0.0167477
19 0.4877043 0.4110413 0.0277455 0.0167477
22 0.0639551 0.4713330 0.0277455 0.0167477
10 0.1345799 0.4713330 0.0277455 0.0167477
1 0.4170795 0.4713330 0.0277455 0.0167477
24 0.1345799 0.5316246 0.0277455 0.0167476
13 0.2052048 0.5316246 0.0277455 0.0167476
31 0.2745685 0.5316246 0.0277455 0.0167476
26 0.3464545 0.5316246 0.0277455 0.0167476
3 0.4170795 0.5316246 0.0277455 0.0167476
5 0.4877043 0.5316246 0.0277455 0.0167476
23 0.0639551 0.5919162 0.0277455 0.0167476
16 0.1345799 0.5919162 0.0277455 0.0167476
15 0.2052048 0.5919162 0.0277455 0.0167476
34 0.4164489 0.5913580 0.0643191 0.0602917
10 0.4170795 0.5919162 0.0277455 0.0167476
2 0.2052048 0.6522078 0.0277455 0.0167477
11 0.4170795 0.6522078 0.0277455 0.0167477
21 0.1345799 0.7124995 0.0277455 0.0167476
12 0.2745685 0.7124995 0.0277455 0.0167476
