14 0.7202762 0.6975965 0.0274670 0.0162869
8 0.7901923 0.6975965 0.0274670 0.0162869
32 0.5823169 0.5265840 0.5056426 0.4169446
33 0.5810684 0.3463424 0.4581995 0.0152011
16 0.3706961 0.4044323 0.0274670 0.0162869
29 0.4406121 0.4044323 0.0274670 0.0162869
22 0.5791956 0.4044323 0.0274670 0.0162869
25 0.7202762 0.4044323 0.0274670 0.0162869
21 0.7901923 0.4044323 0.0274670 0.0162869
12 0.3706961 0.4630651 0.0274670 0.0162869
11 0.7202762 0.4630651 0.0274670 0.0162869
34 0.3706961 0.5211551 0.0649220 0.0586328
16 0.3706961 0.5216979 0.0274670 0.0162869
7 0.5105281 0.5216979 0.0274670 0.0162869
27 0.5791956 0.5216979 0.0274670 0.0162869
5 0.6503601 0.5216979 0.0274670 0.0162869
1 0.7202762 0.5216979 0.0274670 0.0162869
18 0.3706961 0.5803308 0.0274670 0.0162869
17 0.5105281 0.5803308 0.0274670 0.0162869
30 0.5791956 0.5803308 0.0274670 0.0162869
20 0.7202762 0.5803308 0.0274670 0.0162869
19 0.5105281 0.6389636 0.0274670 0.0162869
6 0.5791956 0.6389636 0.0274670 0.0162869
13 0.7901923 0.6389636 0.0274670 0.0162869
2 0.3706961 0.6975965 0.0274670 0.0162869
23 0.4406121 0.6975965 0.0274670 0.0162869
3 0.5791956 0.6975965 0.0274670 0.0162869
