9 0.5924447 0.6460809 0.0280306 0.0170558
3 0.6637955 0.6460809 0.0280306 0.0170558
32 0.4516546 0.4669949 0.5160182 0.4366286
33 0.4503805 0.2782440 0.4676017 0.0159187
21 0.3070421 0.3390764 0.0280306 0.0170558
27 0.3783928 0.3390764 0.0280306 0.0170558
17 0.4484693 0.3390764 0.0280306 0.0170558
5 0.3783928 0.4004773 0.0280306 0.0170558
15 0.4484693 0.4004773 0.0280306 0.0170558
2 0.5210941 0.4004773 0.0280306 0.0170558
4 0.5924447 0.4004773 0.0280306 0.0170558
24 0.6637955 0.4004773 0.0280306 0.0170558
8 0.3070421 0.4618782 0.0280306 0.0170558
12 0.4484693 0.4618782 0.0280306 0.0170558
20 0.2356914 0.5232791 0.0280306 0.0170558
14 0.3070421 0.5232791 0.0280306 0.0170558
30 0.4484693 0.5232791 0.0280306 0.0170558
26 0.2356914 0.5846800 0.0280306 0.0170558
11 0.3070421 0.5846800 0.0280306 0.0170558
19 0.3783928 0.5846800 0.0280306 0.0170558
18 0.4484693 0.5846800 0.0280306 0.0170558
25 0.5210941 0.5846800 0.0280306 0.0170558
7 0.6637955 0.5846800 0.0280306 0.0170558
34 0.3064050 0.6455124 0.0649801 0.0614010
4 0.3070421 0.6460809 0.0280306 0.0170558
16 0.4484693 0.6460809 0.0280306 0.0170558
22 0.5210941 0.6460809 0.0280306 0.0170558
