5 0.7621909 0.5645121 0.0282453 0.0170098
17 0.8340881 0.5645121 0.0282453 0.0170098
32 0.6203222 0.3859093 0.5199712 0.4354507
33 0.6190383 0.1976675 0.4711839 0.0158758
11 0.4027045 0.2583358 0.0282454 0.0170098
10 0.6171125 0.2583358 0.0282454 0.0170098
26 0.7621909 0.2583358 0.0282453 0.0170098
3 0.8340881 0.2583358 0.0282453 0.0170098
6 0.4027045 0.3195711 0.0282454 0.0170098
1 0.4746018 0.3195711 0.0282454 0.0170098
4 0.5464991 0.3195711 0.0282454 0.0170098
25 0.6902937 0.3195711 0.0282454 0.0170098
13 0.8340881 0.3195711 0.0282453 0.0170098
15 0.5464991 0.3808063 0.0282454 0.0170098
21 0.6171125 0.3808063 0.0282454 0.0170098
29 0.6902937 0.3808063 0.0282454 0.0170098
23 0.8340881 0.3808063 0.0282453 0.0170098
16 0.4027045 0.4420416 0.0282454 0.0170098
14 0.4746018 0.4420416 0.0282454 0.0170098
7 0.5464991 0.4420416 0.0282454 0.0170098
34 0.4739599 0.5027099 0.0654779 0.0612353
2 0.4746018 0.5032768 0.0282454 0.0170098
19 0.6171125 0.5032768 0.0282454 0.0170098
2 0.7621909 0.5032768 0.0282453 0.0170098
9 0.4027045 0.5645121 0.0282454 0.0170098
18 0.5464991 0.5645121 0.0282454 0.0170098
20 0.6902937 0.5645121 0.0282454 0.0170098
