23 0.6924805 0.6301101 0.0282170 0.0165110
27 0.7643058 0.6301101 0.0282170 0.0165110
32 0.6225793 0.4567451 0.5194501 0.4226805
33 0.6212967 0.2740238 0.4707116 0.0154102
30 0.4051797 0.3329129 0.0282170 0.0165110
7 0.4770049 0.3329129 0.0282170 0.0165110
31 0.5488302 0.3329129 0.0282170 0.0165110
20 0.6193728 0.3329129 0.0282170 0.0165110
21 0.7643058 0.3329129 0.0282170 0.0165110
34 0.8361310 0.3323625 0.0666949 0.0594394
13 0.8361310 0.3329129 0.0282171 0.0165110
17 0.5488302 0.3923523 0.0282170 0.0165109
8 0.7643058 0.3923523 0.0282170 0.0165109
4 0.6193728 0.4517918 0.0282170 0.0165110
24 0.7643058 0.4517918 0.0282170 0.0165110
5 0.8361310 0.4517918 0.0282171 0.0165110
15 0.4051797 0.5112312 0.0282170 0.0165110
13 0.5488302 0.5112312 0.0282170 0.0165110
26 0.6924805 0.5112312 0.0282170 0.0165110
29 0.7643058 0.5112312 0.0282170 0.0165110
1 0.4051797 0.5706707 0.0282170 0.0165110
10 0.4770049 0.5706707 0.0282170 0.0165110
2 0.5488302 0.5706707 0.0282170 0.0165110
22 0.6193728 0.5706707 0.0282170 0.0165110
18 0.4051797 0.6301101 0.0282170 0.0165110
3 0.4770049 0.6301101 0.0282170 0.0165110
19 0.5488302 0.6301101 0.0282170 0.0165110
