24 0.3166009 0.5618997 0.0270467 0.0167308
17 0.5243690 0.5618997 0.0270468 0.0167308
32 0.3196744 0.3862265 0.4979060 0.4283081
33 0.3184450 0.2010724 0.4511889 0.0156154
26 0.1801377 0.2607456 0.0270467 0.0167308
30 0.2489840 0.2607456 0.0270467 0.0167308
15 0.3166009 0.2607456 0.0270467 0.0167308
10 0.3866766 0.2607456 0.0270468 0.0167308
1 0.4555228 0.2607456 0.0270467 0.0167308
16 0.5243690 0.2607456 0.0270468 0.0167308
7 0.1112915 0.3209764 0.0270467 0.0167308
9 0.1801377 0.3209764 0.0270467 0.0167308
6 0.3166009 0.3209764 0.0270467 0.0167308
18 0.3866766 0.3209764 0.0270468 0.0167308
11 0.4555228 0.3209764 0.0270467 0.0167308
25 0.4555228 0.3812072 0.0270467 0.0167308
22 0.1112915 0.4414381 0.0270467 0.0167308
19 0.1801377 0.4414381 0.0270467 0.0167308
29 0.3866766 0.4414381 0.0270468 0.0167308
34 0.5243690 0.4408804 0.0639286 0.0602308
3 0.5243690 0.4414381 0.0270468 0.0167308
8 0.1801377 0.5016689 0.0270467 0.0167308
21 0.2489840 0.5016689 0.0270467 0.0167308
27 0.3166009 0.5016689 0.0270467 0.0167308
5 0.5243690 0.5016689 0.0270468 0.0167308
13 0.1112915 0.5618997 0.0270467 0.0167308
23 0.1801377 0.5618997 0.0270467 0.0167308
