1 0.5170977 0.6163512 0.0279366 0.0164326
10 0.7317015 0.6163512 0.0279366 0.0164326
32 0.5202723 0.4438096 0.5142873 0.4206728
33 0.5190025 0.2619562 0.4660332 0.0153370
34 0.3050335 0.3200178 0.0660319 0.0591571
21 0.3050336 0.3205656 0.0279366 0.0164325
27 0.4472562 0.3205656 0.0279366 0.0164325
5 0.5170977 0.3205656 0.0279366 0.0164325
22 0.7317015 0.3205656 0.0279366 0.0164325
24 0.3050336 0.3797227 0.0279366 0.0164325
8 0.4472562 0.3797227 0.0279366 0.0164325
12 0.5170977 0.3797227 0.0279366 0.0164325
16 0.5894788 0.3797227 0.0279366 0.0164325
9 0.6605901 0.3797227 0.0279366 0.0164325
20 0.7317015 0.3797227 0.0279366 0.0164325
11 0.3761449 0.4388798 0.0279366 0.0164325
17 0.4472562 0.4388798 0.0279366 0.0164325
13 0.5894788 0.4388798 0.0279366 0.0164325
21 0.6605901 0.4388798 0.0279366 0.0164325
25 0.3761449 0.4980369 0.0279366 0.0164325
30 0.5170977 0.4980369 0.0279366 0.0164325
26 0.5894788 0.4980369 0.0279366 0.0164325
31 0.4472562 0.5571941 0.0279366 0.0164326
19 0.5170977 0.5571941 0.0279366 0.0164326
6 0.6605901 0.5571941 0.0279366 0.0164326
4 0.3050336 0.6163512 0.0279366 0.0164326
15 0.3761449 0.6163512 0.0279366 0.0164326
