30 0.3566591 0.7920925 0.0269790 0.0159402
6 0.4952332 0.7920925 0.0269790 0.0159402
32 0.3597249 0.6247203 0.4966592 0.4080693
33 0.3584986 0.4483154 0.4500591 0.0148775
13 0.1518639 0.5051688 0.0269790 0.0159402
34 0.2199246 0.5046375 0.0625423 0.0573847
10 0.2205377 0.5051688 0.0269790 0.0159402
21 0.3566591 0.5051688 0.0269790 0.0159402
24 0.5639070 0.5051688 0.0269790 0.0159402
7 0.1518639 0.5625535 0.0269790 0.0159402
4 0.2205377 0.5625535 0.0269790 0.0159402
5 0.4952332 0.5625535 0.0269790 0.0159402
15 0.1518639 0.6199383 0.0269790 0.0159402
8 0.2205377 0.6199383 0.0269790 0.0159402
25 0.2892116 0.6199383 0.0269790 0.0159402
22 0.4265593 0.6199383 0.0269790 0.0159402
27 0.1518639 0.6773230 0.0269790 0.0159402
2 0.2892116 0.6773230 0.0269790 0.0159402
16 0.3566591 0.6773230 0.0269790 0.0159402
3 0.4265593 0.6773230 0.0269790 0.0159402
29 0.4952332 0.6773230 0.0269790 0.0159402
10 0.5639070 0.6773230 0.0269790 0.0159402
31 0.2205377 0.7347078 0.0269790 0.0159402
19 0.4265593 0.7347078 0.0269790 0.0159402
26 0.4952332 0.7347078 0.0269790 0.0159402
1 0.1518639 0.7920925 0.0269790 0.0159402
9 0.2892116 0.7920925 0.0269790 0.0159402
