12 0.6195324 0.5814288 0.0265683 0.0164966
22 0.6871606 0.5814288 0.0265682 0.0164966
32 0.5537157 0.4082141 0.4890970 0.4223137
33 0.5525080 0.2256514 0.4432064 0.0153968
13 0.3490195 0.2844894 0.0265683 0.0164966
20 0.4166477 0.2844894 0.0265683 0.0164966
5 0.5506965 0.2844894 0.0265682 0.0164966
7 0.6871606 0.2844894 0.0265682 0.0164966
4 0.3490195 0.3438773 0.0265683 0.0164966
14 0.4166477 0.3438773 0.0265683 0.0164966
2 0.5506965 0.3438773 0.0265682 0.0164966
10 0.6195324 0.3438773 0.0265683 0.0164966
30 0.4842759 0.4032651 0.0265682 0.0164966
24 0.5506965 0.4032651 0.0265682 0.0164966
26 0.6871606 0.4032651 0.0265682 0.0164966
29 0.7547888 0.4032651 0.0265683 0.0164966
17 0.3490195 0.4626530 0.0265683 0.0164966
18 0.4166477 0.4626530 0.0265683 0.0164966
25 0.5506965 0.4626530 0.0265682 0.0164966
8 0.6195324 0.4626530 0.0265683 0.0164966
34 0.4160439 0.5214910 0.0615900 0.0593878
10 0.4166477 0.5220409 0.0265683 0.0164966
19 0.5506965 0.5220409 0.0265682 0.0164966
11 0.6195324 0.5220409 0.0265683 0.0164966
16 0.3490195 0.5814288 0.0265683 0.0164966
21 0.4166477 0.5814288 0.0265683 0.0164966
1 0.4842759 0.5814288 0.0265682 0.0164966
