9 0.4642717 0.7563759 0.0277065 0.0164089
14 0.5347972 0.7563759 0.0277065 0.0164089
32 0.3251096 0.5840824 0.5100511 0.4200678
33 0.3238502 0.4024906 0.4621945 0.0153150
15 0.1116437 0.4610157 0.0277065 0.0164089
21 0.2526949 0.4610157 0.0277065 0.0164089
22 0.3937460 0.4610157 0.0277065 0.0164089
11 0.4642717 0.4610157 0.0277065 0.0164089
7 0.1116437 0.5200878 0.0277065 0.0164089
6 0.1821693 0.5200878 0.0277065 0.0164089
30 0.3219611 0.5200878 0.0277065 0.0164089
18 0.3937460 0.5200878 0.0277065 0.0164089
17 0.4642717 0.5200878 0.0277065 0.0164089
24 0.5347972 0.5200878 0.0277065 0.0164089
25 0.3937460 0.5791597 0.0277065 0.0164089
8 0.4642717 0.5791597 0.0277065 0.0164089
34 0.5347972 0.5786128 0.0654881 0.0590720
15 0.5347972 0.5791597 0.0277065 0.0164089
1 0.1116437 0.6382317 0.0277065 0.0164089
19 0.1821693 0.6382317 0.0277065 0.0164089
16 0.3937460 0.6382317 0.0277065 0.0164089
4 0.5347972 0.6382317 0.0277065 0.0164089
29 0.1116437 0.6973039 0.0277065 0.0164089
5 0.3219611 0.6973039 0.0277065 0.0164089
3 0.4642717 0.6973039 0.0277065 0.0164089
13 0.1116437 0.7563759 0.0277065 0.0164089
26 0.3219611 0.7563759 0.0277065 0.0164089
