25 0.2680254 0.5701630 0.0267087 0.0160032
14 0.4731966 0.5701630 0.0267087 0.0160032
32 0.2710605 0.4021297 0.4916825 0.4096815
33 0.2698464 0.2250277 0.4455494 0.0149363
11 0.0652822 0.2821058 0.0267087 0.0160032
17 0.3372252 0.2821058 0.0267087 0.0160032
18 0.4052109 0.2821058 0.0267087 0.0160032
6 0.0652822 0.3397172 0.0267087 0.0160032
21 0.2012537 0.3397172 0.0267087 0.0160032
29 0.2680254 0.3397172 0.0267087 0.0160032
30 0.3372252 0.3397172 0.0267087 0.0160032
22 0.1332680 0.3973287 0.0267087 0.0160032
5 0.4052109 0.3973287 0.0267087 0.0160032
12 0.0652822 0.4549402 0.0267087 0.0160032
16 0.1332680 0.4549402 0.0267087 0.0160032
10 0.2012537 0.4549402 0.0267087 0.0160032
34 0.2680254 0.4544067 0.0631296 0.0576114
12 0.2680254 0.4549402 0.0267087 0.0160032
15 0.3372252 0.4549402 0.0267087 0.0160032
20 0.4052109 0.4549402 0.0267087 0.0160032
23 0.4731966 0.4549402 0.0267087 0.0160032
24 0.0652822 0.5125516 0.0267087 0.0160031
13 0.2012537 0.5125516 0.0267087 0.0160031
31 0.2680254 0.5125516 0.0267087 0.0160031
3 0.4731966 0.5125516 0.0267087 0.0160031
4 0.0652822 0.5701630 0.0267087 0.0160032
1 0.1332680 0.5701630 0.0267087 0.0160032
