6 0.4150155 0.6289981 0.0263472 0.0172391
17 0.4832787 0.6289981 0.0263472 0.0172391
32 0.4180095 0.4479877 0.4850278 0.4413205
33 0.4168119 0.2572086 0.4395191 0.0160898
1 0.2150163 0.3186947 0.0263472 0.0172391
30 0.4150155 0.3186947 0.0263472 0.0172391
3 0.4832787 0.3186947 0.0263472 0.0172391
23 0.5503442 0.3186947 0.0263472 0.0172391
4 0.6174098 0.3186947 0.0263472 0.0172391
7 0.3491475 0.3807553 0.0263472 0.0172390
29 0.4150155 0.3807553 0.0263472 0.0172390
15 0.4832787 0.3807553 0.0263472 0.0172390
34 0.5497454 0.3801807 0.0610776 0.0620607
1 0.5503442 0.3807553 0.0263472 0.0172390
16 0.2150163 0.4428161 0.0263472 0.0172391
11 0.3491475 0.4428161 0.0263472 0.0172391
9 0.4150155 0.4428161 0.0263472 0.0172391
24 0.5503442 0.4428161 0.0263472 0.0172391
25 0.6174098 0.4428161 0.0263472 0.0172391
26 0.2150163 0.5048767 0.0263472 0.0172391
31 0.3491475 0.5048767 0.0263472 0.0172391
12 0.4150155 0.5048767 0.0263472 0.0172391
20 0.6174098 0.5048767 0.0263472 0.0172391
8 0.2150163 0.5669374 0.0263472 0.0172391
10 0.3491475 0.5669374 0.0263472 0.0172391
22 0.4150155 0.5669374 0.0263472 0.0172391
13 0.2820819 0.6289981 0.0263472 0.0172391
