26 0.5286245 0.8056120 0.0262777 0.0165839
19 0.7304849 0.8056120 0.0262777 0.0165839
32 0.5316106 0.6314814 0.4837483 0.4245469
33 0.5304161 0.4479534 0.4383595 0.0154783
4 0.3291529 0.5071025 0.0262777 0.0165839
3 0.5967076 0.5071025 0.0262777 0.0165839
15 0.6635962 0.5071025 0.0262777 0.0165839
18 0.3291529 0.5668044 0.0262777 0.0165839
23 0.4629303 0.5668044 0.0262777 0.0165839
24 0.5286245 0.5668044 0.0262777 0.0165839
30 0.6635962 0.5668044 0.0262777 0.0165839
11 0.7304849 0.5668044 0.0262777 0.0165839
7 0.3960416 0.6265062 0.0262777 0.0165839
27 0.5967076 0.6265062 0.0262777 0.0165839
16 0.6635962 0.6265062 0.0262777 0.0165839
1 0.7304849 0.6265062 0.0262777 0.0165839
5 0.4629303 0.6862082 0.0262777 0.0165839
21 0.5286245 0.6862082 0.0262777 0.0165839
10 0.6635962 0.6862082 0.0262777 0.0165839
31 0.3291529 0.7459101 0.0262777 0.0165839
34 0.4629302 0.7453573 0.0621109 0.0597019
2 0.4629303 0.7459101 0.0262777 0.0165839
9 0.5286245 0.7459101 0.0262777 0.0165839
2 0.6635962 0.7459101 0.0262777 0.0165839
6 0.3291529 0.8056120 0.0262777 0.0165839
29 0.3960416 0.8056120 0.0262777 0.0165839
8 0.4629303 0.8056120 0.0262777 0.0165839
