26 0.5440748 0.5453010 0.0274973 0.0158791
13 0.7553041 0.5453010 0.0274973 0.0158791
32 0.5471995 0.3785705 0.5062004 0.4065048
33 0.5459496 0.2028419 0.4587051 0.0148205
8 0.3353452 0.2594773 0.0274973 0.0158791
16 0.4053384 0.2594773 0.0274973 0.0158791
29 0.4753315 0.2594773 0.0274973 0.0158791
6 0.6853110 0.2594773 0.0274973 0.0158791
12 0.4053384 0.3166420 0.0274973 0.0158791
7 0.4753315 0.3166420 0.0274973 0.0158791
4 0.5440748 0.3166420 0.0274973 0.0158791
34 0.6146929 0.3161127 0.0662435 0.0571647
14 0.6153178 0.3166420 0.0274973 0.0158791
5 0.6853110 0.3166420 0.0274973 0.0158791
11 0.4053384 0.3738068 0.0274973 0.0158790
2 0.4753315 0.3738068 0.0274973 0.0158790
18 0.6853110 0.3738068 0.0274973 0.0158790
1 0.7553041 0.3738068 0.0274973 0.0158790
22 0.5440748 0.4309715 0.0274973 0.0158791
23 0.6153178 0.4309715 0.0274973 0.0158791
30 0.6853110 0.4309715 0.0274973 0.0158791
19 0.7553041 0.4309715 0.0274973 0.0158791
9 0.4753315 0.4881362 0.0274973 0.0158791
21 0.6153178 0.4881362 0.0274973 0.0158791
25 0.3353452 0.5453010 0.0274973 0.0158791
15 0.4053384 0.5453010 0.0274973 0.0158791
24 0.4753315 0.5453010 0.0274973 0.0158791
