22 0.4341734 0.7331613 0.0273276 0.0158979
20 0.5049768 0.7331613 0.0273277 0.0158979
32 0.4372788 0.5662339 0.5030769 0.4069847
33 0.4360366 0.3902979 0.4558745 0.0148380
19 0.2267318 0.4470001 0.0273276 0.0158979
21 0.2962930 0.4470001 0.0273276 0.0158979
4 0.3658543 0.4470001 0.0273277 0.0158979
2 0.4341734 0.4470001 0.0273276 0.0158979
8 0.5745380 0.4470001 0.0273276 0.0158979
27 0.2962930 0.5042324 0.0273276 0.0158979
23 0.3658543 0.5042324 0.0273277 0.0158979
30 0.6440993 0.5042324 0.0273276 0.0158979
34 0.2267318 0.5609347 0.0645926 0.0572323
19 0.2267318 0.5614646 0.0273276 0.0158978
31 0.3658543 0.5614646 0.0273277 0.0158978
25 0.4341734 0.5614646 0.0273276 0.0158978
7 0.5745380 0.5614646 0.0273276 0.0158978
13 0.6440993 0.5614646 0.0273276 0.0158978
29 0.2962930 0.6186968 0.0273276 0.0158979
16 0.5745380 0.6186968 0.0273276 0.0158979
1 0.2267318 0.6759291 0.0273276 0.0158978
26 0.2962930 0.6759291 0.0273276 0.0158978
18 0.3658543 0.6759291 0.0273277 0.0158978
9 0.5049768 0.6759291 0.0273277 0.0158978
14 0.5745380 0.6759291 0.0273276 0.0158978
15 0.2962930 0.7331613 0.0273276 0.0158979
5 0.3658543 0.7331613 0.0273277 0.0158979
