25 0.2261101 0.7013494 0.0287643 0.0163372
12 0.2993284 0.7013494 0.0287643 0.0163372
32 0.3745079 0.5298089 0.5295254 0.4182320
33 0.3732005 0.3490106 0.4798415 0.0152480
26 0.1528918 0.4072799 0.0287643 0.0163372
15 0.2261101 0.4072799 0.0287643 0.0163372
30 0.2993284 0.4072799 0.0287643 0.0163372
11 0.4457651 0.4072799 0.0287643 0.0163372
31 0.5189834 0.4072799 0.0287643 0.0163372
9 0.5922017 0.4072799 0.0287643 0.0163372
19 0.1528918 0.4660938 0.0287643 0.0163372
27 0.2261101 0.4660938 0.0287643 0.0163372
22 0.2993284 0.4660938 0.0287643 0.0163372
21 0.4457651 0.4660938 0.0287643 0.0163372
7 0.5189834 0.4660938 0.0287643 0.0163372
8 0.5922017 0.4660938 0.0287643 0.0163372
16 0.2261101 0.5249077 0.0287643 0.0163372
34 0.4451113 0.5243631 0.0692959 0.0588139
30 0.4457651 0.5249077 0.0287643 0.0163372
6 0.5189834 0.5249077 0.0287643 0.0163372
1 0.1528918 0.5837216 0.0287643 0.0163372
13 0.3712392 0.5837216 0.0287643 0.0163372
14 0.5189834 0.5837216 0.0287643 0.0163372
29 0.1528918 0.6425355 0.0287643 0.0163372
3 0.3712392 0.6425355 0.0287643 0.0163372
17 0.4457651 0.6425355 0.0287643 0.0163372
23 0.5922017 0.6425355 0.0287643 0.0163372
