29 0.6601898 0.8144516 0.0270936 0.0172705
7 0.7291553 0.8144516 0.0270935 0.0172705
32 0.5241063 0.6331117 0.4987679 0.4421238
33 0.5228747 0.4419853 0.4519700 0.0161191
34 0.4532935 0.5030076 0.0640393 0.0621737
14 0.4532935 0.5035832 0.0270936 0.0172705
15 0.5912244 0.5035832 0.0270936 0.0172705
17 0.3153626 0.5657569 0.0270936 0.0172704
14 0.3843281 0.5657569 0.0270935 0.0172704
2 0.4532935 0.5657569 0.0270936 0.0172704
8 0.6601898 0.5657569 0.0270936 0.0172704
31 0.3153626 0.6279306 0.0270936 0.0172704
20 0.3843281 0.6279306 0.0270935 0.0172704
6 0.4532935 0.6279306 0.0270936 0.0172704
21 0.5912244 0.6279306 0.0270936 0.0172704
19 0.7291553 0.6279306 0.0270935 0.0172704
3 0.4532935 0.6901043 0.0270936 0.0172704
4 0.5210274 0.6901043 0.0270936 0.0172704
24 0.5912244 0.6901043 0.0270936 0.0172704
11 0.6601898 0.6901043 0.0270936 0.0172704
12 0.7291553 0.6901043 0.0270935 0.0172704
18 0.3843281 0.7522780 0.0270935 0.0172704
23 0.5210274 0.7522780 0.0270936 0.0172704
13 0.3153626 0.8144516 0.0270936 0.0172705
5 0.3843281 0.8144516 0.0270935 0.0172705
16 0.5210274 0.8144516 0.0270936 0.0172705
25 0.5912244 0.8144516 0.0270936 0.0172705
