17 0.4643793 0.5004584 0.0279791 0.0158993
4 0.6793098 0.5004584 0.0279791 0.0158993
32 0.4675587 0.3335158 0.5150703 0.4070220
33 0.4662869 0.1575636 0.4667427 0.0148393
10 0.2519923 0.2142711 0.0279791 0.0158993
29 0.3232119 0.2142711 0.0279791 0.0158993
19 0.5368707 0.2142711 0.0279791 0.0158993
18 0.6080902 0.2142711 0.0279791 0.0158993
31 0.3232119 0.2715086 0.0279791 0.0158993
7 0.5368707 0.2715086 0.0279791 0.0158993
8 0.6080902 0.2715086 0.0279791 0.0158993
25 0.6793098 0.2715086 0.0279791 0.0158993
2 0.2519923 0.3287460 0.0279791 0.0158993
22 0.3232119 0.3287460 0.0279791 0.0158993
21 0.4643793 0.3287460 0.0279791 0.0158993
30 0.6793098 0.3287460 0.0279791 0.0158993
34 0.2519923 0.3854535 0.0661325 0.0572375
7 0.2519923 0.3859835 0.0279791 0.0158993
13 0.3232119 0.3859835 0.0279791 0.0158993
9 0.3944315 0.3859835 0.0279791 0.0158993
15 0.4643793 0.3859835 0.0279791 0.0158993
3 0.6080902 0.3859835 0.0279791 0.0158993
20 0.2519923 0.4432210 0.0279791 0.0158993
23 0.3232119 0.4432210 0.0279791 0.0158993
27 0.3944315 0.4432210 0.0279791 0.0158993
12 0.5368707 0.4432210 0.0279791 0.0158993
5 0.2519923 0.5004584 0.0279791 0.0158993
