12 0.5115953 0.5440675 0.0283371 0.0164122
10 0.5837263 0.5440675 0.0283371 0.0164122
32 0.4413964 0.3717397 0.5216615 0.4201517
33 0.4401084 0.1901116 0.4727154 0.0153180
9 0.2230715 0.2486484 0.0283372 0.0164122
4 0.5837263 0.2486484 0.0283371 0.0164122
1 0.6558572 0.2486484 0.0283371 0.0164122
17 0.2230715 0.3077322 0.0283372 0.0164122
2 0.3673334 0.3077322 0.0283372 0.0164122
15 0.4381763 0.3077322 0.0283372 0.0164122
14 0.2230715 0.3668160 0.0283372 0.0164122
6 0.3673334 0.3668160 0.0283372 0.0164122
18 0.4381763 0.3668160 0.0283372 0.0164122
7 0.5115953 0.3668160 0.0283371 0.0164122
13 0.5837263 0.3668160 0.0283371 0.0164122
29 0.6558572 0.3668160 0.0283371 0.0164122
31 0.2230715 0.4258999 0.0283372 0.0164122
16 0.2952024 0.4258999 0.0283372 0.0164122
34 0.4381763 0.4253528 0.0669788 0.0590838
30 0.4381763 0.4258999 0.0283372 0.0164122
8 0.5115953 0.4258999 0.0283371 0.0164122
22 0.5837263 0.4258999 0.0283371 0.0164122
25 0.3673334 0.4849837 0.0283372 0.0164122
3 0.4381763 0.4849837 0.0283372 0.0164122
23 0.5115953 0.4849837 0.0283371 0.0164122
19 0.2952024 0.5440675 0.0283372 0.0164122
27 0.3673334 0.5440675 0.0283372 0.0164122
