21 0.4888231 0.6265377 0.0279769 0.0167462
25 0.5600370 0.6265377 0.0279769 0.0167462
32 0.4195167 0.4507021 0.5150291 0.4287039
33 0.4182450 0.2653770 0.4667055 0.0156298
10 0.3463953 0.3251053 0.0279769 0.0167462
18 0.4163375 0.3251053 0.0279769 0.0167462
16 0.2039674 0.3853917 0.0279769 0.0167462
5 0.2751814 0.3853917 0.0279769 0.0167462
17 0.4163375 0.3853917 0.0279769 0.0167462
24 0.4888231 0.3853917 0.0279769 0.0167462
6 0.5600370 0.3853917 0.0279769 0.0167462
20 0.6312509 0.3853917 0.0279769 0.0167462
2 0.3463953 0.4456782 0.0279769 0.0167462
11 0.6312509 0.4456782 0.0279769 0.0167462
4 0.2039674 0.5059647 0.0279769 0.0167463
23 0.3463953 0.5059647 0.0279769 0.0167463
27 0.4163375 0.5059647 0.0279769 0.0167463
1 0.5600370 0.5059647 0.0279769 0.0167463
13 0.6312509 0.5059647 0.0279769 0.0167463
22 0.2039674 0.5662512 0.0279769 0.0167462
29 0.2751814 0.5662512 0.0279769 0.0167462
31 0.3463953 0.5662512 0.0279769 0.0167462
15 0.4888231 0.5662512 0.0279769 0.0167462
34 0.6312508 0.5656930 0.0661272 0.0602865
7 0.6312509 0.5662512 0.0279769 0.0167462
7 0.2039674 0.6265377 0.0279769 0.0167462
19 0.3463953 0.6265377 0.0279769 0.0167462
