29 0.6196426 0.6751358 0.0266605 0.0171206
9 0.4148415 0.7367697 0.0266605 0.0171206
32 0.4178711 0.5570039 0.4907955 0.4382864
33 0.4166593 0.3675363 0.4447456 0.0159792
2 0.2803272 0.4285996 0.0266605 0.0171206
21 0.3481903 0.4285996 0.0266605 0.0171206
7 0.4148415 0.4285996 0.0266605 0.0171206
4 0.5517796 0.4285996 0.0266605 0.0171206
23 0.6196426 0.4285996 0.0266605 0.0171206
19 0.2803272 0.4902337 0.0266605 0.0171206
25 0.4148415 0.4902337 0.0266605 0.0171206
17 0.4839165 0.4902337 0.0266605 0.0171206
8 0.2803272 0.5518676 0.0266605 0.0171206
1 0.3481903 0.5518676 0.0266605 0.0171206
18 0.4148415 0.5518676 0.0266605 0.0171206
11 0.5517796 0.5518676 0.0266605 0.0171206
34 0.6196426 0.5512970 0.0630157 0.0616340
4 0.6196426 0.5518676 0.0266605 0.0171206
13 0.2124641 0.6135017 0.0266605 0.0171206
27 0.3481903 0.6135017 0.0266605 0.0171206
12 0.4839165 0.6135017 0.0266605 0.0171206
6 0.5517796 0.6135017 0.0266605 0.0171206
5 0.2124641 0.6751358 0.0266605 0.0171206
20 0.2803272 0.6751358 0.0266605 0.0171206
31 0.3481903 0.6751358 0.0266605 0.0171206
30 0.4148415 0.6751358 0.0266605 0.0171206
24 0.4839165 0.6751358 0.0266605 0.0171206
