34 0.6420765 0.5410883 0.0653410 0.0605317
16 0.6420765 0.5416488 0.0276442 0.0168144
32 0.4328597 0.3650981 0.5089056 0.4304473
33 0.4316032 0.1790193 0.4611565 0.0156934
17 0.2198733 0.2389905 0.0276443 0.0168143
23 0.2902405 0.2389905 0.0276443 0.0168143
11 0.4297183 0.2389905 0.0276442 0.0168143
16 0.5013421 0.2389905 0.0276443 0.0168143
29 0.6420765 0.2389905 0.0276442 0.0168143
3 0.2198733 0.2995222 0.0276443 0.0168144
14 0.6420765 0.2995222 0.0276442 0.0168144
20 0.2902405 0.3600538 0.0276443 0.0168144
27 0.3606077 0.3600538 0.0276442 0.0168144
1 0.5013421 0.3600538 0.0276443 0.0168144
4 0.6420765 0.3600538 0.0276442 0.0168144
9 0.2902405 0.4205855 0.0276443 0.0168144
15 0.3606077 0.4205855 0.0276442 0.0168144
18 0.5013421 0.4205855 0.0276443 0.0168144
6 0.6420765 0.4205855 0.0276442 0.0168144
22 0.2198733 0.4811171 0.0276443 0.0168144
21 0.2902405 0.4811171 0.0276443 0.0168144
8 0.3606077 0.4811171 0.0276442 0.0168144
5 0.5013421 0.4811171 0.0276443 0.0168144
30 0.5717093 0.4811171 0.0276443 0.0168144
31 0.6420765 0.4811171 0.0276442 0.0168144
7 0.2198733 0.5416488 0.0276443 0.0168144
12 0.5717093 0.5416488 0.0276443 0.0168144
