34 0.7560989 0.6659998 0.0651017 0.0573214
7 0.7560989 0.6665306 0.0275431 0.0159226
32 0.5476481 0.4993433 0.5070426 0.4076186
33 0.5463962 0.3231332 0.4594683 0.0148611
14 0.4055510 0.3799238 0.0275431 0.0159226
30 0.4756606 0.3799238 0.0275431 0.0159226
2 0.5445182 0.3799238 0.0275431 0.0159226
11 0.7560989 0.3799238 0.0275431 0.0159226
16 0.3354414 0.4372451 0.0275431 0.0159226
8 0.6158798 0.4372451 0.0275431 0.0159226
19 0.6859894 0.4372451 0.0275430 0.0159226
29 0.4756606 0.4945665 0.0275431 0.0159226
21 0.5445182 0.4945665 0.0275431 0.0159226
17 0.6158798 0.4945665 0.0275431 0.0159226
25 0.3354414 0.5518879 0.0275431 0.0159226
18 0.4055510 0.5518879 0.0275431 0.0159226
1 0.4756606 0.5518879 0.0275431 0.0159226
3 0.6859894 0.5518879 0.0275430 0.0159226
13 0.3354414 0.6092093 0.0275431 0.0159226
12 0.4055510 0.6092093 0.0275431 0.0159226
22 0.4756606 0.6092093 0.0275431 0.0159226
15 0.5445182 0.6092093 0.0275431 0.0159226
24 0.6158798 0.6092093 0.0275431 0.0159226
4 0.6859894 0.6092093 0.0275430 0.0159226
26 0.4756606 0.6665306 0.0275431 0.0159226
10 0.6158798 0.6665306 0.0275431 0.0159226
9 0.6859894 0.6665306 0.0275430 0.0159226
