17 0.4782619 0.6624953 0.0264463 0.0172068
31 0.5455797 0.6624953 0.0264463 0.0172068
32 0.3454293 0.4818243 0.4868525 0.4404930
33 0.3442272 0.2914028 0.4411725 0.0160596
6 0.1416725 0.3527736 0.0264463 0.0172068
1 0.4782619 0.3527736 0.0264463 0.0172068
15 0.1416725 0.4147179 0.0264463 0.0172068
30 0.4109440 0.4147179 0.0264463 0.0172068
29 0.4782619 0.4147179 0.0264463 0.0172068
18 0.5455797 0.4147179 0.0264463 0.0172068
25 0.1416725 0.4766623 0.0264463 0.0172068
19 0.2763082 0.4766623 0.0264463 0.0172068
13 0.3424240 0.4766623 0.0264463 0.0172068
22 0.4109440 0.4766623 0.0264463 0.0172068
2 0.2763082 0.5386066 0.0264463 0.0172068
3 0.3424240 0.5386066 0.0264463 0.0172068
9 0.4782619 0.5386066 0.0264463 0.0172068
7 0.1416725 0.6005509 0.0264463 0.0172068
20 0.2763082 0.6005509 0.0264463 0.0172068
10 0.3424240 0.6005509 0.0264463 0.0172068
34 0.4103429 0.5999773 0.0637115 0.0619443
7 0.4109440 0.6005509 0.0264463 0.0172068
24 0.4782619 0.6005509 0.0264463 0.0172068
14 0.5455797 0.6005509 0.0264463 0.0172068
11 0.1416725 0.6624953 0.0264463 0.0172068
27 0.2089904 0.6624953 0.0264463 0.0172068
4 0.2763082 0.6624953 0.0264463 0.0172068
