22 0.3283221 0.7009204 0.0263511 0.0158557
19 0.6637000 0.7009204 0.0263511 0.0158557
32 0.4642699 0.5344357 0.4851001 0.4059057
33 0.4630722 0.3589660 0.4395844 0.0147987
24 0.2612466 0.4155180 0.0263511 0.0158557
8 0.3283221 0.4155180 0.0263511 0.0158557
26 0.3953977 0.4155180 0.0263511 0.0158557
30 0.4612755 0.4155180 0.0263511 0.0158557
11 0.5295489 0.4155180 0.0263511 0.0158557
29 0.6637000 0.4155180 0.0263511 0.0158557
18 0.3283221 0.4725985 0.0263511 0.0158557
4 0.5966244 0.4725985 0.0263511 0.0158557
34 0.6637000 0.4720700 0.0622845 0.0570805
28 0.6637000 0.4725985 0.0263511 0.0158557
6 0.2612466 0.5296790 0.0263511 0.0158557
16 0.5295489 0.5296790 0.0263511 0.0158557
25 0.6637000 0.5296790 0.0263511 0.0158557
31 0.2612466 0.5867594 0.0263511 0.0158557
14 0.3953977 0.5867594 0.0263511 0.0158557
10 0.4612755 0.5867594 0.0263511 0.0158557
5 0.5966244 0.5867594 0.0263511 0.0158557
23 0.3283221 0.6438399 0.0263511 0.0158557
12 0.3953977 0.6438399 0.0263511 0.0158557
27 0.4612755 0.6438399 0.0263511 0.0158557
17 0.5295489 0.6438399 0.0263511 0.0158557
7 0.5966244 0.6438399 0.0263511 0.0158557
3 0.2612466 0.7009204 0.0263511 0.0158557
