12 0.3805965 0.6593722 0.0276952 0.0169785
15 0.5228491 0.6593722 0.0276952 0.0169785
32 0.3837436 0.4810980 0.5098435 0.4346497
33 0.3824847 0.2932025 0.4620063 0.0158466
17 0.1703647 0.3537592 0.0276952 0.0169785
9 0.2408615 0.3537592 0.0276952 0.0169785
5 0.3113584 0.3537592 0.0276952 0.0169785
26 0.3805965 0.3537592 0.0276952 0.0169785
11 0.4523522 0.3537592 0.0276952 0.0169785
19 0.5933459 0.3537592 0.0276952 0.0169785
6 0.1703647 0.4148818 0.0276952 0.0169785
7 0.3805965 0.4148818 0.0276952 0.0169785
14 0.5228491 0.4148818 0.0276952 0.0169785
23 0.2408615 0.4760044 0.0276952 0.0169785
2 0.3113584 0.4760044 0.0276952 0.0169785
21 0.4523522 0.4760044 0.0276952 0.0169785
25 0.5228491 0.4760044 0.0276952 0.0169785
1 0.3805965 0.5371270 0.0276952 0.0169785
16 0.4523522 0.5371270 0.0276952 0.0169785
24 0.5933459 0.5371270 0.0276952 0.0169785
8 0.1703647 0.5982496 0.0276952 0.0169786
4 0.3113584 0.5982496 0.0276952 0.0169786
34 0.4517228 0.5976836 0.0667202 0.0611226
17 0.4523522 0.5982496 0.0276952 0.0169786
31 0.5228491 0.5982496 0.0276952 0.0169786
30 0.5933459 0.5982496 0.0276952 0.0169786
29 0.1703647 0.6593722 0.0276952 0.0169785
