22 0.4812968 0.6367700 0.0269931 0.0170876
29 0.7561363 0.6367700 0.0269931 0.0170876
32 0.5518472 0.4573497 0.4969196 0.4374439
33 0.5506202 0.2682464 0.4502950 0.0159485
19 0.3438771 0.3291923 0.0269931 0.0170876
24 0.4812968 0.3291923 0.0269931 0.0170876
8 0.7561363 0.3291923 0.0269931 0.0170876
17 0.3438771 0.3907079 0.0269931 0.0170877
26 0.4812968 0.3907079 0.0269931 0.0170877
3 0.6874265 0.3907079 0.0269931 0.0170877
20 0.7561363 0.3907079 0.0269931 0.0170877
7 0.4125870 0.4522234 0.0269931 0.0170876
13 0.4812968 0.4522234 0.0269931 0.0170876
12 0.5487798 0.4522234 0.0269931 0.0170876
34 0.6181031 0.4516538 0.0650290 0.0615155
16 0.6187166 0.4522234 0.0269931 0.0170876
16 0.6874265 0.4522234 0.0269931 0.0170876
14 0.4125870 0.5137389 0.0269931 0.0170877
4 0.5487798 0.5137389 0.0269931 0.0170877
18 0.6187166 0.5137389 0.0269931 0.0170877
9 0.6874265 0.5137389 0.0269931 0.0170877
27 0.7561363 0.5137389 0.0269931 0.0170877
15 0.4812968 0.5752545 0.0269931 0.0170877
1 0.5487798 0.5752545 0.0269931 0.0170877
2 0.6187166 0.5752545 0.0269931 0.0170877
5 0.6874265 0.5752545 0.0269931 0.0170877
6 0.4125870 0.6367700 0.0269931 0.0170876
