18 0.3366633 0.6781445 0.0264555 0.0159725
25 0.4713461 0.6781445 0.0264555 0.0159725
32 0.2711257 0.5104330 0.4870226 0.4088964
33 0.2699232 0.3336705 0.4413266 0.0149077
21 0.1346391 0.3906392 0.0264555 0.0159725
7 0.2019806 0.3906392 0.0264556 0.0159725
9 0.2681194 0.3906392 0.0264556 0.0159725
12 0.4713461 0.3906392 0.0264555 0.0159725
17 0.1346391 0.4481402 0.0264555 0.0159725
1 0.2019806 0.4481402 0.0264556 0.0159725
2 0.2681194 0.4481402 0.0264556 0.0159725
24 0.3366633 0.4481402 0.0264555 0.0159725
6 0.0672978 0.5056413 0.0264555 0.0159725
16 0.2019806 0.5056413 0.0264556 0.0159725
4 0.2681194 0.5056413 0.0264556 0.0159725
14 0.4040047 0.5056413 0.0264555 0.0159725
26 0.4713461 0.5056413 0.0264555 0.0159725
30 0.0672978 0.5631424 0.0264555 0.0159725
31 0.4040047 0.5631424 0.0264555 0.0159725
15 0.4713461 0.5631424 0.0264555 0.0159725
27 0.2019806 0.6206434 0.0264556 0.0159726
22 0.4040047 0.6206434 0.0264555 0.0159726
29 0.4713461 0.6206434 0.0264555 0.0159726
11 0.1346391 0.6781445 0.0264555 0.0159725
5 0.2019806 0.6781445 0.0264556 0.0159725
34 0.2681194 0.6776120 0.0625313 0.0575011
22 0.2681194 0.6781445 0.0264556 0.0159725
