27 0.6141174 0.6569709 0.0263620 0.0169999
23 0.7483237 0.6569709 0.0263619 0.0169999
32 0.5488115 0.4784724 0.4852999 0.4351964
33 0.5476132 0.2903406 0.4397656 0.0158665
26 0.5458158 0.3509734 0.0263620 0.0169999
12 0.6812206 0.3509734 0.0263620 0.0169999
18 0.7483237 0.3509734 0.0263619 0.0169999
10 0.4128077 0.4121730 0.0263620 0.0169999
22 0.4799109 0.4121730 0.0263620 0.0169999
25 0.6141174 0.4121730 0.0263620 0.0169999
5 0.6812206 0.4121730 0.0263620 0.0169999
7 0.6141174 0.4733724 0.0263620 0.0169999
20 0.3457045 0.5345719 0.0263620 0.0169999
24 0.4128077 0.5345719 0.0263620 0.0169999
13 0.4799109 0.5345719 0.0263620 0.0169999
9 0.5458158 0.5345719 0.0263620 0.0169999
8 0.6141174 0.5345719 0.0263620 0.0169999
14 0.7483237 0.5345719 0.0263619 0.0169999
30 0.4128077 0.5957715 0.0263620 0.0169999
4 0.4799109 0.5957715 0.0263620 0.0169999
21 0.5458158 0.5957715 0.0263620 0.0169999
2 0.6812206 0.5957715 0.0263620 0.0169999
29 0.3457045 0.6569709 0.0263620 0.0169999
16 0.4128077 0.6569709 0.0263620 0.0169999
34 0.4799109 0.6564042 0.0623101 0.0611995
7 0.4799109 0.6569709 0.0263620 0.0169999
6 0.5458158 0.6569709 0.0263620 0.0169999
