4 0.7380367 0.7053917 0.0280695 0.0162714
11 0.8094861 0.7053917 0.0280695 0.0162714
32 0.5970517 0.5345427 0.5167322 0.4165462
33 0.5957758 0.3544733 0.4682487 0.0151866
7 0.3807897 0.4125077 0.0280694 0.0162713
13 0.4522391 0.4125077 0.0280694 0.0162713
10 0.5938620 0.4125077 0.0280694 0.0162713
20 0.7380367 0.4125077 0.0280695 0.0162713
17 0.4522391 0.4710845 0.0280694 0.0162713
15 0.5236885 0.4710845 0.0280694 0.0162713
12 0.3807897 0.5296613 0.0280694 0.0162714
21 0.5236885 0.5296613 0.0280694 0.0162714
6 0.6665872 0.5296613 0.0280694 0.0162714
27 0.7380367 0.5296613 0.0280695 0.0162714
22 0.3807897 0.5882381 0.0280694 0.0162713
5 0.4522391 0.5882381 0.0280694 0.0162713
2 0.5236885 0.5882381 0.0280694 0.0162713
14 0.6665872 0.5882381 0.0280694 0.0162713
16 0.7380367 0.5882381 0.0280695 0.0162713
23 0.8094861 0.5882381 0.0280695 0.0162713
18 0.4522391 0.6468149 0.0280694 0.0162713
34 0.5938620 0.6462725 0.0663458 0.0585769
10 0.5938620 0.6468149 0.0280694 0.0162713
3 0.6665872 0.6468149 0.0280694 0.0162713
29 0.8094861 0.6468149 0.0280695 0.0162713
1 0.3807897 0.7053917 0.0280694 0.0162714
25 0.5938620 0.7053917 0.0280694 0.0162714
