10 0.7007930 0.6916314 0.0271143 0.0164244
16 0.7698114 0.6916314 0.0271143 0.0164244
32 0.5646051 0.5191757 0.4991503 0.4204635
33 0.5633727 0.3374128 0.4523164 0.0153294
30 0.4247198 0.3959930 0.0271143 0.0164244
7 0.6317747 0.3959930 0.0271144 0.0164244
25 0.7007930 0.3959930 0.0271143 0.0164244
26 0.7698114 0.3959930 0.0271143 0.0164244
27 0.7698114 0.4551206 0.0271143 0.0164244
23 0.4247198 0.5142484 0.0271143 0.0164244
29 0.5615240 0.5142484 0.0271144 0.0164244
11 0.6317747 0.5142484 0.0271144 0.0164244
19 0.7007930 0.5142484 0.0271143 0.0164244
20 0.7698114 0.5142484 0.0271143 0.0164244
14 0.4937381 0.5733761 0.0271143 0.0164244
3 0.5615240 0.5733761 0.0271144 0.0164244
13 0.6317747 0.5733761 0.0271144 0.0164244
22 0.7698114 0.5733761 0.0271143 0.0164244
31 0.3557015 0.6325037 0.0271143 0.0164244
1 0.4247198 0.6325037 0.0271143 0.0164244
24 0.4937381 0.6325037 0.0271143 0.0164244
17 0.6317747 0.6325037 0.0271144 0.0164244
34 0.7001768 0.6319562 0.0628560 0.0591277
7 0.7007930 0.6325037 0.0271143 0.0164244
12 0.7698114 0.6325037 0.0271143 0.0164244
2 0.4937381 0.6916314 0.0271143 0.0164244
18 0.6317747 0.6916314 0.0271144 0.0164244
