2 0.5718062 0.6433668 0.0262975 0.0167874
13 0.6387452 0.6433668 0.0262975 0.0167874
32 0.5066602 0.4670987 0.4841125 0.4297586
33 0.5054648 0.2813176 0.4386895 0.0156683
30 0.3040501 0.3411929 0.0262975 0.0167874
4 0.3709892 0.3411929 0.0262975 0.0167874
3 0.5718062 0.3411929 0.0262975 0.0167874
7 0.6387452 0.3411929 0.0262975 0.0167874
34 0.7056842 0.3406333 0.0621576 0.0604348
29 0.7056842 0.3411929 0.0262975 0.0167874
5 0.3040501 0.4016277 0.0262975 0.0167875
1 0.4379282 0.4016277 0.0262975 0.0167875
17 0.7056842 0.4016277 0.0262975 0.0167875
16 0.3040501 0.4620625 0.0262975 0.0167874
27 0.3709892 0.4620625 0.0262975 0.0167874
11 0.5036718 0.4620625 0.0262975 0.0167874
24 0.5718062 0.4620625 0.0262975 0.0167874
15 0.3040501 0.5224973 0.0262975 0.0167874
19 0.3709892 0.5224973 0.0262975 0.0167874
25 0.5036718 0.5224973 0.0262975 0.0167874
12 0.5718062 0.5224973 0.0262975 0.0167874
22 0.7056842 0.5224973 0.0262975 0.0167874
26 0.3040501 0.5829321 0.0262975 0.0167874
21 0.4379282 0.5829321 0.0262975 0.0167874
8 0.6387452 0.5829321 0.0262975 0.0167874
6 0.7056842 0.5829321 0.0262975 0.0167874
14 0.4379282 0.6433668 0.0262975 0.0167874
