26 0.5283760 0.7736146 0.0266760 0.0172103
17 0.5962784 0.7736146 0.0266759 0.0172103
32 0.3943899 0.5929066 0.4910802 0.4405835
33 0.3931774 0.4024461 0.4450035 0.0160630
23 0.2567662 0.4638294 0.0266759 0.0172103
34 0.3246687 0.4632558 0.0630523 0.0619571
9 0.3246687 0.4638294 0.0266759 0.0172103
10 0.3913586 0.4638294 0.0266760 0.0172103
3 0.5283760 0.4638294 0.0266760 0.0172103
22 0.1888638 0.5257865 0.0266760 0.0172103
24 0.2567662 0.5257865 0.0266759 0.0172103
29 0.4604736 0.5257865 0.0266760 0.0172103
20 0.1888638 0.5877436 0.0266760 0.0172103
21 0.2567662 0.5877436 0.0266759 0.0172103
25 0.4604736 0.5877436 0.0266760 0.0172103
11 0.5962784 0.5877436 0.0266759 0.0172103
15 0.3246687 0.6497006 0.0266759 0.0172104
7 0.4604736 0.6497006 0.0266760 0.0172104
27 0.5283760 0.6497006 0.0266760 0.0172104
8 0.5962784 0.6497006 0.0266759 0.0172104
1 0.1888638 0.7116576 0.0266760 0.0172103
30 0.4604736 0.7116576 0.0266760 0.0172103
6 0.5283760 0.7116576 0.0266760 0.0172103
14 0.1888638 0.7736146 0.0266760 0.0172103
5 0.2567662 0.7736146 0.0266759 0.0172103
31 0.3913586 0.7736146 0.0266760 0.0172103
9 0.4604736 0.7736146 0.0266760 0.0172103
