23 0.4469771 0.6866619 0.0266593 0.0170011
8 0.5148372 0.6866619 0.0266593 0.0170011
32 0.3130747 0.5081503 0.4907735 0.4352285
33 0.3118629 0.3200046 0.4447256 0.0158677
5 0.1076769 0.3806419 0.0266593 0.0170011
24 0.2433970 0.3806419 0.0266593 0.0170011
7 0.3791171 0.3806419 0.0266593 0.0170011
9 0.4469771 0.3806419 0.0266593 0.0170011
26 0.5148372 0.3806419 0.0266593 0.0170011
2 0.1076769 0.4418459 0.0266593 0.0170011
14 0.1755370 0.4418459 0.0266593 0.0170011
22 0.5148372 0.4418459 0.0266593 0.0170011
25 0.1076769 0.5030499 0.0266593 0.0170011
11 0.1755370 0.5030499 0.0266593 0.0170011
29 0.3791171 0.5030499 0.0266593 0.0170011
20 0.2433970 0.5642539 0.0266593 0.0170011
6 0.3100452 0.5642539 0.0266593 0.0170011
12 0.3791171 0.5642539 0.0266593 0.0170011
15 0.1755370 0.6254579 0.0266593 0.0170011
19 0.2433970 0.6254579 0.0266593 0.0170011
30 0.3791171 0.6254579 0.0266593 0.0170011
31 0.5148372 0.6254579 0.0266593 0.0170011
21 0.1755370 0.6866619 0.0266593 0.0170011
3 0.2433970 0.6866619 0.0266593 0.0170011
27 0.3100452 0.6866619 0.0266593 0.0170011
13 0.3791171 0.6866619 0.0266593 0.0170011
34 0.4463712 0.6860952 0.0618011 0.0612040
