29 0.6390334 0.5997904 0.0280125 0.0160686
8 0.7103381 0.5997904 0.0280125 0.0160686
32 0.5696387 0.4310708 0.5156853 0.4113545
33 0.5683654 0.2532457 0.4673000 0.0149973
6 0.3538149 0.3105568 0.0280125 0.0160685
12 0.4251195 0.3105568 0.0280125 0.0160685
31 0.5664555 0.3105568 0.0280125 0.0160685
13 0.7816427 0.3105568 0.0280125 0.0160685
26 0.4964242 0.3684035 0.0280125 0.0160685
3 0.6390334 0.3684035 0.0280125 0.0160685
16 0.7103381 0.3684035 0.0280125 0.0160685
17 0.7816427 0.3684035 0.0280125 0.0160685
34 0.3538148 0.4257146 0.0662114 0.0578467
12 0.3538149 0.4262503 0.0280125 0.0160685
30 0.4251195 0.4262503 0.0280125 0.0160685
11 0.4964242 0.4262503 0.0280125 0.0160685
14 0.7103381 0.4262503 0.0280125 0.0160685
22 0.7816427 0.4262503 0.0280125 0.0160685
15 0.4251195 0.4840970 0.0280125 0.0160685
18 0.5664555 0.4840970 0.0280125 0.0160685
10 0.7103381 0.4840970 0.0280125 0.0160685
7 0.4251195 0.5419437 0.0280125 0.0160685
5 0.4964242 0.5419437 0.0280125 0.0160685
19 0.5664555 0.5419437 0.0280125 0.0160685
25 0.3538149 0.5997904 0.0280125 0.0160686
23 0.4251195 0.5997904 0.0280125 0.0160686
27 0.4964242 0.5997904 0.0280125 0.0160686
