26 0.5397260 0.6486612 0.0279328 0.0162535
12 0.6819296 0.6486612 0.0279329 0.0162535
32 0.4705287 0.4779993 0.5142183 0.4160900
33 0.4692590 0.2981270 0.4659707 0.0151699
17 0.3264206 0.3560979 0.0279329 0.0162535
3 0.4673545 0.3560979 0.0279329 0.0162535
14 0.6108278 0.3560979 0.0279329 0.0162535
18 0.2553188 0.4146105 0.0279329 0.0162535
2 0.3264206 0.4146105 0.0279329 0.0162535
10 0.3975224 0.4146105 0.0279328 0.0162535
31 0.4673545 0.4146105 0.0279329 0.0162535
19 0.6108278 0.4146105 0.0279329 0.0162535
23 0.2553188 0.4731232 0.0279329 0.0162535
15 0.3264206 0.4731232 0.0279329 0.0162535
21 0.3975224 0.4731232 0.0279328 0.0162535
20 0.4673545 0.4731232 0.0279329 0.0162535
8 0.5397260 0.4731232 0.0279328 0.0162535
9 0.3264206 0.5316359 0.0279329 0.0162535
7 0.6108278 0.5316359 0.0279329 0.0162535
30 0.2553188 0.5901485 0.0279329 0.0162535
6 0.3264206 0.5901485 0.0279329 0.0162535
1 0.4673545 0.5901485 0.0279329 0.0162535
22 0.5397260 0.5901485 0.0279328 0.0162535
34 0.6819296 0.5896067 0.0660231 0.0585126
4 0.6819296 0.5901485 0.0279329 0.0162535
29 0.2553188 0.6486612 0.0279329 0.0162535
4 0.3975224 0.6486612 0.0279328 0.0162535
