11 0.3402702 0.6884124 0.0284360 0.0159468
16 0.4126528 0.6884124 0.0284361 0.0159468
32 0.2698263 0.5209711 0.5234816 0.4082378
33 0.2685338 0.3444933 0.4743649 0.0148837
7 0.0507396 0.4013701 0.0284360 0.0159468
10 0.1955049 0.4013701 0.0284361 0.0159468
21 0.3402702 0.4013701 0.0284360 0.0159468
24 0.4126528 0.4013701 0.0284361 0.0159468
23 0.0507396 0.4587786 0.0284360 0.0159468
31 0.1231222 0.4587786 0.0284360 0.0159468
27 0.1955049 0.4587786 0.0284361 0.0159468
25 0.3402702 0.4587786 0.0284360 0.0159468
22 0.4126528 0.4587786 0.0284361 0.0159468
17 0.4850355 0.4587786 0.0284361 0.0159468
4 0.1231222 0.5161870 0.0284360 0.0159468
2 0.2665950 0.5161870 0.0284360 0.0159468
30 0.4126528 0.5161870 0.0284361 0.0159468
13 0.4850355 0.5161870 0.0284361 0.0159468
14 0.3402702 0.5735955 0.0284360 0.0159468
34 0.4120065 0.5730639 0.0659199 0.0574084
8 0.4126528 0.5735955 0.0284361 0.0159468
20 0.4850355 0.5735955 0.0284361 0.0159468
3 0.0507396 0.6310040 0.0284360 0.0159468
15 0.1955049 0.6310040 0.0284361 0.0159468
9 0.0507396 0.6884124 0.0284360 0.0159468
8 0.1231222 0.6884124 0.0284360 0.0159468
5 0.2665950 0.6884124 0.0284360 0.0159468
