16 0.6597499 0.5997789 0.0262589 0.0165460
11 0.7946248 0.5997789 0.0262589 0.0165460
32 0.6627338 0.4260465 0.4834013 0.4235762
33 0.6615403 0.2429381 0.4380452 0.0154429
7 0.4604214 0.3019519 0.0262588 0.0165460
20 0.5941028 0.3019519 0.0262588 0.0165460
9 0.8614655 0.3019519 0.0262588 0.0165460
19 0.4604214 0.3615173 0.0262588 0.0165460
6 0.5941028 0.3615173 0.0262588 0.0165460
27 0.6597499 0.3615173 0.0262589 0.0165460
34 0.7271873 0.3609658 0.0632599 0.0595654
7 0.7277841 0.3615173 0.0262588 0.0165460
21 0.7946248 0.3615173 0.0262589 0.0165460
1 0.8614655 0.3615173 0.0262588 0.0165460
14 0.4604214 0.4210827 0.0262588 0.0165459
23 0.5941028 0.4210827 0.0262588 0.0165459
3 0.7277841 0.4210827 0.0262588 0.0165459
29 0.7946248 0.4210827 0.0262589 0.0165459
30 0.8614655 0.4210827 0.0262588 0.0165459
17 0.4604214 0.4806481 0.0262588 0.0165460
25 0.5941028 0.4806481 0.0262588 0.0165460
18 0.6597499 0.4806481 0.0262589 0.0165460
8 0.5272621 0.5402135 0.0262588 0.0165459
13 0.5941028 0.5402135 0.0262588 0.0165459
10 0.7277841 0.5402135 0.0262588 0.0165459
5 0.7946248 0.5402135 0.0262589 0.0165459
4 0.8614655 0.5402135 0.0262588 0.0165459
