9 0.2738405 0.5943735 0.0285559 0.0166641
10 0.3452303 0.5943735 0.0285559 0.0166641
32 0.3484753 0.4194008 0.5256885 0.4266001
33 0.3471773 0.2349852 0.4763647 0.0155531
4 0.1284649 0.2944204 0.0285559 0.0166641
11 0.3452303 0.2944204 0.0285559 0.0166641
19 0.4192161 0.2944204 0.0285559 0.0166641
1 0.4919039 0.2944204 0.0285559 0.0166641
8 0.1284649 0.3544110 0.0285559 0.0166640
29 0.2011527 0.3544110 0.0285559 0.0166640
5 0.3452303 0.3544110 0.0285559 0.0166640
14 0.4192161 0.3544110 0.0285559 0.0166640
26 0.1284649 0.4144016 0.0285559 0.0166640
31 0.2011527 0.4144016 0.0285559 0.0166640
17 0.3452303 0.4144016 0.0285559 0.0166640
34 0.4912549 0.4138462 0.0661978 0.0599906
21 0.4919039 0.4144016 0.0285559 0.0166640
25 0.5645917 0.4144016 0.0285559 0.0166640
15 0.2011527 0.4743923 0.0285559 0.0166640
24 0.2738405 0.4743923 0.0285559 0.0166640
3 0.3452303 0.4743923 0.0285559 0.0166640
30 0.4192161 0.4743923 0.0285559 0.0166640
23 0.1284649 0.5343829 0.0285559 0.0166640
6 0.3452303 0.5343829 0.0285559 0.0166640
13 0.4192161 0.5343829 0.0285559 0.0166640
12 0.5645917 0.5343829 0.0285559 0.0166640
16 0.1284649 0.5943735 0.0285559 0.0166641
