14 0.2632866 0.6504722 0.0264796 0.0169116
29 0.3992953 0.6504722 0.0264796 0.0169116
32 0.2662956 0.4729002 0.4874649 0.4329375
33 0.2650920 0.2857449 0.4417274 0.0157842
18 0.0622825 0.3460630 0.0264796 0.0169116
17 0.1296851 0.3460630 0.0264796 0.0169116
25 0.2632866 0.3460630 0.0264796 0.0169116
4 0.3318927 0.3460630 0.0264796 0.0169116
23 0.3992953 0.3460630 0.0264796 0.0169116
12 0.0622825 0.4069449 0.0264796 0.0169116
19 0.1296851 0.4069449 0.0264796 0.0169116
15 0.3318927 0.4069449 0.0264796 0.0169116
2 0.3992953 0.4069449 0.0264796 0.0169116
27 0.4666978 0.4069449 0.0264796 0.0169116
16 0.0622825 0.5287085 0.0264796 0.0169116
34 0.1290833 0.5281448 0.0613845 0.0608818
28 0.1296851 0.5287085 0.0264796 0.0169116
10 0.2632866 0.5287085 0.0264796 0.0169116
9 0.3318927 0.5287085 0.0264796 0.0169116
1 0.0622825 0.5895904 0.0264796 0.0169116
26 0.1296851 0.5895904 0.0264796 0.0169116
31 0.1970876 0.5895904 0.0264796 0.0169116
20 0.3318927 0.5895904 0.0264796 0.0169116
24 0.4666978 0.5895904 0.0264796 0.0169116
7 0.0622825 0.6504722 0.0264796 0.0169116
13 0.1296851 0.6504722 0.0264796 0.0169116
3 0.1970876 0.6504722 0.0264796 0.0169116
