4 0.7162920 0.7780796 0.0273310 0.0169269
24 0.8554315 0.7780796 0.0273310 0.0169269
32 0.6485857 0.6003473 0.5031386 0.4333283
33 0.6473434 0.4130230 0.4559306 0.0157984
26 0.5075827 0.4733956 0.0273310 0.0169269
5 0.5771524 0.4733956 0.0273310 0.0169269
9 0.6454799 0.4733956 0.0273309 0.0169269
21 0.7162920 0.4733956 0.0273310 0.0169269
22 0.8554315 0.4733956 0.0273310 0.0169269
29 0.4380129 0.5343324 0.0273310 0.0169269
34 0.5069615 0.5337682 0.0633582 0.0609368
7 0.5075827 0.5343324 0.0273310 0.0169269
6 0.7162920 0.5343324 0.0273310 0.0169269
31 0.7858618 0.5343324 0.0273310 0.0169269
19 0.8554315 0.5343324 0.0273310 0.0169269
23 0.6454799 0.5952692 0.0273309 0.0169269
27 0.7162920 0.5952692 0.0273310 0.0169269
14 0.7858618 0.5952692 0.0273310 0.0169269
25 0.4380129 0.6562060 0.0273310 0.0169269
18 0.5075827 0.6562060 0.0273310 0.0169269
30 0.5771524 0.6562060 0.0273310 0.0169269
3 0.5075827 0.7171427 0.0273310 0.0169269
2 0.5771524 0.7171427 0.0273310 0.0169269
12 0.7162920 0.7171427 0.0273310 0.0169269
1 0.7858618 0.7171427 0.0273310 0.0169269
15 0.8554315 0.7171427 0.0273310 0.0169269
17 0.5075827 0.7780796 0.0273310 0.0169269
