19 0.6277506 0.7776119 0.0262554 0.0170850
29 0.6957759 0.7776119 0.0262554 0.0170850
32 0.6307342 0.5982204 0.4833379 0.4373735
33 0.6295407 0.4091475 0.4379877 0.0159459
12 0.4284483 0.4700837 0.0262554 0.0170849
27 0.4952802 0.4700837 0.0262554 0.0170849
31 0.6277506 0.4700837 0.0262554 0.0170849
21 0.6957759 0.4700837 0.0262554 0.0170849
8 0.8294397 0.4700837 0.0262554 0.0170849
34 0.4284483 0.5310198 0.0620582 0.0615056
21 0.4284483 0.5315893 0.0262554 0.0170849
25 0.4952802 0.5315893 0.0262554 0.0170849
20 0.5621121 0.5315893 0.0262554 0.0170849
5 0.7626078 0.5315893 0.0262553 0.0170849
7 0.8294397 0.5315893 0.0262554 0.0170849
30 0.4952802 0.5930950 0.0262554 0.0170848
17 0.6277506 0.5930950 0.0262554 0.0170848
11 0.4284483 0.6546006 0.0262554 0.0170850
2 0.6277506 0.6546006 0.0262554 0.0170850
10 0.7626078 0.6546006 0.0262553 0.0170850
15 0.8294397 0.6546006 0.0262554 0.0170850
4 0.4952802 0.7161062 0.0262554 0.0170850
3 0.5621121 0.7161062 0.0262554 0.0170850
16 0.6277506 0.7161062 0.0262554 0.0170850
18 0.8294397 0.7161062 0.0262554 0.0170850
24 0.4284483 0.7776119 0.0262554 0.0170850
14 0.4952802 0.7776119 0.0262554 0.0170850
