21 0.6793652 0.5569138 0.0286722 0.0158969
2 0.8253323 0.5569138 0.0286720 0.0158969
32 0.6083366 0.3899967 0.5278273 0.4069601
33 0.6070333 0.2140712 0.4783028 0.0148371
17 0.4604146 0.2707701 0.0286721 0.0158969
8 0.5333982 0.2707701 0.0286721 0.0158969
5 0.6793652 0.2707701 0.0286722 0.0158969
24 0.4604146 0.3279988 0.0286721 0.0158969
23 0.5333982 0.3279988 0.0286721 0.0158969
13 0.7523488 0.3279988 0.0286721 0.0158969
15 0.4604146 0.3852276 0.0286721 0.0158969
29 0.5333982 0.3852276 0.0286721 0.0158969
25 0.6793652 0.3852276 0.0286722 0.0158969
7 0.7523488 0.3852276 0.0286721 0.0158969
34 0.4597630 0.4419264 0.0664671 0.0572288
12 0.4604146 0.4424564 0.0286721 0.0158969
31 0.5333982 0.4424564 0.0286721 0.0158969
11 0.6050784 0.4424564 0.0286721 0.0158969
14 0.6793652 0.4424564 0.0286722 0.0158969
4 0.7523488 0.4424564 0.0286721 0.0158969
30 0.5333982 0.4996851 0.0286721 0.0158969
27 0.6050784 0.4996851 0.0286721 0.0158969
3 0.6793652 0.4996851 0.0286722 0.0158969
16 0.7523488 0.4996851 0.0286721 0.0158969
10 0.3874311 0.5569138 0.0286721 0.0158969
22 0.4604146 0.5569138 0.0286721 0.0158969
20 0.6050784 0.5569138 0.0286721 0.0158969
