34 0.7099909 0.5591863 0.0661104 0.0593241
13 0.7106391 0.5597356 0.0285182 0.0164789
32 0.5673997 0.3867072 0.5249949 0.4218597
33 0.5661034 0.2043408 0.4757361 0.0153803
27 0.4928635 0.2631155 0.0285183 0.0164789
6 0.5641590 0.2631155 0.0285182 0.0164789
30 0.6380472 0.2631155 0.0285183 0.0164789
17 0.7832310 0.2631155 0.0285182 0.0164789
24 0.3476797 0.3224395 0.0285182 0.0164789
2 0.4928635 0.3224395 0.0285183 0.0164789
4 0.7106391 0.3224395 0.0285182 0.0164789
13 0.3476797 0.3817635 0.0285182 0.0164789
23 0.4928635 0.3817635 0.0285183 0.0164789
11 0.7106391 0.3817635 0.0285182 0.0164789
26 0.7832310 0.3817635 0.0285182 0.0164789
21 0.4928635 0.4410875 0.0285183 0.0164789
7 0.5641590 0.4410875 0.0285182 0.0164789
20 0.6380472 0.4410875 0.0285183 0.0164789
12 0.7106391 0.4410875 0.0285182 0.0164789
14 0.7832310 0.4410875 0.0285182 0.0164789
15 0.4202715 0.5004115 0.0285183 0.0164789
3 0.4928635 0.5004115 0.0285183 0.0164789
25 0.5641590 0.5004115 0.0285182 0.0164789
8 0.3476797 0.5597356 0.0285182 0.0164789
29 0.4202715 0.5597356 0.0285183 0.0164789
18 0.4928635 0.5597356 0.0285183 0.0164789
19 0.5641590 0.5597356 0.0285182 0.0164789
