2 0.5735111 0.5278996 0.0284563 0.0158626
20 0.7921069 0.5278996 0.0284563 0.0158626
32 0.5767448 0.3613422 0.5238536 0.4060828
33 0.5754513 0.1857960 0.4747019 0.0148051
19 0.5735111 0.2423726 0.0284563 0.0158626
31 0.6472387 0.2423726 0.0284563 0.0158626
27 0.7921069 0.2423726 0.0284563 0.0158626
7 0.3575023 0.2994780 0.0284563 0.0158626
21 0.4299364 0.2994780 0.0284562 0.0158626
14 0.5023705 0.2994780 0.0284562 0.0158626
11 0.5735111 0.2994780 0.0284563 0.0158626
17 0.6472387 0.2994780 0.0284563 0.0158626
34 0.7921069 0.2989492 0.0672603 0.0571054
4 0.7921069 0.2994780 0.0284563 0.0158626
13 0.3575023 0.3565834 0.0284563 0.0158626
12 0.4299364 0.3565834 0.0284562 0.0158626
30 0.5023705 0.3565834 0.0284562 0.0158626
23 0.5735111 0.3565834 0.0284563 0.0158626
18 0.6472387 0.3565834 0.0284563 0.0158626
22 0.7196728 0.3565834 0.0284563 0.0158626
16 0.7921069 0.3565834 0.0284563 0.0158626
3 0.4299364 0.4136888 0.0284562 0.0158626
26 0.5023705 0.4136888 0.0284562 0.0158626
25 0.6472387 0.4136888 0.0284563 0.0158626
15 0.7196728 0.4136888 0.0284563 0.0158626
4 0.3575023 0.5278996 0.0284563 0.0158626
24 0.4299364 0.5278996 0.0284562 0.0158626
