25 0.3008962 0.7505967 0.0262614 0.0160657
19 0.5026315 0.7505967 0.0262614 0.0160657
32 0.3038805 0.5819059 0.4834483 0.4112841
33 0.3026868 0.4041112 0.4380877 0.0149947
23 0.1683956 0.4614125 0.0262614 0.0160658
8 0.2352428 0.4614125 0.0262614 0.0160658
30 0.3008962 0.4614125 0.0262614 0.0160658
17 0.3689371 0.4614125 0.0262614 0.0160658
34 0.5026315 0.4608770 0.0620724 0.0578368
20 0.5026315 0.4614125 0.0262614 0.0160658
3 0.1015484 0.5192493 0.0262614 0.0160658
16 0.3008962 0.5192493 0.0262614 0.0160658
18 0.3689371 0.5192493 0.0262614 0.0160658
21 0.1015484 0.5770862 0.0262614 0.0160657
13 0.1683956 0.5770862 0.0262614 0.0160657
24 0.3008962 0.5770862 0.0262614 0.0160657
20 0.3689371 0.5770862 0.0262614 0.0160657
26 0.4357843 0.5770862 0.0262614 0.0160657
12 0.1015484 0.6349230 0.0262614 0.0160658
2 0.2352428 0.6349230 0.0262614 0.0160658
6 0.3689371 0.6349230 0.0262614 0.0160658
31 0.4357843 0.6349230 0.0262614 0.0160658
10 0.5026315 0.6349230 0.0262614 0.0160658
29 0.1015484 0.6927598 0.0262614 0.0160658
5 0.2352428 0.6927598 0.0262614 0.0160658
9 0.4357843 0.6927598 0.0262614 0.0160658
7 0.1683956 0.7505967 0.0262614 0.0160657
