22 0.4703868 0.7815609 0.0282258 0.0167333
5 0.7577769 0.7815609 0.0282259 0.0167333
32 0.5441589 0.6058611 0.5196115 0.4283729
33 0.5428759 0.4206792 0.4708579 0.0156178
34 0.3266918 0.4798035 0.0667156 0.0602399
10 0.3266918 0.4803613 0.0282258 0.0167333
25 0.3985394 0.4803613 0.0282258 0.0167333
7 0.6140819 0.4803613 0.0282258 0.0167333
11 0.6859294 0.4803613 0.0282259 0.0167333
3 0.7577769 0.4803613 0.0282259 0.0167333
14 0.3985394 0.5406013 0.0282258 0.0167333
16 0.4703868 0.5406013 0.0282258 0.0167333
15 0.6140819 0.5406013 0.0282258 0.0167333
29 0.3266918 0.6008412 0.0282258 0.0167334
19 0.5409514 0.6008412 0.0282258 0.0167334
30 0.6140819 0.6008412 0.0282258 0.0167334
18 0.7577769 0.6008412 0.0282259 0.0167334
9 0.3985394 0.6610811 0.0282258 0.0167334
10 0.4703868 0.6610811 0.0282258 0.0167334
21 0.5409514 0.6610811 0.0282258 0.0167334
4 0.6140819 0.6610811 0.0282258 0.0167334
12 0.6859294 0.6610811 0.0282259 0.0167334
27 0.7577769 0.6610811 0.0282259 0.0167334
13 0.4703868 0.7213211 0.0282258 0.0167334
24 0.5409514 0.7213211 0.0282258 0.0167334
8 0.3266918 0.7815609 0.0282258 0.0167333
31 0.3985394 0.7815609 0.0282258 0.0167333
