21 0.4412839 0.6509279 0.0265651 0.0158641
27 0.5089040 0.6509279 0.0265651 0.0158641
32 0.3754750 0.4843542 0.4890381 0.4061226
33 0.3742675 0.3087908 0.4431530 0.0148066
31 0.2384236 0.3653730 0.0265651 0.0158642
2 0.3060437 0.3653730 0.0265650 0.0158642
16 0.4412839 0.3653730 0.0265651 0.0158642
8 0.5089040 0.3653730 0.0265651 0.0158642
23 0.5765240 0.3653730 0.0265651 0.0158642
30 0.3724563 0.4224840 0.0265651 0.0158642
4 0.5089040 0.4224840 0.0265651 0.0158642
11 0.1708035 0.4795950 0.0265650 0.0158642
34 0.3060437 0.4790662 0.0627901 0.0571110
12 0.3060437 0.4795950 0.0265650 0.0158642
1 0.3724563 0.4795950 0.0265651 0.0158642
20 0.4412839 0.4795950 0.0265651 0.0158642
15 0.5765240 0.4795950 0.0265651 0.0158642
13 0.2384236 0.5367060 0.0265651 0.0158642
9 0.4412839 0.5367060 0.0265651 0.0158642
6 0.5765240 0.5367060 0.0265651 0.0158642
22 0.3060437 0.5938169 0.0265650 0.0158641
29 0.3724563 0.5938169 0.0265651 0.0158641
19 0.4412839 0.5938169 0.0265651 0.0158641
3 0.5089040 0.5938169 0.0265651 0.0158641
14 0.1708035 0.6509279 0.0265650 0.0158641
25 0.2384236 0.6509279 0.0265651 0.0158641
7 0.3724563 0.6509279 0.0265651 0.0158641
