21 0.1935565 0.7225259 0.0283739 0.0160128
29 0.2644912 0.7225259 0.0283739 0.0160128
32 0.2677155 0.5543909 0.5223375 0.4099293
33 0.2664258 0.3771819 0.4733281 0.0149453
23 0.0491076 0.4342944 0.0283739 0.0160128
20 0.1213320 0.4342944 0.0283739 0.0160128
10 0.2644912 0.4342944 0.0283739 0.0160128
8 0.4102298 0.4342944 0.0283739 0.0160128
34 0.4824543 0.4337607 0.0670655 0.0576463
8 0.4824543 0.4342944 0.0283739 0.0160128
22 0.2644912 0.4919407 0.0283739 0.0160128
2 0.4824543 0.4919407 0.0283739 0.0160128
27 0.0491076 0.5495870 0.0283739 0.0160128
31 0.4102298 0.5495870 0.0283739 0.0160128
12 0.4824543 0.5495870 0.0283739 0.0160128
13 0.0491076 0.6072333 0.0283739 0.0160129
30 0.1213320 0.6072333 0.0283739 0.0160129
18 0.1935565 0.6072333 0.0283739 0.0160129
11 0.2644912 0.6072333 0.0283739 0.0160129
5 0.3380054 0.6072333 0.0283739 0.0160129
4 0.4102298 0.6072333 0.0283739 0.0160129
7 0.4824543 0.6072333 0.0283739 0.0160129
15 0.0491076 0.6648797 0.0283739 0.0160128
25 0.2644912 0.6648797 0.0283739 0.0160128
6 0.4102298 0.6648797 0.0283739 0.0160128
24 0.4824543 0.6648797 0.0283739 0.0160128
14 0.1213320 0.7225259 0.0283739 0.0160128
