21 0.7245673 0.6178560 0.0268125 0.0161793
14 0.7928175 0.6178560 0.0268126 0.0161793
32 0.5898950 0.4479732 0.4935952 0.4141904
33 0.5886762 0.2689222 0.4472825 0.0151007
25 0.4515665 0.3266284 0.0268126 0.0161793
15 0.5198167 0.3266284 0.0268126 0.0161793
8 0.5868481 0.3266284 0.0268126 0.0161793
11 0.6563171 0.3266284 0.0268126 0.0161793
17 0.7245673 0.3266284 0.0268125 0.0161793
6 0.3833163 0.3848739 0.0268126 0.0161793
7 0.4515665 0.3848739 0.0268126 0.0161793
13 0.5198167 0.3848739 0.0268126 0.0161793
30 0.6563171 0.3848739 0.0268126 0.0161793
12 0.7245673 0.3848739 0.0268125 0.0161793
18 0.7928175 0.3848739 0.0268126 0.0161793
22 0.4515665 0.4431194 0.0268126 0.0161793
29 0.7245673 0.4431194 0.0268125 0.0161793
31 0.3833163 0.5013649 0.0268126 0.0161793
2 0.7245673 0.5013649 0.0268125 0.0161793
20 0.7928175 0.5013649 0.0268126 0.0161793
21 0.3833163 0.5596105 0.0268126 0.0161793
10 0.4515665 0.5596105 0.0268126 0.0161793
24 0.4515665 0.6178560 0.0268126 0.0161793
4 0.5198167 0.6178560 0.0268126 0.0161793
3 0.5868481 0.6178560 0.0268126 0.0161793
16 0.6563171 0.6178560 0.0268126 0.0161793
34 0.7239579 0.6173168 0.0621565 0.0582455
