12 0.1730450 0.6456566 0.0285934 0.0167785
27 0.3913948 0.6456566 0.0285934 0.0167785
32 0.3205611 0.4694830 0.5263789 0.4295282
33 0.3192614 0.2838015 0.4769903 0.0156599
4 0.1730450 0.3436446 0.0285934 0.0167785
9 0.2458282 0.3436446 0.0285934 0.0167785
16 0.3173118 0.3436446 0.0285934 0.0167785
24 0.3913948 0.3436446 0.0285934 0.0167785
10 0.4641780 0.3436446 0.0285934 0.0167785
20 0.5369613 0.3436446 0.0285934 0.0167785
22 0.1002617 0.4040470 0.0285934 0.0167785
23 0.2458282 0.4040470 0.0285934 0.0167785
13 0.3173118 0.4040470 0.0285934 0.0167785
2 0.3913948 0.4040470 0.0285934 0.0167785
8 0.4641780 0.4040470 0.0285934 0.0167785
5 0.1002617 0.4644494 0.0285934 0.0167785
1 0.1730450 0.4644494 0.0285934 0.0167785
34 0.3173118 0.4638901 0.0675845 0.0604024
1 0.3173118 0.4644494 0.0285934 0.0167785
25 0.1730450 0.5248518 0.0285934 0.0167784
18 0.3173118 0.5248518 0.0285934 0.0167784
26 0.3913948 0.5248518 0.0285934 0.0167784
7 0.5369613 0.5248518 0.0285934 0.0167784
29 0.1730450 0.5852542 0.0285934 0.0167784
3 0.2458282 0.5852542 0.0285934 0.0167784
6 0.3173118 0.5852542 0.0285934 0.0167784
30 0.5369613 0.5852542 0.0285934 0.0167784
