8 0.4938853 0.6958921 0.0281330 0.0159536
7 0.7803300 0.6958921 0.0281329 0.0159536
32 0.6390258 0.5283789 0.5179021 0.4084133
33 0.6377470 0.3518252 0.4693088 0.0148901
4 0.4938853 0.4087266 0.0281330 0.0159536
11 0.6358289 0.4087266 0.0281329 0.0159536
2 0.7087188 0.4087266 0.0281329 0.0159536
5 0.7803300 0.4087266 0.0281329 0.0159536
31 0.8519411 0.4087266 0.0281330 0.0159536
6 0.4222742 0.4661597 0.0281329 0.0159536
23 0.4938853 0.4661597 0.0281330 0.0159536
34 0.6358289 0.4656278 0.0664961 0.0574331
10 0.6358289 0.4661597 0.0281329 0.0159536
3 0.7803300 0.4661597 0.0281329 0.0159536
19 0.4222742 0.5235928 0.0281329 0.0159536
14 0.4938853 0.5235928 0.0281330 0.0159536
15 0.5654965 0.5235928 0.0281330 0.0159536
30 0.7087188 0.5235928 0.0281329 0.0159536
26 0.8519411 0.5235928 0.0281330 0.0159536
22 0.4938853 0.5810259 0.0281330 0.0159536
13 0.7803300 0.5810259 0.0281329 0.0159536
17 0.8519411 0.5810259 0.0281330 0.0159536
25 0.7087188 0.6384590 0.0281329 0.0159536
1 0.7803300 0.6384590 0.0281329 0.0159536
9 0.8519411 0.6384590 0.0281330 0.0159536
18 0.4222742 0.6958921 0.0281329 0.0159536
