27 0.4398602 0.6567371 0.0268586 0.0170797
21 0.5778155 0.6567371 0.0268586 0.0170797
32 0.4429123 0.4773996 0.4944417 0.4372418
33 0.4416914 0.2883837 0.4480496 0.0159411
16 0.2359793 0.3493015 0.0268586 0.0170797
34 0.3037361 0.3487322 0.0622630 0.0614871
30 0.3043465 0.3493015 0.0268586 0.0170797
14 0.3727138 0.3493015 0.0268585 0.0170797
13 0.4398602 0.3493015 0.0268586 0.0170797
31 0.5094482 0.3493015 0.0268586 0.0170797
20 0.3727138 0.4107886 0.0268585 0.0170798
2 0.4398602 0.4107886 0.0268586 0.0170798
15 0.5094482 0.4107886 0.0268586 0.0170798
30 0.6461828 0.4107886 0.0268586 0.0170798
10 0.3727138 0.4722757 0.0268585 0.0170797
1 0.5094482 0.4722757 0.0268586 0.0170797
25 0.5778155 0.4722757 0.0268586 0.0170797
26 0.4398602 0.5337629 0.0268586 0.0170797
4 0.5094482 0.5337629 0.0268586 0.0170797
12 0.5778155 0.5337629 0.0268586 0.0170797
7 0.6461828 0.5337629 0.0268586 0.0170797
5 0.3043465 0.5952500 0.0268586 0.0170797
6 0.3727138 0.5952500 0.0268585 0.0170797
23 0.5094482 0.5952500 0.0268586 0.0170797
8 0.5778155 0.5952500 0.0268586 0.0170797
18 0.3727138 0.6567371 0.0268585 0.0170797
