9 0.7643915 0.6596023 0.0276678 0.0170523
14 0.8348189 0.6596023 0.0276679 0.0170523
32 0.6254232 0.4805534 0.5093407 0.4365384
33 0.6241656 0.2918414 0.4615508 0.0159155
34 0.5531094 0.3520928 0.0653969 0.0613882
18 0.5531094 0.3526612 0.0276678 0.0170523
3 0.6222791 0.3526612 0.0276679 0.0170523
8 0.6939641 0.3526612 0.0276678 0.0170523
7 0.7643915 0.3526612 0.0276678 0.0170523
6 0.5531094 0.4140495 0.0276678 0.0170523
19 0.8348189 0.4140495 0.0276679 0.0170523
25 0.4122546 0.4754377 0.0276679 0.0170523
18 0.5531094 0.4754377 0.0276678 0.0170523
13 0.6222791 0.4754377 0.0276679 0.0170523
26 0.7643915 0.4754377 0.0276678 0.0170523
31 0.8348189 0.4754377 0.0276679 0.0170523
1 0.5531094 0.5368259 0.0276678 0.0170523
11 0.7643915 0.5368259 0.0276678 0.0170523
16 0.8348189 0.5368259 0.0276679 0.0170523
10 0.4826820 0.5982141 0.0276679 0.0170523
4 0.5531094 0.5982141 0.0276678 0.0170523
21 0.6222791 0.5982141 0.0276679 0.0170523
17 0.4122546 0.6596023 0.0276679 0.0170523
15 0.4826820 0.6596023 0.0276679 0.0170523
30 0.5531094 0.6596023 0.0276678 0.0170523
2 0.6939641 0.6596023 0.0276678 0.0170523
