29 0.3863738 0.8010489 0.0278098 0.0162965
7 0.5987395 0.8010489 0.0278098 0.0162965
32 0.4590585 0.6299360 0.5119532 0.4171896
33 0.4577944 0.4495884 0.4639181 0.0152100
16 0.3863738 0.5077125 0.0278098 0.0162965
21 0.4558983 0.5077125 0.0278098 0.0162965
27 0.5987395 0.5077125 0.0278098 0.0162965
34 0.2447966 0.5658366 0.0657323 0.0586673
8 0.2447966 0.5663798 0.0278098 0.0162965
14 0.4558983 0.5663798 0.0278098 0.0162965
15 0.6695282 0.5663798 0.0278098 0.0162965
17 0.2447966 0.6250471 0.0278098 0.0162964
1 0.5279510 0.6250471 0.0278098 0.0162964
10 0.5987395 0.6250471 0.0278098 0.0162964
20 0.2447966 0.6837143 0.0278098 0.0162964
31 0.4558983 0.6837143 0.0278098 0.0162964
4 0.5279510 0.6837143 0.0278098 0.0162964
23 0.5987395 0.6837143 0.0278098 0.0162964
30 0.6695282 0.6837143 0.0278098 0.0162964
26 0.3155852 0.7423817 0.0278098 0.0162965
3 0.3863738 0.7423817 0.0278098 0.0162965
18 0.4558983 0.7423817 0.0278098 0.0162965
9 0.5279510 0.7423817 0.0278098 0.0162965
13 0.6695282 0.7423817 0.0278098 0.0162965
6 0.2447966 0.8010489 0.0278098 0.0162965
2 0.3155852 0.8010489 0.0278098 0.0162965
