15 0.2058947 0.5721366 0.0267467 0.0170203
7 0.2727616 0.5721366 0.0267467 0.0170203
32 0.2758010 0.3934226 0.4923832 0.4357217
33 0.2745852 0.2050638 0.4461843 0.0158857
34 0.0697295 0.2652025 0.0632196 0.0612734
20 0.0697294 0.2657698 0.0267467 0.0170204
5 0.2058947 0.2657698 0.0267467 0.0170204
1 0.4101426 0.2657698 0.0267467 0.0170204
6 0.0697294 0.3270432 0.0267467 0.0170203
14 0.1378121 0.3270432 0.0267467 0.0170203
16 0.4782252 0.3270432 0.0267467 0.0170203
23 0.1378121 0.3883165 0.0267467 0.0170204
31 0.2058947 0.3883165 0.0267467 0.0170204
22 0.2727616 0.3883165 0.0267467 0.0170204
21 0.1378121 0.4495899 0.0267467 0.0170203
25 0.2058947 0.4495899 0.0267467 0.0170203
30 0.2727616 0.4495899 0.0267467 0.0170203
2 0.3420599 0.4495899 0.0267467 0.0170203
24 0.4101426 0.4495899 0.0267467 0.0170203
19 0.0697294 0.5108632 0.0267467 0.0170204
9 0.1378121 0.5108632 0.0267467 0.0170204
26 0.2058947 0.5108632 0.0267467 0.0170204
18 0.2727616 0.5108632 0.0267467 0.0170204
3 0.3420599 0.5108632 0.0267467 0.0170204
13 0.4101426 0.5108632 0.0267467 0.0170204
17 0.1378121 0.5721366 0.0267467 0.0170203
