29 0.3700992 0.6195624 0.0261898 0.0169535
2 0.5700944 0.6195624 0.0261899 0.0169535
32 0.5052150 0.4415502 0.4821314 0.4340109
33 0.5040246 0.2539309 0.4368944 0.0158233
18 0.3700992 0.3143985 0.0261898 0.0169535
15 0.4367642 0.3143985 0.0261899 0.0169535
31 0.5700944 0.3143985 0.0261899 0.0169535
9 0.6367595 0.3143985 0.0261899 0.0169535
5 0.3034341 0.3754313 0.0261898 0.0169535
19 0.4367642 0.3754313 0.0261899 0.0169535
7 0.5700944 0.3754313 0.0261899 0.0169535
17 0.6367595 0.3754313 0.0261899 0.0169535
13 0.3034341 0.4364641 0.0261898 0.0169535
34 0.5694991 0.4358989 0.0630938 0.0610328
15 0.5700944 0.4364641 0.0261899 0.0169535
27 0.6367595 0.4364641 0.0261899 0.0169535
1 0.7034245 0.4364641 0.0261899 0.0169535
11 0.3700992 0.4974969 0.0261898 0.0169535
25 0.5700944 0.4974969 0.0261899 0.0169535
6 0.6367595 0.4974969 0.0261899 0.0169535
16 0.4367642 0.5585297 0.0261899 0.0169535
10 0.5022388 0.5585297 0.0261899 0.0169535
23 0.5700944 0.5585297 0.0261899 0.0169535
22 0.6367595 0.5585297 0.0261899 0.0169535
30 0.7034245 0.5585297 0.0261899 0.0169535
8 0.3034341 0.6195624 0.0261898 0.0169535
