11 0.6497647 0.7989230 0.0264137 0.0169495
5 0.8526698 0.7989230 0.0264137 0.0169495
32 0.6527663 0.6209539 0.4862517 0.4339054
33 0.6515657 0.4333803 0.4406281 0.0158195
23 0.5164958 0.4938332 0.0264137 0.0169494
34 0.5837306 0.4932682 0.0624323 0.0610180
25 0.5837306 0.4938332 0.0264137 0.0169494
15 0.6497647 0.4938332 0.0264137 0.0169494
13 0.5164958 0.5548512 0.0264137 0.0169495
2 0.6497647 0.5548512 0.0264137 0.0169495
12 0.7182002 0.5548512 0.0264137 0.0169495
31 0.7854350 0.5548512 0.0264137 0.0169495
14 0.8526698 0.5548512 0.0264137 0.0169495
16 0.4492610 0.6158691 0.0264137 0.0169495
27 0.6497647 0.6158691 0.0264137 0.0169495
4 0.7182002 0.6158691 0.0264137 0.0169495
24 0.8526698 0.6158691 0.0264137 0.0169495
26 0.5164958 0.6768871 0.0264137 0.0169493
18 0.7182002 0.6768871 0.0264137 0.0169493
25 0.8526698 0.6768871 0.0264137 0.0169493
3 0.4492610 0.7379050 0.0264137 0.0169493
30 0.5164958 0.7379050 0.0264137 0.0169493
8 0.5837306 0.7379050 0.0264137 0.0169493
20 0.7182002 0.7379050 0.0264137 0.0169493
29 0.7854350 0.7379050 0.0264137 0.0169493
10 0.5164958 0.7989230 0.0264137 0.0169495
