14 0.3898273 0.5640497 0.0287951 0.0165132
17 0.5364203 0.5640497 0.0287951 0.0165132
32 0.4650872 0.3906616 0.5300906 0.4227367
33 0.4637783 0.2079160 0.4803536 0.0154123
8 0.3898273 0.2668129 0.0287951 0.0165132
18 0.4618150 0.2668129 0.0287951 0.0165132
19 0.6830133 0.2668129 0.0287951 0.0165132
6 0.2432344 0.3262603 0.0287951 0.0165132
2 0.3165309 0.3262603 0.0287951 0.0165132
25 0.5364203 0.3262603 0.0287951 0.0165132
24 0.6097168 0.3262603 0.0287950 0.0165132
27 0.6830133 0.3262603 0.0287951 0.0165132
4 0.3165309 0.3857076 0.0287951 0.0165132
13 0.6830133 0.3857076 0.0287951 0.0165132
29 0.3165309 0.4451550 0.0287951 0.0165132
26 0.5364203 0.4451550 0.0287951 0.0165132
23 0.6097168 0.4451550 0.0287950 0.0165132
16 0.6830133 0.4451550 0.0287951 0.0165132
9 0.3898273 0.5046024 0.0287951 0.0165132
10 0.4618150 0.5046024 0.0287951 0.0165132
1 0.5364203 0.5046024 0.0287951 0.0165132
30 0.6097168 0.5046024 0.0287950 0.0165132
14 0.6830133 0.5046024 0.0287951 0.0165132
31 0.2432344 0.5640497 0.0287951 0.0165132
3 0.3165309 0.5640497 0.0287951 0.0165132
34 0.3898274 0.5634992 0.0680610 0.0594474
