8 0.4698389 0.5351715 0.0285501 0.0158467
6 0.5425121 0.5351715 0.0285501 0.0158467
32 0.3991125 0.3687815 0.5255821 0.4056747
33 0.3978148 0.1934117 0.4762682 0.0147902
26 0.1791467 0.2499315 0.0285501 0.0158467
12 0.2518197 0.2499315 0.0285501 0.0158467
14 0.4698389 0.2499315 0.0285501 0.0158467
5 0.5425121 0.2499315 0.0285501 0.0158467
3 0.6151851 0.2499315 0.0285501 0.0158467
1 0.3958681 0.3069795 0.0285501 0.0158467
27 0.4698389 0.3069795 0.0285501 0.0158467
17 0.6151851 0.3069795 0.0285501 0.0158467
29 0.3958681 0.3640275 0.0285501 0.0158467
11 0.4698389 0.3640275 0.0285501 0.0158467
24 0.5425121 0.3640275 0.0285501 0.0158467
25 0.6151851 0.3640275 0.0285501 0.0158467
34 0.2511709 0.4205473 0.0661844 0.0570480
23 0.2518197 0.4210755 0.0285501 0.0158467
2 0.3958681 0.4210755 0.0285501 0.0158467
15 0.4698389 0.4210755 0.0285501 0.0158467
31 0.5425121 0.4210755 0.0285501 0.0158467
21 0.6151851 0.4210755 0.0285501 0.0158467
4 0.1791467 0.4781235 0.0285501 0.0158467
18 0.3958681 0.4781235 0.0285501 0.0158467
9 0.1791467 0.5351715 0.0285501 0.0158467
30 0.2518197 0.5351715 0.0285501 0.0158467
