20 0.4262806 0.4712086 0.0263924 0.0165340
29 0.5606419 0.4712086 0.0263924 0.0165340
32 0.3608994 0.3571237 0.4858601 0.4232713
33 0.3596997 0.1741470 0.4402732 0.0154318
12 0.1575580 0.2331184 0.0263924 0.0165340
7 0.2247386 0.2331184 0.0263924 0.0165340
30 0.3579003 0.2331184 0.0263924 0.0165340
31 0.5606419 0.2331184 0.0263924 0.0165340
25 0.1575580 0.2926410 0.0263924 0.0165341
22 0.2919193 0.2926410 0.0263924 0.0165341
19 0.3579003 0.2926410 0.0263924 0.0165341
24 0.4934612 0.2926410 0.0263924 0.0165341
11 0.1575580 0.3521635 0.0263924 0.0165340
23 0.2919193 0.3521635 0.0263924 0.0165340
9 0.3579003 0.3521635 0.0263924 0.0165340
27 0.4262806 0.3521635 0.0263924 0.0165340
6 0.4934612 0.3521635 0.0263924 0.0165340
10 0.1575580 0.4116860 0.0263924 0.0165340
34 0.2241388 0.4111349 0.0611824 0.0595225
17 0.2247386 0.4116860 0.0263924 0.0165340
17 0.2919193 0.4116860 0.0263924 0.0165340
3 0.3579003 0.4116860 0.0263924 0.0165340
8 0.4262806 0.4116860 0.0263924 0.0165340
16 0.2247386 0.4712086 0.0263924 0.0165340
2 0.2919193 0.4712086 0.0263924 0.0165340
26 0.3579003 0.4712086 0.0263924 0.0165340
