19 0.5449590 0.6837613 0.0268973 0.0162705
27 0.7515791 0.6837613 0.0268974 0.0162705
32 0.5480154 0.5129211 0.4951547 0.4165248
33 0.5467929 0.3328609 0.4486958 0.0151858
23 0.4092499 0.3908923 0.0268973 0.0162705
6 0.7515791 0.3908923 0.0268974 0.0162705
29 0.4092499 0.4494661 0.0268973 0.0162705
17 0.4777158 0.4494661 0.0268973 0.0162705
7 0.5449590 0.4494661 0.0268973 0.0162705
34 0.6140361 0.4489237 0.0647980 0.0585738
26 0.6146474 0.4494661 0.0268973 0.0162705
1 0.3407841 0.5080399 0.0268973 0.0162705
5 0.4777158 0.5080399 0.0268973 0.0162705
3 0.6146474 0.5080399 0.0268973 0.0162705
22 0.6831133 0.5080399 0.0268973 0.0162705
12 0.7515791 0.5080399 0.0268974 0.0162705
2 0.3407841 0.5666137 0.0268973 0.0162705
18 0.4092499 0.5666137 0.0268973 0.0162705
10 0.4777158 0.5666137 0.0268973 0.0162705
30 0.5449590 0.5666137 0.0268973 0.0162705
13 0.6831133 0.5666137 0.0268973 0.0162705
16 0.4092499 0.6251875 0.0268973 0.0162705
15 0.4777158 0.6251875 0.0268973 0.0162705
21 0.5449590 0.6251875 0.0268973 0.0162705
9 0.6146474 0.6251875 0.0268973 0.0162705
26 0.4092499 0.6837613 0.0268973 0.0162705
