23 0.3600087 0.5972980 0.0287603 0.0161863
20 0.4345241 0.5972980 0.0287603 0.0161863
32 0.3632770 0.4273415 0.5294509 0.4143703
33 0.3619697 0.2482127 0.4797740 0.0151073
11 0.1416920 0.3059439 0.0287603 0.0161863
10 0.2149000 0.3059439 0.0287603 0.0161863
13 0.5077321 0.3059439 0.0287603 0.0161863
8 0.5809401 0.3059439 0.0287603 0.0161863
1 0.1416920 0.3642147 0.0287603 0.0161864
27 0.2881080 0.3642147 0.0287603 0.0161864
25 0.3600087 0.3642147 0.0287603 0.0161864
17 0.4345241 0.3642147 0.0287603 0.0161864
34 0.5070784 0.3636752 0.0666716 0.0582708
17 0.5077321 0.3642147 0.0287603 0.0161864
14 0.5809401 0.3642147 0.0287603 0.0161864
12 0.3600087 0.4224856 0.0287603 0.0161863
15 0.4345241 0.4224856 0.0287603 0.0161863
31 0.5077321 0.4224856 0.0287603 0.0161863
5 0.2149000 0.4807564 0.0287603 0.0161863
29 0.3600087 0.4807564 0.0287603 0.0161863
9 0.5077321 0.4807564 0.0287603 0.0161863
4 0.5809401 0.4807564 0.0287603 0.0161863
16 0.2149000 0.5390272 0.0287603 0.0161864
19 0.4345241 0.5390272 0.0287603 0.0161864
7 0.5809401 0.5390272 0.0287603 0.0161864
18 0.1416920 0.5972980 0.0287603 0.0161863
