15 0.6060013 0.6714167 0.0281783 0.0168748
1 0.7507351 0.6714167 0.0281783 0.0168748
32 0.6092033 0.4942319 0.5187362 0.4319933
33 0.6079225 0.3074848 0.4700647 0.0157497
12 0.3921027 0.3676714 0.0281783 0.0168747
34 0.4631887 0.3671089 0.0653223 0.0607491
22 0.4638291 0.3676714 0.0281783 0.0168747
2 0.7507351 0.3676714 0.0281783 0.0168747
9 0.8224616 0.3676714 0.0281783 0.0168747
22 0.4638291 0.4284205 0.0281783 0.0168747
3 0.5355556 0.4284205 0.0281783 0.0168747
30 0.7507351 0.4284205 0.0281783 0.0168747
11 0.8224616 0.4284205 0.0281783 0.0168747
29 0.8224616 0.4891695 0.0281783 0.0168747
7 0.3921027 0.5499186 0.0281783 0.0168747
24 0.4638291 0.5499186 0.0281783 0.0168747
26 0.5355556 0.5499186 0.0281783 0.0168747
31 0.6060013 0.5499186 0.0281783 0.0168747
13 0.7507351 0.5499186 0.0281783 0.0168747
14 0.5355556 0.6106677 0.0281783 0.0168747
4 0.6060013 0.6106677 0.0281783 0.0168747
16 0.6790086 0.6106677 0.0281783 0.0168747
25 0.7507351 0.6106677 0.0281783 0.0168747
5 0.8224616 0.6106677 0.0281783 0.0168747
20 0.3921027 0.6714167 0.0281783 0.0168748
21 0.4638291 0.6714167 0.0281783 0.0168748
