8 0.2526907 0.7293498 0.0271708 0.0162134
22 0.5293394 0.7293498 0.0271709 0.0162134
32 0.3237054 0.5591101 0.5001908 0.4150605
33 0.3224704 0.3796829 0.4532593 0.0151324
17 0.1143663 0.4375103 0.0271709 0.0162133
7 0.1835285 0.4375103 0.0271708 0.0162133
27 0.3206178 0.4375103 0.0271709 0.0162133
12 0.3910151 0.4375103 0.0271709 0.0162133
24 0.1835285 0.4958782 0.0271708 0.0162133
1 0.2526907 0.4958782 0.0271708 0.0162133
11 0.3206178 0.4958782 0.0271709 0.0162133
26 0.3910151 0.4958782 0.0271709 0.0162133
2 0.4601772 0.4958782 0.0271709 0.0162133
10 0.1835285 0.5542461 0.0271708 0.0162132
9 0.2526907 0.5542461 0.0271708 0.0162132
30 0.5293394 0.5542461 0.0271709 0.0162132
5 0.1143663 0.6126140 0.0271709 0.0162132
4 0.2526907 0.6126140 0.0271708 0.0162132
21 0.3206178 0.6126140 0.0271709 0.0162132
14 0.3910151 0.6126140 0.0271709 0.0162132
16 0.4601772 0.6126140 0.0271709 0.0162132
3 0.1835285 0.6709819 0.0271708 0.0162132
18 0.2526907 0.6709819 0.0271708 0.0162132
34 0.3903975 0.6704414 0.0654571 0.0583679
2 0.3910151 0.6709819 0.0271709 0.0162132
19 0.1835285 0.7293498 0.0271708 0.0162134
