8 0.4984900 0.6352883 0.0264787 0.0174358
23 0.5658904 0.6352883 0.0264787 0.0174358
32 0.4328950 0.4522118 0.4874493 0.4463578
33 0.4316914 0.2592551 0.4417133 0.0162735
7 0.2288884 0.3214430 0.0264787 0.0174359
13 0.3636892 0.3214430 0.0264787 0.0174359
21 0.4298860 0.3214430 0.0264787 0.0174359
3 0.4984900 0.3214430 0.0264787 0.0174359
19 0.6332908 0.3214430 0.0264787 0.0174359
1 0.2288884 0.3842120 0.0264787 0.0174358
14 0.2962888 0.3842120 0.0264787 0.0174358
31 0.3636892 0.3842120 0.0264787 0.0174358
18 0.5658904 0.3842120 0.0264787 0.0174358
16 0.6332908 0.3842120 0.0264787 0.0174358
30 0.4984900 0.4469811 0.0264787 0.0174358
6 0.5658904 0.4469811 0.0264787 0.0174358
27 0.2288884 0.5097502 0.0264787 0.0174358
15 0.2962888 0.5097502 0.0264787 0.0174358
29 0.3636892 0.5097502 0.0264787 0.0174358
25 0.4984900 0.5097502 0.0264787 0.0174358
12 0.5658904 0.5097502 0.0264787 0.0174358
34 0.6332908 0.5091690 0.0625861 0.0627691
13 0.6332908 0.5097502 0.0264787 0.0174358
2 0.2288884 0.5725193 0.0264787 0.0174358
4 0.3636892 0.5725193 0.0264787 0.0174358
10 0.2962888 0.6352883 0.0264787 0.0174358
