6 0.3914245 0.6619740 0.0275225 0.0159621
19 0.6028473 0.6619740 0.0275225 0.0159621
32 0.3945520 0.4943719 0.5066641 0.4086298
33 0.3933010 0.3177247 0.4591253 0.0148980
11 0.3226183 0.3746562 0.0275225 0.0159621
24 0.6028473 0.3746562 0.0275225 0.0159621
20 0.1825037 0.4321197 0.0275225 0.0159621
23 0.2525610 0.4321197 0.0275225 0.0159621
3 0.3226183 0.4321197 0.0275225 0.0159621
14 0.3914245 0.4321197 0.0275225 0.0159621
12 0.4627328 0.4321197 0.0275225 0.0159621
22 0.6028473 0.4321197 0.0275225 0.0159621
13 0.1825037 0.4895833 0.0275225 0.0159621
5 0.3226183 0.4895833 0.0275225 0.0159621
21 0.3914245 0.4895833 0.0275225 0.0159621
16 0.4627328 0.4895833 0.0275225 0.0159621
4 0.1825037 0.5470468 0.0275225 0.0159620
17 0.3226183 0.5470468 0.0275225 0.0159620
1 0.6028473 0.5470468 0.0275225 0.0159620
15 0.1825037 0.6045104 0.0275225 0.0159621
9 0.2525610 0.6045104 0.0275225 0.0159621
29 0.3914245 0.6045104 0.0275225 0.0159621
7 0.4627328 0.6045104 0.0275225 0.0159621
27 0.2525610 0.6619740 0.0275225 0.0159621
34 0.3226183 0.6614419 0.0650531 0.0574636
22 0.3226183 0.6619740 0.0275225 0.0159621
