10 0.7767507 0.6809308 0.0273549 0.0167855
23 0.8463811 0.6809308 0.0273548 0.0167855
32 0.6393550 0.5046831 0.5035770 0.4297087
33 0.6381116 0.3189236 0.4563277 0.0156665
7 0.4982291 0.3787918 0.0273548 0.0167855
26 0.5678595 0.3787918 0.0273548 0.0167855
2 0.6362465 0.3787918 0.0273548 0.0167855
34 0.7064986 0.3782324 0.0659002 0.0604278
16 0.7071204 0.3787918 0.0273548 0.0167855
5 0.8463811 0.3787918 0.0273548 0.0167855
9 0.4285987 0.4392196 0.0273548 0.0167855
15 0.5678595 0.4392196 0.0273548 0.0167855
18 0.6362465 0.4392196 0.0273548 0.0167855
14 0.4285987 0.4996474 0.0273548 0.0167855
12 0.5678595 0.4996474 0.0273548 0.0167855
21 0.6362465 0.4996474 0.0273548 0.0167855
29 0.7767507 0.4996474 0.0273549 0.0167855
24 0.4285987 0.5600752 0.0273548 0.0167855
13 0.5678595 0.5600752 0.0273548 0.0167855
6 0.6362465 0.5600752 0.0273548 0.0167855
20 0.8463811 0.5600752 0.0273548 0.0167855
25 0.4982291 0.6205030 0.0273548 0.0167855
11 0.7071204 0.6205030 0.0273548 0.0167855
31 0.4285987 0.6809308 0.0273548 0.0167855
4 0.4982291 0.6809308 0.0273548 0.0167855
19 0.5678595 0.6809308 0.0273548 0.0167855
