8 0.4956943 0.7985621 0.0274978 0.0169925
13 0.5656887 0.7985621 0.0274978 0.0169925
32 0.3575804 0.6201424 0.5062094 0.4350044
33 0.3563305 0.4320936 0.4587132 0.0158595
9 0.1457224 0.4926997 0.0274978 0.0169924
25 0.2157168 0.4926997 0.0274978 0.0169924
34 0.2857112 0.4921333 0.0649948 0.0611725
6 0.2857112 0.4926997 0.0274978 0.0169924
19 0.4256999 0.4926997 0.0274978 0.0169924
5 0.4956943 0.4926997 0.0274978 0.0169924
21 0.5656887 0.4926997 0.0274978 0.0169924
10 0.1457224 0.5538722 0.0274978 0.0169924
14 0.2157168 0.5538722 0.0274978 0.0169924
18 0.4256999 0.5538722 0.0274978 0.0169924
12 0.1457224 0.6150447 0.0274978 0.0169923
22 0.3544556 0.6150447 0.0274978 0.0169923
3 0.4256999 0.6150447 0.0274978 0.0169923
31 0.5656887 0.6150447 0.0274978 0.0169923
17 0.3544556 0.6762172 0.0274978 0.0169925
24 0.4256999 0.6762172 0.0274978 0.0169925
2 0.1457224 0.7373897 0.0274978 0.0169923
30 0.3544556 0.7373897 0.0274978 0.0169923
26 0.5656887 0.7373897 0.0274978 0.0169923
23 0.1457224 0.7985621 0.0274978 0.0169925
15 0.2857112 0.7985621 0.0274978 0.0169925
16 0.4256999 0.7985621 0.0274978 0.0169925
