31 0.7530344 0.5266213 0.0287329 0.0174551
8 0.8261728 0.5266213 0.0287330 0.0174551
32 0.6087167 0.3433426 0.5289473 0.4468509
33 0.6074107 0.1501727 0.4793177 0.0162914
14 0.6054516 0.2124292 0.0287330 0.0174551
20 0.7530344 0.2124292 0.0287329 0.0174551
25 0.5336193 0.2752677 0.0287329 0.0174551
26 0.6054516 0.2752677 0.0287330 0.0174551
18 0.6798961 0.2752677 0.0287329 0.0174551
3 0.7530344 0.2752677 0.0287329 0.0174551
22 0.8261728 0.2752677 0.0287330 0.0174551
15 0.3873425 0.3381061 0.0287329 0.0174551
5 0.6798961 0.3381061 0.0287329 0.0174551
16 0.3873425 0.4009445 0.0287329 0.0174551
12 0.4604809 0.4009445 0.0287329 0.0174551
29 0.6798961 0.4009445 0.0287329 0.0174551
19 0.7530344 0.4009445 0.0287329 0.0174551
17 0.8261728 0.4009445 0.0287330 0.0174551
34 0.3873425 0.4632010 0.0679142 0.0628384
15 0.3873425 0.4637829 0.0287329 0.0174551
13 0.4604809 0.4637829 0.0287329 0.0174551
10 0.6054516 0.4637829 0.0287330 0.0174551
4 0.7530344 0.4637829 0.0287329 0.0174551
7 0.3873425 0.5266213 0.0287329 0.0174551
21 0.4604809 0.5266213 0.0287329 0.0174551
24 0.6054516 0.5266213 0.0287330 0.0174551
