29 0.6315675 0.5417208 0.0270447 0.0172593
22 0.7004086 0.5417208 0.0270447 0.0172593
32 0.4957292 0.3604983 0.4978688 0.4418376
33 0.4944999 0.1694956 0.4511552 0.0161087
24 0.4926559 0.2310537 0.0270447 0.0172593
5 0.7004086 0.2310537 0.0270447 0.0172593
1 0.2873619 0.2931871 0.0270447 0.0172593
11 0.3562030 0.2931871 0.0270447 0.0172593
9 0.4250441 0.2931871 0.0270448 0.0172593
8 0.4926559 0.2931871 0.0270447 0.0172593
10 0.5627264 0.2931871 0.0270447 0.0172593
6 0.6315675 0.2931871 0.0270447 0.0172593
7 0.7004086 0.2931871 0.0270447 0.0172593
16 0.4250441 0.3553205 0.0270448 0.0172593
34 0.4926559 0.3547452 0.0639239 0.0621334
5 0.4926559 0.3553205 0.0270447 0.0172593
25 0.5627264 0.3553205 0.0270447 0.0172593
12 0.6315675 0.3553205 0.0270447 0.0172593
23 0.2873619 0.4174539 0.0270447 0.0172593
20 0.3562030 0.4174539 0.0270447 0.0172593
2 0.2873619 0.4795873 0.0270447 0.0172593
21 0.4250441 0.4795873 0.0270448 0.0172593
18 0.4926559 0.4795873 0.0270447 0.0172593
26 0.5627264 0.4795873 0.0270447 0.0172593
4 0.7004086 0.4795873 0.0270447 0.0172593
30 0.2873619 0.5417208 0.0270447 0.0172593
