19 0.5206764 0.6420205 0.0285083 0.0162621
22 0.5932430 0.6420205 0.0285083 0.0162621
32 0.4500536 0.4712689 0.5248119 0.4163086
33 0.4487577 0.2913022 0.4755703 0.0151779
1 0.2304101 0.3493035 0.0285083 0.0162621
30 0.3029766 0.3493035 0.0285083 0.0162621
3 0.3755432 0.3493035 0.0285083 0.0162621
24 0.5206764 0.3493035 0.0285083 0.0162621
23 0.6658096 0.3493035 0.0285083 0.0162621
14 0.3755432 0.4078469 0.0285083 0.0162620
8 0.4468140 0.4078469 0.0285083 0.0162620
2 0.5206764 0.4078469 0.0285083 0.0162620
16 0.5932430 0.4078469 0.0285083 0.0162620
15 0.6658096 0.4078469 0.0285083 0.0162620
13 0.3755432 0.4663902 0.0285083 0.0162621
21 0.4468140 0.4663902 0.0285083 0.0162621
34 0.5925951 0.4658482 0.0660874 0.0585434
30 0.5932430 0.4663902 0.0285083 0.0162621
10 0.2304101 0.5249337 0.0285083 0.0162621
18 0.3755432 0.5249337 0.0285083 0.0162621
4 0.4468140 0.5249337 0.0285083 0.0162621
26 0.5932430 0.5249337 0.0285083 0.0162621
7 0.3755432 0.5834770 0.0285083 0.0162621
12 0.5206764 0.5834770 0.0285083 0.0162621
27 0.5932430 0.5834770 0.0285083 0.0162621
31 0.3029766 0.6420205 0.0285083 0.0162621
