27 0.5023454 0.7983314 0.0262080 0.0173718
7 0.5690568 0.7983314 0.0262080 0.0173718
32 0.3707095 0.6159283 0.4824663 0.4447162
33 0.3695183 0.4236812 0.4371979 0.0162136
12 0.1687885 0.4856403 0.0262080 0.0173717
8 0.3022112 0.4856403 0.0262081 0.0173717
13 0.4356340 0.4856403 0.0262080 0.0173717
17 0.5023454 0.4856403 0.0262080 0.0173717
19 0.5690568 0.4856403 0.0262080 0.0173717
2 0.3677314 0.5481785 0.0262080 0.0173718
34 0.4350384 0.5475995 0.0631376 0.0625382
21 0.4356340 0.5481785 0.0262080 0.0173718
20 0.5690568 0.5481785 0.0262080 0.0173718
21 0.1687885 0.6107168 0.0262080 0.0173717
22 0.2354998 0.6107168 0.0262081 0.0173717
23 0.3022112 0.6107168 0.0262081 0.0173717
26 0.1687885 0.6732549 0.0262080 0.0173718
15 0.2354998 0.6732549 0.0262081 0.0173718
29 0.3022112 0.6732549 0.0262081 0.0173718
10 0.3677314 0.6732549 0.0262080 0.0173718
9 0.3022112 0.7357932 0.0262081 0.0173717
24 0.5023454 0.7357932 0.0262080 0.0173717
11 0.5690568 0.7357932 0.0262080 0.0173717
31 0.3022112 0.7983314 0.0262081 0.0173718
30 0.3677314 0.7983314 0.0262080 0.0173718
1 0.4356340 0.7983314 0.0262080 0.0173718
