34 0.2098107 0.5815066 0.0666953 0.0580954
20 0.2098107 0.5820445 0.0282172 0.0161376
32 0.2835603 0.4125998 0.5194538 0.4131224
33 0.2822777 0.2340104 0.4707150 0.0150617
23 0.0661593 0.2915678 0.0282172 0.0161376
20 0.2098107 0.2915678 0.0282172 0.0161376
31 0.2803538 0.2915678 0.0282172 0.0161376
21 0.3534621 0.2915678 0.0282172 0.0161376
26 0.4252878 0.2915678 0.0282173 0.0161376
24 0.4971135 0.2915678 0.0282172 0.0161376
25 0.0661593 0.3496632 0.0282172 0.0161376
15 0.1379850 0.3496632 0.0282172 0.0161376
14 0.3534621 0.3496632 0.0282172 0.0161376
29 0.4252878 0.3496632 0.0282173 0.0161376
19 0.4971135 0.3496632 0.0282172 0.0161376
9 0.2098107 0.4077585 0.0282172 0.0161376
10 0.4252878 0.4077585 0.0282173 0.0161376
22 0.4971135 0.4077585 0.0282172 0.0161376
18 0.1379850 0.4658538 0.0282172 0.0161376
17 0.3534621 0.4658538 0.0282172 0.0161376
16 0.4252878 0.4658538 0.0282173 0.0161376
12 0.0661593 0.5239492 0.0282172 0.0161376
3 0.1379850 0.5239492 0.0282172 0.0161376
27 0.2803538 0.5239492 0.0282172 0.0161376
11 0.3534621 0.5239492 0.0282172 0.0161376
6 0.4971135 0.5239492 0.0282172 0.0161376
