13 0.5532275 0.5442044 0.0264719 0.0168486
6 0.6206104 0.5442044 0.0264719 0.0168486
32 0.4876494 0.3672942 0.4873235 0.4313240
33 0.4864461 0.1808364 0.4415993 0.0157253
22 0.2836954 0.2409298 0.0264719 0.0168486
5 0.3510785 0.2409298 0.0264719 0.0168486
16 0.4846412 0.2409298 0.0264719 0.0168486
26 0.6206104 0.2409298 0.0264719 0.0168486
20 0.6879935 0.2409298 0.0264719 0.0168486
34 0.2836954 0.3010231 0.0625699 0.0606550
28 0.2836954 0.3015847 0.0264719 0.0168486
31 0.3510785 0.3015847 0.0264719 0.0168486
8 0.4846412 0.3015847 0.0264719 0.0168486
23 0.5532275 0.3015847 0.0264719 0.0168486
10 0.2836954 0.3622396 0.0264719 0.0168486
18 0.5532275 0.3622396 0.0264719 0.0168486
11 0.6879935 0.3622396 0.0264719 0.0168486
21 0.3510785 0.4228946 0.0264719 0.0168486
29 0.4846412 0.4228946 0.0264719 0.0168486
7 0.6879935 0.4228946 0.0264719 0.0168486
2 0.2836954 0.4835495 0.0264719 0.0168486
1 0.4184615 0.4835495 0.0264719 0.0168486
9 0.4846412 0.4835495 0.0264719 0.0168486
25 0.6879935 0.4835495 0.0264719 0.0168486
27 0.3510785 0.5442044 0.0264719 0.0168486
17 0.4184615 0.5442044 0.0264719 0.0168486
