18 0.2796498 0.6494940 0.0262744 0.0159620
2 0.3477243 0.6494940 0.0262743 0.0159620
32 0.2826356 0.4818926 0.4836870 0.4086281
33 0.2814413 0.3052460 0.4383040 0.0148979
34 0.2796498 0.3616453 0.0621030 0.0574633
8 0.2796498 0.3621773 0.0262744 0.0159620
20 0.3477243 0.3621773 0.0262743 0.0159620
4 0.0802036 0.4196407 0.0262744 0.0159620
26 0.1470838 0.4196407 0.0262744 0.0159620
13 0.2139640 0.4196407 0.0262744 0.0159620
9 0.2796498 0.4196407 0.0262744 0.0159620
23 0.3477243 0.4196407 0.0262743 0.0159620
7 0.4146045 0.4196407 0.0262744 0.0159620
24 0.4814847 0.4196407 0.0262743 0.0159620
15 0.0802036 0.4771040 0.0262744 0.0159620
3 0.1470838 0.4771040 0.0262744 0.0159620
8 0.2796498 0.4771040 0.0262744 0.0159620
1 0.0802036 0.5345673 0.0262744 0.0159620
11 0.1470838 0.5345673 0.0262744 0.0159620
30 0.2139640 0.5345673 0.0262744 0.0159620
22 0.2796498 0.5345673 0.0262744 0.0159620
5 0.4814847 0.5345673 0.0262743 0.0159620
29 0.2139640 0.5920307 0.0262744 0.0159620
10 0.2796498 0.5920307 0.0262744 0.0159620
17 0.3477243 0.5920307 0.0262743 0.0159620
6 0.4146045 0.5920307 0.0262744 0.0159620
