34 0.5937169 0.6452072 0.0648065 0.0614012
3 0.5937169 0.6457758 0.0274181 0.0170559
32 0.3862115 0.4666889 0.5047430 0.4366308
33 0.3849652 0.2779371 0.4573843 0.0159188
20 0.1749672 0.3387697 0.0274181 0.0170559
6 0.2447588 0.3387697 0.0274181 0.0170559
10 0.4541337 0.3387697 0.0274181 0.0170559
29 0.5239253 0.3387697 0.0274181 0.0170559
31 0.5937169 0.3387697 0.0274181 0.0170559
1 0.2447588 0.4001710 0.0274181 0.0170559
27 0.3830958 0.4001710 0.0274181 0.0170559
2 0.4541337 0.4001710 0.0274181 0.0170559
22 0.5937169 0.4001710 0.0274181 0.0170559
11 0.1749672 0.4615722 0.0274181 0.0170559
13 0.2447588 0.4615722 0.0274181 0.0170559
24 0.4541337 0.4615722 0.0274181 0.0170559
19 0.5239253 0.4615722 0.0274181 0.0170559
15 0.5937169 0.4615722 0.0274181 0.0170559
17 0.1749672 0.5229734 0.0274181 0.0170559
7 0.3145504 0.5229734 0.0274181 0.0170559
25 0.2447588 0.5843746 0.0274181 0.0170559
9 0.3145504 0.5843746 0.0274181 0.0170559
26 0.2447588 0.6457758 0.0274181 0.0170559
12 0.3145504 0.6457758 0.0274181 0.0170559
21 0.3830958 0.6457758 0.0274181 0.0170559
18 0.5239253 0.6457758 0.0274181 0.0170559
