19 0.3362389 0.5649632 0.0288624 0.0172524
13 0.4097069 0.5649632 0.0288625 0.0172524
32 0.2658272 0.3838131 0.5291544 0.4416614
33 0.2634267 0.1928865 0.4814782 0.0161022
11 0.0423666 0.2544201 0.0288625 0.0172524
15 0.1158347 0.2544201 0.0288625 0.0172524
34 0.1893027 0.2538450 0.0682203 0.0621087
14 0.1893027 0.2544201 0.0288625 0.0172524
4 0.2614589 0.2544201 0.0288625 0.0172524
17 0.4097069 0.2544201 0.0288625 0.0172524
22 0.1158347 0.3165287 0.0288625 0.0172524
14 0.1893027 0.3165287 0.0288625 0.0172524
27 0.2614589 0.3165287 0.0288625 0.0172524
16 0.3362389 0.3165287 0.0288624 0.0172524
5 0.1158347 0.3786373 0.0288625 0.0172524
29 0.2614589 0.3786373 0.0288625 0.0172524
24 0.4831750 0.3786373 0.0288625 0.0172524
8 0.1158347 0.4407460 0.0288625 0.0172524
10 0.1893027 0.4407460 0.0288625 0.0172524
6 0.3362389 0.4407460 0.0288624 0.0172524
21 0.0423666 0.5028546 0.0288625 0.0172524
9 0.1158347 0.5028546 0.0288625 0.0172524
25 0.1893027 0.5028546 0.0288625 0.0172524
31 0.4097069 0.5028546 0.0288625 0.0172524
7 0.4831750 0.5028546 0.0288625 0.0172524
1 0.1893027 0.5649632 0.0288625 0.0172524
