7 0.4340456 0.7804887 0.0277745 0.0168094
29 0.5047442 0.7804887 0.0277744 0.0168094
32 0.2945422 0.6039894 0.5113021 0.4303221
33 0.2932797 0.4179647 0.4633281 0.0156888
18 0.0805528 0.4779185 0.0277744 0.0168095
8 0.1512514 0.4779185 0.0277744 0.0168095
34 0.3627158 0.4773582 0.0669111 0.0605141
31 0.3633471 0.4779185 0.0277744 0.0168095
24 0.5047442 0.4779185 0.0277744 0.0168095
9 0.0805528 0.5384325 0.0277744 0.0168094
20 0.1512514 0.5384325 0.0277744 0.0168094
11 0.2219499 0.5384325 0.0277744 0.0168094
10 0.3633471 0.5384325 0.0277744 0.0168094
23 0.4340456 0.5384325 0.0277745 0.0168094
25 0.5047442 0.5384325 0.0277744 0.0168094
13 0.1512514 0.5989465 0.0277744 0.0168094
17 0.5047442 0.5989465 0.0277744 0.0168094
3 0.2219499 0.6594606 0.0277744 0.0168094
21 0.2913860 0.6594606 0.0277744 0.0168094
2 0.3633471 0.6594606 0.0277744 0.0168094
16 0.0805528 0.7199746 0.0277744 0.0168094
15 0.1512514 0.7199746 0.0277744 0.0168094
30 0.3633471 0.7199746 0.0277744 0.0168094
14 0.0805528 0.7804887 0.0277744 0.0168094
31 0.1512514 0.7804887 0.0277744 0.0168094
22 0.3633471 0.7804887 0.0277744 0.0168094
