3 0.3893732 0.6210925 0.0262561 0.0172090
25 0.5230408 0.6210925 0.0262561 0.0172090
32 0.4579971 0.4403979 0.4833514 0.4405508
33 0.4568037 0.2499514 0.4380000 0.0160617
27 0.3225394 0.3113303 0.0262561 0.0172090
23 0.4550135 0.3113303 0.0262561 0.0172090
31 0.6567084 0.3113303 0.0262562 0.0172090
7 0.3225394 0.3732827 0.0262561 0.0172090
21 0.3893732 0.3732827 0.0262561 0.0172090
9 0.5898746 0.3732827 0.0262561 0.0172090
19 0.6567084 0.3732827 0.0262562 0.0172090
22 0.3225394 0.4352352 0.0262561 0.0172091
20 0.3893732 0.4352352 0.0262561 0.0172091
26 0.5898746 0.4352352 0.0262561 0.0172091
4 0.6567084 0.4352352 0.0262562 0.0172091
2 0.2557056 0.4971877 0.0262561 0.0172090
6 0.3225394 0.4971877 0.0262561 0.0172090
5 0.3893732 0.4971877 0.0262561 0.0172090
16 0.4550135 0.4971877 0.0262561 0.0172090
24 0.5230408 0.4971877 0.0262561 0.0172090
30 0.5898746 0.4971877 0.0262561 0.0172090
17 0.2557056 0.5591401 0.0262561 0.0172090
29 0.6567084 0.5591401 0.0262562 0.0172090
13 0.2557056 0.6210925 0.0262561 0.0172090
34 0.3219427 0.6205189 0.0608665 0.0619524
26 0.3225394 0.6210925 0.0262561 0.0172090
