1 0.5635152 0.6888877 0.0285307 0.0158559
11 0.6361388 0.6888877 0.0285307 0.0158559
32 0.4928369 0.5224004 0.5252242 0.4059116
33 0.4915400 0.3469282 0.4759439 0.0147989
29 0.4895947 0.4034810 0.0285307 0.0158559
16 0.6361388 0.4034810 0.0285307 0.0158559
21 0.7087624 0.4034810 0.0285307 0.0158559
17 0.2730208 0.4605623 0.0285307 0.0158559
8 0.4895947 0.4605623 0.0285307 0.0158559
19 0.6361388 0.4605623 0.0285307 0.0158559
34 0.7087624 0.4600338 0.0674362 0.0570813
2 0.7087624 0.4605623 0.0285307 0.0158559
26 0.3456444 0.5176437 0.0285307 0.0158559
31 0.4895947 0.5176437 0.0285307 0.0158559
4 0.5635152 0.5176437 0.0285307 0.0158559
14 0.6361388 0.5176437 0.0285307 0.0158559
7 0.7087624 0.5176437 0.0285307 0.0158559
9 0.4895947 0.5747249 0.0285307 0.0158559
13 0.7087624 0.5747249 0.0285307 0.0158559
25 0.4182680 0.6318064 0.0285307 0.0158559
23 0.4895947 0.6318064 0.0285307 0.0158559
30 0.6361388 0.6318064 0.0285307 0.0158559
6 0.7087624 0.6318064 0.0285307 0.0158559
22 0.2730208 0.6888877 0.0285307 0.0158559
15 0.3456444 0.6888877 0.0285307 0.0158559
18 0.4895947 0.6888877 0.0285307 0.0158559
