23 0.4869178 0.7236532 0.0279282 0.0164187
2 0.5580078 0.7236532 0.0279282 0.0164187
32 0.3466420 0.5512569 0.5141331 0.4203185
33 0.3453725 0.3695567 0.4658934 0.0153241
27 0.2025578 0.4281167 0.0279282 0.0164187
1 0.3434683 0.4281167 0.0279282 0.0164187
21 0.4158278 0.4281167 0.0279282 0.0164187
24 0.4869178 0.4281167 0.0279282 0.0164187
14 0.1314678 0.4872240 0.0279282 0.0164187
18 0.2025578 0.4872240 0.0279282 0.0164187
10 0.2736478 0.4872240 0.0279282 0.0164187
20 0.1314678 0.5463313 0.0279282 0.0164187
26 0.2736478 0.5463313 0.0279282 0.0164187
15 0.3434683 0.5463313 0.0279282 0.0164187
5 0.4158278 0.5463313 0.0279282 0.0164187
31 0.5580078 0.5463313 0.0279282 0.0164187
29 0.1314678 0.6054386 0.0279282 0.0164187
3 0.2025578 0.6054386 0.0279282 0.0164187
17 0.3434683 0.6054386 0.0279282 0.0164187
34 0.4151931 0.6048912 0.0672816 0.0591073
11 0.4158278 0.6054386 0.0279282 0.0164187
25 0.4869178 0.6054386 0.0279282 0.0164187
11 0.2025578 0.6645459 0.0279282 0.0164187
13 0.4869178 0.6645459 0.0279282 0.0164187
8 0.5580078 0.6645459 0.0279282 0.0164187
22 0.3434683 0.7236532 0.0279282 0.0164187
