18 0.6133245 0.5704298 0.0265331 0.0161542
16 0.6808632 0.5704298 0.0265330 0.0161542
32 0.5475949 0.4008099 0.4884490 0.4135493
33 0.5463889 0.2220360 0.4426192 0.0150773
7 0.3431700 0.2796529 0.0265330 0.0161542
22 0.4107086 0.2796529 0.0265331 0.0161542
17 0.4782473 0.2796529 0.0265330 0.0161542
2 0.5445798 0.2796529 0.0265331 0.0161542
10 0.4782473 0.3378082 0.0265330 0.0161543
5 0.5445798 0.3378082 0.0265331 0.0161543
6 0.6133245 0.3378082 0.0265331 0.0161543
4 0.6808632 0.3378082 0.0265330 0.0161543
8 0.3431700 0.3959636 0.0265330 0.0161543
27 0.4107086 0.3959636 0.0265331 0.0161543
14 0.6808632 0.3959636 0.0265330 0.0161543
29 0.7484018 0.3959636 0.0265330 0.0161543
26 0.3431700 0.4541190 0.0265330 0.0161543
12 0.4107086 0.4541190 0.0265331 0.0161543
20 0.5445798 0.4541190 0.0265331 0.0161543
13 0.6133245 0.4541190 0.0265331 0.0161543
34 0.7484018 0.4535805 0.0627145 0.0581554
1 0.7484018 0.4541190 0.0265330 0.0161543
15 0.3431700 0.5122744 0.0265330 0.0161542
11 0.5445798 0.5122744 0.0265331 0.0161542
30 0.7484018 0.5122744 0.0265330 0.0161542
19 0.3431700 0.5704298 0.0265330 0.0161542
