8 0.5505057 0.5107899 0.0280742 0.0163784
23 0.6232434 0.5107899 0.0280742 0.0163784
32 0.5536959 0.3388169 0.5168204 0.4192864
33 0.5524199 0.1575629 0.4683286 0.0152865
15 0.3373970 0.2159791 0.0280742 0.0163784
31 0.4088586 0.2159791 0.0280742 0.0163784
3 0.4803202 0.2159791 0.0280742 0.0163784
19 0.5505057 0.2159791 0.0280742 0.0163784
12 0.6232434 0.2159791 0.0280742 0.0163784
10 0.3373970 0.2749413 0.0280742 0.0163784
34 0.4082206 0.2743953 0.0650811 0.0589621
20 0.4088586 0.2749413 0.0280742 0.0163784
16 0.5505057 0.2749413 0.0280742 0.0163784
14 0.6947050 0.2749413 0.0280742 0.0163784
20 0.7661666 0.2749413 0.0280742 0.0163784
7 0.3373970 0.3339034 0.0280742 0.0163784
6 0.4088586 0.3339034 0.0280742 0.0163784
24 0.4803202 0.3339034 0.0280742 0.0163784
9 0.7661666 0.3339034 0.0280742 0.0163784
1 0.3373970 0.3928656 0.0280742 0.0163784
4 0.4088586 0.3928656 0.0280742 0.0163784
21 0.6232434 0.3928656 0.0280742 0.0163784
5 0.3373970 0.4518278 0.0280742 0.0163784
27 0.4088586 0.4518278 0.0280742 0.0163784
26 0.6232434 0.4518278 0.0280742 0.0163784
2 0.4088586 0.5107899 0.0280742 0.0163784
