16 0.5342988 0.5247604 0.0264457 0.0158790
31 0.6016151 0.5247604 0.0264457 0.0158790
32 0.4014693 0.3580318 0.4868415 0.4065003
33 0.4002671 0.1823051 0.4411625 0.0148203
21 0.1977171 0.2389399 0.0264457 0.0158789
15 0.2650334 0.2389399 0.0264457 0.0158789
25 0.3984641 0.2389399 0.0264457 0.0158789
14 0.5342988 0.2389399 0.0264457 0.0158789
20 0.2650334 0.2961040 0.0264457 0.0158789
27 0.4669825 0.2961040 0.0264457 0.0158789
22 0.5342988 0.2961040 0.0264457 0.0158789
10 0.6016151 0.2961040 0.0264457 0.0158789
5 0.1977171 0.3532681 0.0264457 0.0158790
17 0.3323498 0.3532681 0.0264457 0.0158790
2 0.5342988 0.3532681 0.0264457 0.0158790
30 0.6016151 0.3532681 0.0264457 0.0158790
24 0.3323498 0.4104322 0.0264457 0.0158790
13 0.4669825 0.4104322 0.0264457 0.0158790
6 0.5342988 0.4104322 0.0264457 0.0158790
16 0.1977171 0.4675963 0.0264457 0.0158790
3 0.2650334 0.4675963 0.0264457 0.0158790
12 0.3323498 0.4675963 0.0264457 0.0158790
9 0.5342988 0.4675963 0.0264457 0.0158790
18 0.1977171 0.5247604 0.0264457 0.0158790
26 0.3323498 0.5247604 0.0264457 0.0158790
34 0.5336978 0.5242311 0.0613060 0.0571641
