25 0.5267193 0.5852390 0.0261957 0.0160594
11 0.7279495 0.5852390 0.0261957 0.0160594
32 0.5296960 0.4166156 0.4822382 0.4111199
33 0.5285053 0.2388919 0.4369911 0.0149887
22 0.3945503 0.2961703 0.0261956 0.0160594
13 0.4612302 0.2961703 0.0261957 0.0160594
1 0.6612697 0.2961703 0.0261957 0.0160594
24 0.7279495 0.2961703 0.0261957 0.0160594
27 0.5267193 0.3539841 0.0261957 0.0160594
12 0.6612697 0.3539841 0.0261957 0.0160594
20 0.3278705 0.4117978 0.0261956 0.0160594
29 0.3945503 0.4117978 0.0261956 0.0160594
19 0.5267193 0.4117978 0.0261957 0.0160594
31 0.5945898 0.4117978 0.0261957 0.0160594
3 0.6612697 0.4117978 0.0261957 0.0160594
17 0.7279495 0.4117978 0.0261957 0.0160594
4 0.3278705 0.4696116 0.0261956 0.0160594
21 0.4612302 0.4696116 0.0261957 0.0160594
34 0.6606743 0.4690762 0.0607262 0.0578138
18 0.6612697 0.4696116 0.0261957 0.0160594
10 0.3945503 0.5274253 0.0261956 0.0160594
30 0.5267193 0.5274253 0.0261957 0.0160594
26 0.5945898 0.5274253 0.0261957 0.0160594
18 0.6612697 0.5274253 0.0261957 0.0160594
23 0.7279495 0.5274253 0.0261957 0.0160594
8 0.4612302 0.5852390 0.0261957 0.0160594
