15 0.3277526 0.6776544 0.0270308 0.0167310
14 0.3965583 0.6776544 0.0270308 0.0167310
32 0.2607900 0.5019782 0.4976123 0.4283151
33 0.2595613 0.3168212 0.4509228 0.0156157
16 0.0525300 0.3764953 0.0270308 0.0167311
30 0.1213356 0.3764953 0.0270308 0.0167311
11 0.1901413 0.3764953 0.0270308 0.0167311
29 0.2577183 0.3764953 0.0270308 0.0167311
27 0.3277526 0.3764953 0.0270308 0.0167311
19 0.0525300 0.4367271 0.0270308 0.0167311
25 0.1213356 0.4367271 0.0270308 0.0167311
21 0.1901413 0.4367271 0.0270308 0.0167311
24 0.2577183 0.4367271 0.0270308 0.0167311
13 0.3277526 0.4367271 0.0270308 0.0167311
22 0.1213356 0.4969589 0.0270308 0.0167311
12 0.3277526 0.4969589 0.0270308 0.0167311
31 0.3965583 0.4969589 0.0270308 0.0167311
34 0.1207213 0.5566330 0.0626623 0.0602318
6 0.1213356 0.5571907 0.0270308 0.0167311
7 0.1901413 0.5571907 0.0270308 0.0167311
2 0.3277526 0.5571907 0.0270308 0.0167311
9 0.1213356 0.6174226 0.0270308 0.0167310
17 0.1901413 0.6174226 0.0270308 0.0167310
26 0.2577183 0.6174226 0.0270308 0.0167310
5 0.0525300 0.6776544 0.0270308 0.0167310
8 0.1901413 0.6776544 0.0270308 0.0167310
