15 0.6251717 0.6455391 0.0275787 0.0164033
11 0.7655721 0.6455391 0.0275787 0.0164033
32 0.5568518 0.4733047 0.5076980 0.4199238
33 0.5555982 0.2917752 0.4600621 0.0153097
29 0.3443708 0.3502802 0.0275787 0.0164033
34 0.4847712 0.3497334 0.0651859 0.0590518
12 0.4847712 0.3502802 0.0275787 0.0164033
31 0.5537178 0.3502802 0.0275787 0.0164033
20 0.6953719 0.3502802 0.0275787 0.0164033
23 0.7655721 0.3502802 0.0275787 0.0164033
14 0.4145710 0.4093320 0.0275787 0.0164033
3 0.6953719 0.4093320 0.0275787 0.0164033
22 0.3443708 0.4683838 0.0275787 0.0164033
30 0.4145710 0.4683838 0.0275787 0.0164033
2 0.5537178 0.4683838 0.0275787 0.0164033
1 0.4145710 0.5274356 0.0275787 0.0164033
21 0.4847712 0.5274356 0.0275787 0.0164033
24 0.6251717 0.5274356 0.0275787 0.0164033
27 0.6953719 0.5274356 0.0275787 0.0164033
19 0.4145710 0.5864874 0.0275787 0.0164033
17 0.5537178 0.5864874 0.0275787 0.0164033
10 0.6251717 0.5864874 0.0275787 0.0164033
16 0.6953719 0.5864874 0.0275787 0.0164033
26 0.7655721 0.5864874 0.0275787 0.0164033
9 0.3443708 0.6455391 0.0275787 0.0164033
4 0.5537178 0.6455391 0.0275787 0.0164033
