24 0.5880996 0.5461183 0.0272120 0.0162479
31 0.6573663 0.5461183 0.0272120 0.0162479
32 0.4514212 0.3755152 0.5009477 0.4159468
33 0.4501843 0.1957049 0.4539452 0.0151647
12 0.2417653 0.2536558 0.0272120 0.0162479
6 0.3110321 0.2536558 0.0272120 0.0162479
19 0.4483289 0.2536558 0.0272120 0.0162479
5 0.3110321 0.3121483 0.0272120 0.0162479
21 0.5188327 0.3121483 0.0272120 0.0162479
29 0.3802990 0.3706408 0.0272120 0.0162479
8 0.4483289 0.3706408 0.0272120 0.0162479
11 0.5188327 0.3706408 0.0272120 0.0162479
22 0.5880996 0.3706408 0.0272120 0.0162479
17 0.2417653 0.4291333 0.0272120 0.0162479
26 0.4483289 0.4291333 0.0272120 0.0162479
9 0.5188327 0.4291333 0.0272120 0.0162479
3 0.5880996 0.4291333 0.0272120 0.0162479
1 0.2417653 0.4876258 0.0272120 0.0162479
2 0.3110321 0.4876258 0.0272120 0.0162479
20 0.3802990 0.4876258 0.0272120 0.0162479
25 0.6573663 0.4876258 0.0272120 0.0162479
27 0.2417653 0.5461183 0.0272120 0.0162479
34 0.3104137 0.5455767 0.0630823 0.0584925
3 0.3110321 0.5461183 0.0272120 0.0162479
16 0.3802990 0.5461183 0.0272120 0.0162479
13 0.4483289 0.5461183 0.0272120 0.0162479
