10 0.5576038 0.5563294 0.0277198 0.0168087
3 0.6281633 0.5563294 0.0277198 0.0168087
32 0.4889342 0.3798385 0.5102963 0.4303018
33 0.4876743 0.1938226 0.4624167 0.0156881
14 0.4164848 0.2537735 0.0277198 0.0168086
12 0.4857843 0.2537735 0.0277198 0.0168086
23 0.6281633 0.2537735 0.0277198 0.0168086
13 0.3459253 0.3142847 0.0277198 0.0168086
31 0.4164848 0.3142847 0.0277198 0.0168086
8 0.4857843 0.3142847 0.0277198 0.0168086
2 0.6987227 0.3142847 0.0277198 0.0168086
29 0.2753658 0.3747959 0.0277198 0.0168087
18 0.4164848 0.3747959 0.0277198 0.0168087
9 0.5576038 0.3747959 0.0277198 0.0168087
1 0.6281633 0.3747959 0.0277198 0.0168087
24 0.6987227 0.3747959 0.0277198 0.0168087
19 0.2753658 0.4353071 0.0277198 0.0168087
16 0.4164848 0.4353071 0.0277198 0.0168087
11 0.6987227 0.4353071 0.0277198 0.0168087
22 0.4164848 0.4958182 0.0277198 0.0168087
34 0.4857843 0.4952579 0.0655195 0.0605111
4 0.4857843 0.4958182 0.0277198 0.0168087
17 0.5576038 0.4958182 0.0277198 0.0168087
4 0.6281633 0.4958182 0.0277198 0.0168087
20 0.6987227 0.4958182 0.0277198 0.0168087
21 0.4857843 0.5563294 0.0277198 0.0168087
