29 0.7724617 0.7438868 0.0274387 0.0161376
24 0.8423058 0.7438868 0.0274388 0.0161376
32 0.6346442 0.5744423 0.5051228 0.4131217
33 0.6333970 0.3958533 0.4577285 0.0150617
30 0.5629293 0.4534106 0.0274388 0.0161376
26 0.6315262 0.4534106 0.0274388 0.0161376
34 0.7718381 0.4528727 0.0636081 0.0580953
8 0.7724617 0.4534106 0.0274387 0.0161376
2 0.8423058 0.4534106 0.0274388 0.0161376
4 0.4232410 0.5115058 0.0274388 0.0161376
22 0.4930852 0.5115058 0.0274388 0.0161376
16 0.5629293 0.5115058 0.0274388 0.0161376
1 0.7026176 0.5115058 0.0274388 0.0161376
14 0.4930852 0.5696011 0.0274388 0.0161376
20 0.6315262 0.5696011 0.0274388 0.0161376
7 0.7026176 0.5696011 0.0274388 0.0161376
12 0.7724617 0.5696011 0.0274387 0.0161376
18 0.4232410 0.6276963 0.0274388 0.0161376
3 0.4930852 0.6276963 0.0274388 0.0161376
8 0.7724617 0.6276963 0.0274387 0.0161376
23 0.6315262 0.6857916 0.0274388 0.0161376
6 0.7724617 0.6857916 0.0274387 0.0161376
31 0.4232410 0.7438868 0.0274388 0.0161376
27 0.4930852 0.7438868 0.0274388 0.0161376
5 0.5629293 0.7438868 0.0274388 0.0161376
15 0.7026176 0.7438868 0.0274388 0.0161376
