16 0.2544318 0.5445059 0.0270759 0.0172342
21 0.3935033 0.5445059 0.0270759 0.0172342
32 0.2575086 0.3635468 0.4984423 0.4411954
33 0.2562778 0.1728217 0.4516748 0.0160853
26 0.1867421 0.2342903 0.0270759 0.0172342
7 0.2544318 0.2342903 0.0270759 0.0172342
24 0.3245829 0.2342903 0.0270759 0.0172342
15 0.3935033 0.2342903 0.0270759 0.0172342
4 0.0489012 0.2963335 0.0270759 0.0172342
9 0.1178217 0.2963335 0.0270759 0.0172342
29 0.2544318 0.2963335 0.0270759 0.0172342
6 0.0489012 0.3583766 0.0270759 0.0172342
12 0.1178217 0.3583766 0.0270759 0.0172342
2 0.2544318 0.3583766 0.0270759 0.0172342
13 0.4624237 0.3583766 0.0270759 0.0172342
31 0.1178217 0.4204197 0.0270759 0.0172342
17 0.1867421 0.4204197 0.0270759 0.0172342
1 0.3245829 0.4204197 0.0270759 0.0172342
20 0.1178217 0.4824628 0.0270759 0.0172342
14 0.1867421 0.4824628 0.0270759 0.0172342
34 0.2544318 0.4818883 0.0639975 0.0620431
31 0.2544318 0.4824628 0.0270759 0.0172342
27 0.3245829 0.4824628 0.0270759 0.0172342
25 0.3935033 0.4824628 0.0270759 0.0172342
23 0.0489012 0.5445059 0.0270759 0.0172342
