1 0.4108963 0.5487200 0.0273042 0.0167634
4 0.5486582 0.5487200 0.0273042 0.0167634
32 0.5517609 0.3727047 0.5026448 0.4291420
33 0.5505199 0.1871902 0.4554831 0.0156458
16 0.3413947 0.2469796 0.0273042 0.0167633
27 0.5486582 0.2469796 0.0273042 0.0167633
25 0.4803978 0.3073276 0.0273042 0.0167633
3 0.5486582 0.3073276 0.0273042 0.0167633
19 0.6194008 0.3073276 0.0273042 0.0167633
34 0.6882817 0.3067689 0.0632960 0.0603481
1 0.6889023 0.3073276 0.0273041 0.0167633
6 0.7584038 0.3073276 0.0273041 0.0167633
8 0.3413947 0.3676757 0.0273042 0.0167633
9 0.4108963 0.3676757 0.0273042 0.0167633
2 0.4803978 0.3676757 0.0273042 0.0167633
7 0.6889023 0.3676757 0.0273041 0.0167633
20 0.5486582 0.4280238 0.0273042 0.0167634
10 0.6889023 0.4280238 0.0273041 0.0167634
21 0.3413947 0.4883719 0.0273042 0.0167634
12 0.4108963 0.4883719 0.0273042 0.0167634
11 0.4803978 0.4883719 0.0273042 0.0167634
17 0.5486582 0.4883719 0.0273042 0.0167634
29 0.6889023 0.4883719 0.0273041 0.0167634
31 0.7584038 0.4883719 0.0273041 0.0167634
14 0.3413947 0.5487200 0.0273042 0.0167634
