17 0.7824915 0.7739026 0.0265498 0.0174161
27 0.8500725 0.7739026 0.0265497 0.0174161
32 0.6491394 0.5910338 0.4887561 0.4458516
33 0.6479327 0.3982959 0.4428975 0.0162550
9 0.4445860 0.4604132 0.0265497 0.0174161
20 0.5797482 0.4604132 0.0265497 0.0174161
11 0.6461224 0.4604132 0.0265497 0.0174161
15 0.7149103 0.4604132 0.0265497 0.0174161
26 0.8500725 0.4604132 0.0265497 0.0174161
23 0.4445860 0.5231111 0.0265497 0.0174160
31 0.5121671 0.5231111 0.0265497 0.0174160
2 0.6461224 0.5231111 0.0265497 0.0174160
30 0.7824915 0.5231111 0.0265498 0.0174160
21 0.4445860 0.5858090 0.0265497 0.0174160
1 0.5121671 0.5858090 0.0265497 0.0174160
14 0.7824915 0.5858090 0.0265498 0.0174160
4 0.8500725 0.5858090 0.0265497 0.0174160
24 0.5121671 0.6485069 0.0265497 0.0174160
34 0.5797482 0.6479263 0.0627539 0.0626979
19 0.5797482 0.6485069 0.0265497 0.0174160
29 0.6461224 0.6485069 0.0265497 0.0174160
10 0.5121671 0.7112047 0.0265497 0.0174161
13 0.7149103 0.7112047 0.0265497 0.0174161
6 0.4445860 0.7739026 0.0265497 0.0174161
22 0.7149103 0.7739026 0.0265497 0.0174161
