13 0.6702646 0.6081999 0.0273244 0.0162747
5 0.7398177 0.6081999 0.0273244 0.0162747
32 0.6025745 0.4373157 0.5030177 0.4166319
33 0.6013325 0.2572093 0.4558210 0.0151897
7 0.3920523 0.3152556 0.0273244 0.0162747
24 0.4616054 0.3152556 0.0273244 0.0162747
34 0.5311584 0.3147131 0.0645850 0.0585888
17 0.5311584 0.3152556 0.0273244 0.0162747
15 0.5994695 0.3152556 0.0273244 0.0162747
8 0.8093707 0.3152556 0.0273244 0.0162747
9 0.4616054 0.3738445 0.0273244 0.0162747
11 0.6702646 0.3738445 0.0273244 0.0162747
10 0.7398177 0.3738445 0.0273244 0.0162747
19 0.4616054 0.4324333 0.0273244 0.0162747
23 0.5311584 0.4324333 0.0273244 0.0162747
3 0.5994695 0.4324333 0.0273244 0.0162747
1 0.6702646 0.4324333 0.0273244 0.0162747
21 0.8093707 0.4324333 0.0273244 0.0162747
18 0.4616054 0.4910222 0.0273244 0.0162747
16 0.5994695 0.4910222 0.0273244 0.0162747
6 0.8093707 0.4910222 0.0273244 0.0162747
26 0.5994695 0.5496111 0.0273244 0.0162747
22 0.6702646 0.5496111 0.0273244 0.0162747
25 0.3920523 0.6081999 0.0273244 0.0162747
12 0.4616054 0.6081999 0.0273244 0.0162747
