15 0.5090700 0.6653242 0.0275974 0.0164286
23 0.8603099 0.6653242 0.0275974 0.0164286
32 0.6514476 0.4928241 0.5080434 0.4205717
33 0.6501932 0.3110144 0.4603751 0.0153334
30 0.4388221 0.3696097 0.0275974 0.0164286
21 0.5793180 0.3696097 0.0275974 0.0164286
29 0.6483115 0.3696097 0.0275974 0.0164286
8 0.8603099 0.3696097 0.0275974 0.0164286
26 0.5090700 0.4287526 0.0275974 0.0164286
9 0.5793180 0.4287526 0.0275974 0.0164286
7 0.7900620 0.4287526 0.0275974 0.0164286
19 0.5090700 0.4878955 0.0275974 0.0164286
10 0.6483115 0.4878955 0.0275974 0.0164286
11 0.7198139 0.4878955 0.0275975 0.0164286
4 0.7900620 0.4878955 0.0275974 0.0164286
20 0.5090700 0.5470384 0.0275974 0.0164286
1 0.5793180 0.5470384 0.0275974 0.0164286
22 0.7198139 0.5470384 0.0275975 0.0164286
31 0.8603099 0.5470384 0.0275974 0.0164286
24 0.4388221 0.6061813 0.0275974 0.0164286
34 0.5084428 0.6056337 0.0639758 0.0591429
25 0.5090700 0.6061813 0.0275974 0.0164286
27 0.7900620 0.6061813 0.0275974 0.0164286
14 0.8603099 0.6061813 0.0275974 0.0164286
12 0.4388221 0.6653242 0.0275974 0.0164286
