4 0.2694896 0.7121425 0.0270896 0.0158367
9 0.3396764 0.7121425 0.0270897 0.0158367
32 0.2725679 0.5458576 0.4986957 0.4054184
33 0.2713366 0.3705986 0.4519045 0.0147809
14 0.1328100 0.4270827 0.0270896 0.0158367
24 0.4086318 0.4270827 0.0270897 0.0158367
20 0.4775873 0.4270827 0.0270897 0.0158367
11 0.1328100 0.4840946 0.0270896 0.0158367
16 0.2017655 0.4840946 0.0270896 0.0158367
17 0.2694896 0.4840946 0.0270896 0.0158367
7 0.4086318 0.4840946 0.0270897 0.0158367
18 0.4775873 0.4840946 0.0270897 0.0158367
3 0.4775873 0.5411066 0.0270897 0.0158367
23 0.0638546 0.5981185 0.0270896 0.0158367
5 0.1328100 0.5981185 0.0270896 0.0158367
2 0.2017655 0.5981185 0.0270896 0.0158367
31 0.2694896 0.5981185 0.0270896 0.0158367
27 0.4086318 0.5981185 0.0270897 0.0158367
22 0.4775873 0.5981185 0.0270897 0.0158367
1 0.3396764 0.6551305 0.0270897 0.0158367
26 0.4086318 0.6551305 0.0270897 0.0158367
15 0.4775873 0.6551305 0.0270897 0.0158367
10 0.1328100 0.7121425 0.0270896 0.0158367
34 0.2017655 0.7116146 0.0640301 0.0570119
6 0.2017655 0.7121425 0.0270896 0.0158367
