16 0.3769356 0.5994484 0.0274585 0.0169634
11 0.5179721 0.5994484 0.0274584 0.0169634
32 0.3800558 0.4213326 0.5054850 0.4342634
33 0.3788078 0.2336042 0.4580568 0.0158325
2 0.1685011 0.2941070 0.0274584 0.0169634
30 0.3769356 0.2941070 0.0274585 0.0169634
23 0.4480779 0.2941070 0.0274585 0.0169634
14 0.1685011 0.3551753 0.0274584 0.0169634
20 0.3082895 0.3551753 0.0274585 0.0169634
4 0.3769356 0.3551753 0.0274585 0.0169634
18 0.4480779 0.3551753 0.0274585 0.0169634
8 0.5878664 0.3551753 0.0274584 0.0169634
31 0.1685011 0.4162436 0.0274584 0.0169634
6 0.3769356 0.4162436 0.0274585 0.0169634
34 0.4474539 0.4156781 0.0661499 0.0610683
31 0.4480779 0.4162436 0.0274585 0.0169634
17 0.5878664 0.4162436 0.0274584 0.0169634
9 0.3082895 0.4773118 0.0274585 0.0169634
24 0.3769356 0.4773118 0.0274585 0.0169634
13 0.5179721 0.4773118 0.0274584 0.0169634
1 0.1685011 0.5383801 0.0274584 0.0169634
19 0.3082895 0.5383801 0.0274585 0.0169634
27 0.3769356 0.5383801 0.0274585 0.0169634
7 0.4480779 0.5383801 0.0274585 0.0169634
21 0.1685011 0.5994484 0.0274584 0.0169634
