23 0.5435132 0.5695991 0.0263305 0.0161658
14 0.6787564 0.5695991 0.0263306 0.0161658
32 0.5465054 0.3998583 0.4847212 0.4138442
33 0.5453085 0.2209569 0.4392411 0.0150881
17 0.4106637 0.2786149 0.0263305 0.0161658
7 0.4776869 0.2786149 0.0263305 0.0161658
23 0.7457796 0.2786149 0.0263306 0.0161658
1 0.3436405 0.3368117 0.0263305 0.0161658
30 0.4106637 0.3368117 0.0263305 0.0161658
10 0.5435132 0.3368117 0.0263305 0.0161658
20 0.6117332 0.3368117 0.0263306 0.0161658
24 0.3436405 0.3950085 0.0263305 0.0161658
3 0.4106637 0.3950085 0.0263305 0.0161658
5 0.6787564 0.3950085 0.0263306 0.0161658
21 0.3436405 0.4532054 0.0263305 0.0161658
19 0.4106637 0.4532054 0.0263305 0.0161658
11 0.4776869 0.4532054 0.0263305 0.0161658
16 0.5435132 0.4532054 0.0263305 0.0161658
29 0.6117332 0.4532054 0.0263306 0.0161658
9 0.6787564 0.4532054 0.0263306 0.0161658
15 0.3436405 0.5114022 0.0263305 0.0161658
4 0.4106637 0.5114022 0.0263305 0.0161658
31 0.3436405 0.5695991 0.0263305 0.0161658
2 0.4106637 0.5695991 0.0263305 0.0161658
34 0.5435132 0.5690602 0.0622358 0.0581968
