22 0.3340391 0.6476788 0.0268499 0.0168280
26 0.4707299 0.6476788 0.0268500 0.0168280
32 0.2675243 0.4709852 0.4942837 0.4307957
33 0.2663039 0.2847558 0.4479065 0.0157061
24 0.0606575 0.3447755 0.0268500 0.0168280
15 0.1973483 0.3447755 0.0268500 0.0168280
8 0.2644732 0.3447755 0.0268500 0.0168280
27 0.3340391 0.3447755 0.0268499 0.0168280
29 0.4023845 0.3447755 0.0268500 0.0168280
31 0.2644732 0.4053562 0.0268500 0.0168280
7 0.3340391 0.4053562 0.0268499 0.0168280
18 0.4023845 0.4053562 0.0268500 0.0168280
23 0.4707299 0.4053562 0.0268500 0.0168280
5 0.1973483 0.4659368 0.0268500 0.0168279
30 0.2644732 0.4659368 0.0268500 0.0168279
20 0.4023845 0.4659368 0.0268500 0.0168279
10 0.0606575 0.5265175 0.0268500 0.0168279
11 0.2644732 0.5265175 0.0268500 0.0168279
12 0.4707299 0.5265175 0.0268500 0.0168279
21 0.1290029 0.5870981 0.0268500 0.0168279
16 0.1973483 0.5870981 0.0268500 0.0168279
14 0.3340391 0.5870981 0.0268499 0.0168279
34 0.1283926 0.6471178 0.0622431 0.0605806
3 0.1290029 0.6476788 0.0268500 0.0168280
25 0.1973483 0.6476788 0.0268500 0.0168280
