1 0.6315414 0.7349316 0.0262503 0.0166088
2 0.6983601 0.7349316 0.0262502 0.0166088
32 0.4996935 0.5605393 0.4832433 0.4251848
33 0.4985004 0.3767355 0.4379020 0.0155015
31 0.2974473 0.4359735 0.0262503 0.0166088
5 0.4967105 0.4359735 0.0262502 0.0166088
4 0.6983601 0.4359735 0.0262502 0.0166088
16 0.2974473 0.4957651 0.0262503 0.0166088
34 0.3636695 0.4952115 0.0608529 0.0597916
10 0.3642661 0.4957651 0.0262502 0.0166088
27 0.4967105 0.4957651 0.0262502 0.0166088
23 0.5647226 0.4957651 0.0262502 0.0166088
15 0.6983601 0.4957651 0.0262502 0.0166088
20 0.5647226 0.5555567 0.0262502 0.0166088
18 0.6983601 0.5555567 0.0262502 0.0166088
7 0.5647226 0.6153484 0.0262502 0.0166088
26 0.3642661 0.6751400 0.0262502 0.0166088
30 0.4310849 0.6751400 0.0262503 0.0166088
11 0.6315414 0.6751400 0.0262503 0.0166088
13 0.6983601 0.6751400 0.0262502 0.0166088
25 0.2974473 0.7349316 0.0262503 0.0166088
10 0.3642661 0.7349316 0.0262502 0.0166088
6 0.4310849 0.7349316 0.0262503 0.0166088
21 0.4967105 0.7349316 0.0262502 0.0166088
9 0.5647226 0.7349316 0.0262502 0.0166088
