17 0.4733748 0.7504682 0.0282369 0.0170177
9 0.6171264 0.7504682 0.0282369 0.0170177
32 0.5471759 0.5717826 0.5198161 0.4356524
33 0.5458924 0.3834537 0.4710433 0.0158832
10 0.3296232 0.4441501 0.0282369 0.0170177
5 0.4014990 0.4441501 0.0282369 0.0170177
34 0.5439671 0.4435828 0.0667418 0.0612636
7 0.5439671 0.4441501 0.0282370 0.0170177
2 0.6890022 0.4441501 0.0282369 0.0170177
19 0.3296232 0.5054137 0.0282369 0.0170176
3 0.4014990 0.5054137 0.0282369 0.0170176
24 0.4733748 0.5054137 0.0282369 0.0170176
12 0.5439671 0.5054137 0.0282370 0.0170176
15 0.7608781 0.5054137 0.0282369 0.0170176
16 0.3296232 0.5666773 0.0282369 0.0170176
6 0.5439671 0.5666773 0.0282370 0.0170176
20 0.6171264 0.5666773 0.0282369 0.0170176
23 0.7608781 0.5666773 0.0282369 0.0170176
13 0.3296232 0.6279409 0.0282369 0.0170177
31 0.4733748 0.6279409 0.0282369 0.0170177
22 0.5439671 0.6279409 0.0282370 0.0170177
8 0.6171264 0.6279409 0.0282369 0.0170177
7 0.6890022 0.6279409 0.0282369 0.0170177
29 0.3296232 0.6892046 0.0282369 0.0170177
11 0.4733748 0.6892046 0.0282369 0.0170177
