7 0.6240740 0.7755176 0.0268993 0.0161621
20 0.6925448 0.7755176 0.0268993 0.0161621
32 0.5574372 0.6058150 0.4951908 0.4137511
33 0.5562145 0.4269539 0.4487285 0.0150847
34 0.4871323 0.4840602 0.0635801 0.0581837
4 0.4871323 0.4845989 0.0268993 0.0161621
19 0.6925448 0.4845989 0.0268993 0.0161621
15 0.7610156 0.4845989 0.0268993 0.0161621
27 0.5543805 0.5427827 0.0268992 0.0161621
5 0.6925448 0.5427827 0.0268993 0.0161621
16 0.4186615 0.6009664 0.0268993 0.0161621
23 0.6240740 0.6009664 0.0268993 0.0161621
17 0.6925448 0.6009664 0.0268993 0.0161621
30 0.4186615 0.6591501 0.0268993 0.0161621
9 0.5543805 0.6591501 0.0268992 0.0161621
31 0.6240740 0.6591501 0.0268993 0.0161621
21 0.6925448 0.6591501 0.0268993 0.0161621
22 0.3501907 0.7173338 0.0268993 0.0161621
1 0.4871323 0.7173338 0.0268993 0.0161621
10 0.5543805 0.7173338 0.0268992 0.0161621
24 0.6925448 0.7173338 0.0268993 0.0161621
8 0.3501907 0.7755176 0.0268993 0.0161621
25 0.4186615 0.7755176 0.0268993 0.0161621
2 0.4871323 0.7755176 0.0268993 0.0161621
13 0.5543805 0.7755176 0.0268992 0.0161621
