5 0.6195940 0.5155206 0.0262661 0.0163262
21 0.7533124 0.5155206 0.0262661 0.0163262
32 0.5545257 0.3440945 0.4835352 0.4179530
33 0.5533318 0.1634169 0.4381665 0.0152379
7 0.4190165 0.2216474 0.0262661 0.0163263
16 0.4858757 0.2216474 0.0262661 0.0163263
9 0.6195940 0.2216474 0.0262661 0.0163263
10 0.6864532 0.2216474 0.0262661 0.0163263
13 0.7533124 0.2216474 0.0262661 0.0163263
31 0.3521573 0.2804220 0.0262661 0.0163263
15 0.4190165 0.2804220 0.0262661 0.0163263
2 0.4858757 0.2804220 0.0262661 0.0163263
3 0.5515409 0.2804220 0.0262661 0.0163263
12 0.6864532 0.2804220 0.0262661 0.0163263
23 0.3521573 0.3391966 0.0262661 0.0163263
25 0.4190165 0.3391966 0.0262661 0.0163263
18 0.4858757 0.3391966 0.0262661 0.0163263
19 0.5515409 0.3391966 0.0262661 0.0163263
27 0.6864532 0.3391966 0.0262661 0.0163263
34 0.4184195 0.3974271 0.0608896 0.0587746
23 0.4190165 0.3979713 0.0262661 0.0163263
20 0.5515409 0.3979713 0.0262661 0.0163263
1 0.4190165 0.4567459 0.0262661 0.0163263
6 0.5515409 0.4567459 0.0262661 0.0163263
4 0.7533124 0.4567459 0.0262661 0.0163263
