25 0.3722202 0.6465024 0.0276120 0.0168066
23 0.5127905 0.6465024 0.0276120 0.0168066
32 0.3038178 0.4700338 0.5083119 0.4302472
33 0.3025627 0.2840415 0.4606184 0.0156861
14 0.0910798 0.3439848 0.0276120 0.0168065
34 0.2316500 0.3434246 0.0652647 0.0605035
18 0.2316500 0.3439848 0.0276120 0.0168065
3 0.3006800 0.3439848 0.0276120 0.0168065
7 0.3722202 0.3439848 0.0276120 0.0168065
19 0.1613649 0.4044883 0.0276120 0.0168065
24 0.5127905 0.4044883 0.0276120 0.0168065
8 0.3722202 0.4649919 0.0276120 0.0168065
13 0.4425053 0.4649919 0.0276120 0.0168065
12 0.5127905 0.4649919 0.0276120 0.0168065
16 0.0910798 0.5254954 0.0276120 0.0168066
6 0.2316500 0.5254954 0.0276120 0.0168066
5 0.3006800 0.5254954 0.0276120 0.0168066
2 0.3722202 0.5254954 0.0276120 0.0168066
18 0.4425053 0.5254954 0.0276120 0.0168066
1 0.5127905 0.5254954 0.0276120 0.0168066
10 0.1613649 0.5859989 0.0276120 0.0168065
21 0.3006800 0.5859989 0.0276120 0.0168065
20 0.3722202 0.5859989 0.0276120 0.0168065
31 0.5127905 0.5859989 0.0276120 0.0168065
22 0.2316500 0.6465024 0.0276120 0.0168066
