22 0.5239829 0.7203080 0.0281669 0.0170656
3 0.7403561 0.7203080 0.0281670 0.0170656
32 0.5271837 0.5411197 0.5185273 0.4368782
33 0.5259034 0.3522609 0.4698753 0.0159278
2 0.3101705 0.4131280 0.0281669 0.0170656
13 0.3818681 0.4131280 0.0281669 0.0170656
23 0.4535657 0.4131280 0.0281669 0.0170656
30 0.5969609 0.4131280 0.0281669 0.0170656
25 0.6686584 0.4131280 0.0281669 0.0170656
1 0.3101705 0.4745640 0.0281669 0.0170656
24 0.5239829 0.4745640 0.0281669 0.0170656
8 0.7403561 0.4745640 0.0281670 0.0170656
18 0.3101705 0.5360000 0.0281669 0.0170656
21 0.3818681 0.5360000 0.0281669 0.0170656
9 0.4535657 0.5360000 0.0281669 0.0170656
14 0.6686584 0.5360000 0.0281669 0.0170656
26 0.7403561 0.5360000 0.0281670 0.0170656
20 0.4535657 0.5974360 0.0281669 0.0170656
11 0.7403561 0.5974360 0.0281670 0.0170656
19 0.4535657 0.6588720 0.0281669 0.0170656
16 0.5239829 0.6588720 0.0281669 0.0170656
5 0.6686584 0.6588720 0.0281669 0.0170656
34 0.7403561 0.6583031 0.0665764 0.0614360
6 0.7403561 0.6588720 0.0281670 0.0170656
6 0.3818681 0.7203080 0.0281669 0.0170656
