27 0.4192147 0.5733403 0.0268939 0.0171267
31 0.4876719 0.5733403 0.0268939 0.0171267
32 0.2841339 0.3935100 0.4950923 0.4384434
33 0.2829115 0.2039746 0.4486392 0.0159849
20 0.3507575 0.2650598 0.0268939 0.0171267
30 0.2138431 0.3267159 0.0268939 0.0171267
29 0.2810778 0.3267159 0.0268939 0.0171267
19 0.3507575 0.3267159 0.0268939 0.0171267
34 0.4876719 0.3261450 0.0635674 0.0616561
7 0.4876719 0.3267159 0.0268939 0.0171267
3 0.0769286 0.3883720 0.0268939 0.0171267
8 0.2810778 0.3883720 0.0268939 0.0171267
2 0.3507575 0.3883720 0.0268939 0.0171267
17 0.4192147 0.3883720 0.0268939 0.0171267
12 0.0769286 0.4500280 0.0268939 0.0171267
7 0.2138431 0.4500280 0.0268939 0.0171267
16 0.3507575 0.4500280 0.0268939 0.0171267
18 0.4876719 0.4500280 0.0268939 0.0171267
13 0.0769286 0.5116841 0.0268939 0.0171267
23 0.3507575 0.5116841 0.0268939 0.0171267
24 0.4192147 0.5116841 0.0268939 0.0171267
21 0.4876719 0.5116841 0.0268939 0.0171267
25 0.0769286 0.5733403 0.0268939 0.0171267
5 0.2138431 0.5733403 0.0268939 0.0171267
9 0.3507575 0.5733403 0.0268939 0.0171267
