3 0.3303791 0.5941797 0.0264456 0.0163980
20 0.5335292 0.5941797 0.0264455 0.0163980
32 0.3333843 0.4220002 0.4868389 0.4197899
33 0.3321822 0.2405286 0.4411602 0.0153048
12 0.1969492 0.2990149 0.0264456 0.0163980
4 0.2642652 0.2990149 0.0264456 0.0163980
22 0.3988972 0.2990149 0.0264456 0.0163980
34 0.4656121 0.2984683 0.0613057 0.0590330
14 0.4662132 0.2990149 0.0264456 0.0163980
6 0.5335292 0.2990149 0.0264455 0.0163980
15 0.1969492 0.3580479 0.0264456 0.0163980
31 0.2642652 0.3580479 0.0264456 0.0163980
24 0.1969492 0.4170808 0.0264456 0.0163980
29 0.3988972 0.4170808 0.0264456 0.0163980
8 0.4662132 0.4170808 0.0264456 0.0163980
13 0.5335292 0.4170808 0.0264455 0.0163980
1 0.1296332 0.4761137 0.0264456 0.0163980
17 0.1969492 0.4761137 0.0264456 0.0163980
11 0.3988972 0.4761137 0.0264456 0.0163980
21 0.4662132 0.4761137 0.0264456 0.0163980
9 0.1969492 0.5351467 0.0264456 0.0163980
26 0.2642652 0.5351467 0.0264456 0.0163980
7 0.3988972 0.5351467 0.0264456 0.0163980
16 0.4662132 0.5351467 0.0264456 0.0163980
19 0.1296332 0.5941797 0.0264456 0.0163980
