6 0.3339951 0.7155895 0.0276794 0.0172951
17 0.5466230 0.7155895 0.0276794 0.0172951
32 0.3371404 0.5339916 0.5095521 0.4427530
33 0.3358823 0.3425931 0.4617423 0.0161420
20 0.4761664 0.4042788 0.0276794 0.0172951
21 0.5466230 0.4042788 0.0276794 0.0172951
29 0.1238834 0.4665409 0.0276794 0.0172950
13 0.2647966 0.4665409 0.0276794 0.0172950
2 0.5466230 0.4665409 0.0276794 0.0172950
31 0.1238834 0.5288030 0.0276794 0.0172951
9 0.4057098 0.5288030 0.0276794 0.0172951
26 0.4761664 0.5288030 0.0276794 0.0172951
14 0.5466230 0.5288030 0.0276794 0.0172951
30 0.1238834 0.5910652 0.0276794 0.0172951
4 0.3339951 0.5910652 0.0276794 0.0172951
10 0.4057098 0.5910652 0.0276794 0.0172951
24 0.4761664 0.5910652 0.0276794 0.0172951
1 0.5466230 0.5910652 0.0276794 0.0172951
3 0.1943400 0.6533274 0.0276794 0.0172950
8 0.4057098 0.6533274 0.0276794 0.0172950
23 0.5466230 0.6533274 0.0276794 0.0172950
34 0.1238835 0.7150130 0.0654240 0.0622621
26 0.1238834 0.7155895 0.0276794 0.0172951
12 0.1943400 0.7155895 0.0276794 0.0172951
27 0.2647966 0.7155895 0.0276794 0.0172951
