24 0.4476197 0.7365988 0.0282659 0.0165455
18 0.6634682 0.7365988 0.0282659 0.0165455
32 0.5214964 0.5628712 0.5203490 0.4235644
33 0.5202116 0.3797679 0.4715261 0.0154425
5 0.3756702 0.4387801 0.0282659 0.0165455
34 0.4476197 0.4382286 0.0668102 0.0595637
30 0.4476197 0.4387801 0.0282659 0.0165455
13 0.6634682 0.4387801 0.0282659 0.0165455
3 0.3037207 0.4983439 0.0282659 0.0165455
30 0.3756702 0.4983439 0.0282659 0.0165455
8 0.4476197 0.4983439 0.0282659 0.0165455
2 0.5182843 0.4983439 0.0282659 0.0165455
11 0.7354176 0.4983439 0.0282659 0.0165455
27 0.3756702 0.5579076 0.0282659 0.0165455
9 0.5182843 0.5579076 0.0282659 0.0165455
25 0.5915186 0.5579076 0.0282658 0.0165455
6 0.6634682 0.5579076 0.0282659 0.0165455
22 0.3037207 0.6174714 0.0282659 0.0165455
1 0.5182843 0.6174714 0.0282659 0.0165455
23 0.6634682 0.6174714 0.0282659 0.0165455
31 0.7354176 0.6174714 0.0282659 0.0165455
21 0.3037207 0.6770351 0.0282659 0.0165455
20 0.3756702 0.6770351 0.0282659 0.0165455
15 0.5182843 0.6770351 0.0282659 0.0165455
7 0.6634682 0.6770351 0.0282659 0.0165455
