2 0.5534582 0.5169186 0.0265225 0.0161496
11 0.6221756 0.5169186 0.0265225 0.0161496
32 0.5564721 0.3473483 0.4882555 0.4134286
33 0.5552665 0.1686266 0.4424438 0.0150729
12 0.4871519 0.2262267 0.0265225 0.0161496
22 0.5534582 0.2262267 0.0265225 0.0161496
13 0.6221756 0.2262267 0.0265225 0.0161496
34 0.7571994 0.2256884 0.0626896 0.0581384
27 0.7571993 0.2262267 0.0265225 0.0161496
27 0.3521281 0.2843651 0.0265225 0.0161496
20 0.4196400 0.2843651 0.0265225 0.0161496
10 0.6896875 0.2843651 0.0265225 0.0161496
25 0.7571993 0.2843651 0.0265225 0.0161496
16 0.4196400 0.3425035 0.0265225 0.0161495
23 0.5534582 0.3425035 0.0265225 0.0161495
14 0.6896875 0.3425035 0.0265225 0.0161495
17 0.7571993 0.3425035 0.0265225 0.0161495
7 0.4196400 0.4006419 0.0265225 0.0161496
3 0.4871519 0.4006419 0.0265225 0.0161496
19 0.6221756 0.4006419 0.0265225 0.0161496
5 0.4196400 0.4587803 0.0265225 0.0161496
30 0.4871519 0.4587803 0.0265225 0.0161496
21 0.5534582 0.4587803 0.0265225 0.0161496
29 0.3521281 0.5169186 0.0265225 0.0161496
26 0.4871519 0.5169186 0.0265225 0.0161496
