3 0.2932142 0.6668102 0.0284953 0.0174670
30 0.5108152 0.6668102 0.0284954 0.0174670
32 0.3676907 0.4834066 0.5245738 0.4471551
33 0.3663955 0.2901053 0.4753545 0.0163025
10 0.1481469 0.3524042 0.0284954 0.0174670
5 0.2206806 0.3524042 0.0284954 0.0174670
27 0.2932142 0.3524042 0.0284953 0.0174670
20 0.3644527 0.3524042 0.0284954 0.0174670
7 0.4382816 0.3524042 0.0284954 0.0174670
18 0.1481469 0.4152854 0.0284954 0.0174670
19 0.2932142 0.4152854 0.0284953 0.0174670
12 0.4382816 0.4152854 0.0284954 0.0174670
21 0.5833488 0.4152854 0.0284954 0.0174670
4 0.2206806 0.4781666 0.0284954 0.0174670
6 0.5833488 0.4781666 0.0284954 0.0174670
15 0.2932142 0.5410477 0.0284953 0.0174670
14 0.3644527 0.5410477 0.0284954 0.0174670
24 0.5108152 0.5410477 0.0284954 0.0174670
31 0.1481469 0.6039289 0.0284954 0.0174670
25 0.2206806 0.6039289 0.0284954 0.0174670
34 0.2932142 0.6033468 0.0673527 0.0628812
23 0.2932142 0.6039289 0.0284953 0.0174670
22 0.3644527 0.6039289 0.0284954 0.0174670
29 0.5833488 0.6039289 0.0284954 0.0174670
17 0.1481469 0.6668102 0.0284954 0.0174670
