19 0.5773056 0.5360302 0.0284935 0.0160187
3 0.7236588 0.5360302 0.0284936 0.0160187
32 0.5805435 0.3678347 0.5245400 0.4100766
33 0.5792483 0.1905620 0.4753239 0.0149507
16 0.3610138 0.2476950 0.0284935 0.0160186
34 0.4328952 0.2471611 0.0660532 0.0576670
2 0.4335428 0.2476950 0.0284935 0.0160186
1 0.5060718 0.2476950 0.0284935 0.0160186
24 0.5773056 0.2476950 0.0284935 0.0160186
18 0.6511298 0.2476950 0.0284935 0.0160186
30 0.7961877 0.2476950 0.0284936 0.0160186
2 0.5060718 0.3053621 0.0284935 0.0160186
17 0.6511298 0.3053621 0.0284935 0.0160186
23 0.7961877 0.3053621 0.0284936 0.0160186
25 0.3610138 0.3630291 0.0284935 0.0160186
7 0.5773056 0.3630291 0.0284935 0.0160186
29 0.6511298 0.3630291 0.0284935 0.0160186
26 0.7236588 0.3630291 0.0284936 0.0160186
20 0.6511298 0.4206961 0.0284935 0.0160186
4 0.7236588 0.4206961 0.0284936 0.0160186
9 0.7961877 0.4206961 0.0284936 0.0160186
11 0.4335428 0.4783632 0.0284935 0.0160186
10 0.5060718 0.4783632 0.0284935 0.0160186
14 0.6511298 0.4783632 0.0284935 0.0160186
8 0.3610138 0.5360302 0.0284935 0.0160187
