9 0.6212605 0.6769384 0.0274266 0.0171977
11 0.6910738 0.6769384 0.0274267 0.0171977
32 0.5533173 0.4963630 0.5048994 0.4402601
33 0.5520706 0.3060422 0.4575261 0.0160512
31 0.3420075 0.3673806 0.0274266 0.0171976
25 0.4118208 0.3673806 0.0274266 0.0171976
19 0.4816341 0.3673806 0.0274266 0.0171976
34 0.5502006 0.3668073 0.0648266 0.0619116
17 0.5502007 0.3673806 0.0274266 0.0171976
3 0.6212605 0.3673806 0.0274266 0.0171976
2 0.6910738 0.3673806 0.0274267 0.0171976
23 0.7608871 0.3673806 0.0274266 0.0171976
16 0.4118208 0.4292921 0.0274266 0.0171977
10 0.4816341 0.4292921 0.0274266 0.0171977
12 0.6212605 0.4292921 0.0274266 0.0171977
17 0.7608871 0.4292921 0.0274266 0.0171977
20 0.4816341 0.4912037 0.0274266 0.0171977
5 0.5502007 0.4912037 0.0274266 0.0171977
18 0.3420075 0.5531153 0.0274266 0.0171976
24 0.4816341 0.5531153 0.0274266 0.0171976
7 0.7608871 0.5531153 0.0274266 0.0171976
29 0.5502007 0.6150269 0.0274266 0.0171977
13 0.7608871 0.6150269 0.0274266 0.0171977
15 0.3420075 0.6769384 0.0274266 0.0171977
1 0.5502007 0.6769384 0.0274266 0.0171977
