24 0.3633349 0.5420240 0.0271504 0.0173440
5 0.5015551 0.5420240 0.0271504 0.0173440
32 0.2960759 0.3599127 0.4998142 0.4440048
33 0.2948418 0.1679731 0.4529180 0.0161877
14 0.2251146 0.2298331 0.0271504 0.0173440
21 0.2929906 0.2298331 0.0271504 0.0173440
9 0.3633349 0.2298331 0.0271504 0.0173440
34 0.0868944 0.2916932 0.0641737 0.0624382
29 0.0868944 0.2922713 0.0271504 0.0173440
23 0.1560045 0.2922713 0.0271504 0.0173440
10 0.2251146 0.2922713 0.0271504 0.0173440
19 0.2929906 0.2922713 0.0271504 0.0173440
16 0.3633349 0.2922713 0.0271504 0.0173440
26 0.5015551 0.2922713 0.0271504 0.0173440
4 0.1560045 0.3547095 0.0271504 0.0173439
11 0.2929906 0.3547095 0.0271504 0.0173439
8 0.5015551 0.3547095 0.0271504 0.0173439
13 0.2251146 0.4171477 0.0271504 0.0173440
31 0.2929906 0.4171477 0.0271504 0.0173440
2 0.0868944 0.4795858 0.0271504 0.0173440
17 0.2251146 0.4795858 0.0271504 0.0173440
20 0.2929906 0.4795858 0.0271504 0.0173440
27 0.3633349 0.4795858 0.0271504 0.0173440
3 0.4324450 0.4795858 0.0271504 0.0173440
6 0.5015551 0.4795858 0.0271504 0.0173440
