26 0.5465869 0.5945030 0.0271321 0.0161873
5 0.6144171 0.5945030 0.0271320 0.0161873
32 0.6175003 0.4245363 0.4994765 0.4143952
33 0.6162670 0.2453967 0.4526122 0.0151081
2 0.4084601 0.3031314 0.0271320 0.0161873
14 0.4775235 0.3031314 0.0271321 0.0161873
9 0.6144171 0.3031314 0.0271320 0.0161873
10 0.4775235 0.3614058 0.0271321 0.0161873
12 0.5465869 0.3614058 0.0271321 0.0161873
1 0.6144171 0.3614058 0.0271320 0.0161873
29 0.6847137 0.3614058 0.0271320 0.0161873
7 0.8228407 0.3614058 0.0271321 0.0161873
16 0.4775235 0.4196801 0.0271321 0.0161873
21 0.6144171 0.4196801 0.0271320 0.0161873
34 0.7531606 0.4191406 0.0628970 0.0582743
1 0.7537772 0.4196801 0.0271321 0.0161873
3 0.8228407 0.4196801 0.0271321 0.0161873
8 0.4084601 0.4779544 0.0271320 0.0161873
20 0.4775235 0.4779544 0.0271321 0.0161873
30 0.5465869 0.4779544 0.0271321 0.0161873
4 0.6847137 0.4779544 0.0271320 0.0161873
31 0.8228407 0.4779544 0.0271321 0.0161873
13 0.4084601 0.5362288 0.0271320 0.0161873
19 0.6847137 0.5362288 0.0271320 0.0161873
25 0.7537772 0.5362288 0.0271321 0.0161873
