2 0.4910511 0.5141943 0.0281003 0.0164773
3 0.5625791 0.5141943 0.0281003 0.0164773
32 0.3499108 0.3411825 0.5173013 0.4218193
33 0.3486335 0.1588335 0.4687644 0.0153788
31 0.1334107 0.2176026 0.0281003 0.0164773
11 0.2049388 0.2176026 0.0281003 0.0164773
34 0.2764668 0.2170533 0.0664189 0.0593183
14 0.2764668 0.2176026 0.0281003 0.0164773
27 0.3467176 0.2176026 0.0281003 0.0164773
1 0.2049388 0.2769209 0.0281003 0.0164773
18 0.3467176 0.2769209 0.0281003 0.0164773
14 0.4195230 0.2769209 0.0281003 0.0164773
29 0.4910511 0.2769209 0.0281003 0.0164773
24 0.1334107 0.3362393 0.0281003 0.0164773
16 0.2049388 0.3362393 0.0281003 0.0164773
4 0.4195230 0.3362393 0.0281003 0.0164773
26 0.4910511 0.3362393 0.0281003 0.0164773
19 0.5625791 0.3362393 0.0281003 0.0164773
22 0.1334107 0.3955576 0.0281003 0.0164773
30 0.2049388 0.3955576 0.0281003 0.0164773
10 0.2764668 0.3955576 0.0281003 0.0164773
21 0.5625791 0.3955576 0.0281003 0.0164773
9 0.1334107 0.4548760 0.0281003 0.0164773
23 0.2764668 0.4548760 0.0281003 0.0164773
8 0.3467176 0.4548760 0.0281003 0.0164773
