25 0.4167919 0.7799394 0.0282563 0.0171388
27 0.5619267 0.7799394 0.0282563 0.0171388
32 0.4200029 0.5999828 0.5201733 0.4387517
33 0.4187185 0.4103141 0.4713669 0.0159962
5 0.2023007 0.4714422 0.0282563 0.0171387
1 0.3461511 0.4714422 0.0282563 0.0171387
6 0.2742259 0.5331417 0.0282563 0.0171387
23 0.3461511 0.5331417 0.0282563 0.0171387
7 0.5619267 0.5331417 0.0282563 0.0171387
9 0.3461511 0.5948411 0.0282563 0.0171388
12 0.4167919 0.5948411 0.0282563 0.0171388
31 0.4900015 0.5948411 0.0282563 0.0171388
16 0.6338519 0.5948411 0.0282563 0.0171388
11 0.2023007 0.6565405 0.0282563 0.0171387
22 0.2742259 0.6565405 0.0282563 0.0171387
34 0.4167919 0.6559692 0.0667877 0.0616995
22 0.4167919 0.6565405 0.0282563 0.0171387
8 0.4900015 0.6565405 0.0282563 0.0171387
20 0.2023007 0.7182400 0.0282563 0.0171387
2 0.2742259 0.7182400 0.0282563 0.0171387
14 0.4167919 0.7182400 0.0282563 0.0171387
4 0.4900015 0.7182400 0.0282563 0.0171387
17 0.5619267 0.7182400 0.0282563 0.0171387
30 0.2023007 0.7799394 0.0282563 0.0171388
29 0.2742259 0.7799394 0.0282563 0.0171388
