19 0.5598150 0.5765507 0.0263751 0.0168059
20 0.6269515 0.5765507 0.0263751 0.0168059
32 0.4944767 0.4000890 0.4855412 0.4302304
33 0.4932779 0.2141040 0.4399842 0.0156855
7 0.2912687 0.2740450 0.0263751 0.0168059
9 0.3584053 0.2740450 0.0263751 0.0168059
25 0.4255418 0.2740450 0.0263751 0.0168059
3 0.4914796 0.2740450 0.0263751 0.0168059
23 0.6269515 0.2740450 0.0263751 0.0168059
18 0.3584053 0.3345461 0.0263751 0.0168059
8 0.4255418 0.3345461 0.0263751 0.0168059
12 0.5598150 0.3345461 0.0263751 0.0168059
16 0.6269515 0.3345461 0.0263751 0.0168059
24 0.6940881 0.3345461 0.0263750 0.0168059
30 0.3584053 0.3950473 0.0263751 0.0168058
5 0.4914796 0.3950473 0.0263751 0.0168058
2 0.5598150 0.3950473 0.0263751 0.0168058
15 0.6269515 0.3950473 0.0263751 0.0168058
31 0.2912687 0.4555484 0.0263751 0.0168059
34 0.3578059 0.4549882 0.0611422 0.0605011
27 0.3584053 0.4555484 0.0263751 0.0168059
26 0.6940881 0.4555484 0.0263750 0.0168059
17 0.5598150 0.5160496 0.0263751 0.0168059
6 0.6269515 0.5160496 0.0263751 0.0168059
29 0.3584053 0.5765507 0.0263751 0.0168059
