7 0.2950814 0.7484166 0.0284536 0.0171242
29 0.3662154 0.7484166 0.0284536 0.0171242
32 0.3694488 0.5686119 0.5238048 0.4383812
33 0.3681554 0.3791033 0.4746577 0.0159826
26 0.2226541 0.4401799 0.0284536 0.0171243
22 0.3662154 0.4401799 0.0284536 0.0171243
2 0.4399361 0.4401799 0.0284536 0.0171243
23 0.5123634 0.4401799 0.0284536 0.0171243
20 0.1502268 0.5018273 0.0284536 0.0171243
10 0.2226541 0.5018273 0.0284536 0.0171243
16 0.2950814 0.5018273 0.0284536 0.0171243
11 0.4399361 0.5018273 0.0284536 0.0171243
13 0.5123634 0.5018273 0.0284536 0.0171243
34 0.5847908 0.5012564 0.0672540 0.0616473
2 0.5847908 0.5018273 0.0284536 0.0171243
6 0.2950814 0.5634746 0.0284536 0.0171243
9 0.3662154 0.5634746 0.0284536 0.0171243
18 0.5123634 0.5634746 0.0284536 0.0171243
24 0.5847908 0.6251219 0.0284536 0.0171243
17 0.1502268 0.6867693 0.0284536 0.0171243
19 0.2950814 0.6867693 0.0284536 0.0171243
21 0.3662154 0.6867693 0.0284536 0.0171243
3 0.4399361 0.6867693 0.0284536 0.0171243
30 0.5123634 0.6867693 0.0284536 0.0171243
8 0.5847908 0.6867693 0.0284536 0.0171243
