10 0.5679870 0.5876252 0.0287418 0.0163890
16 0.6411480 0.5876252 0.0287418 0.0163890
32 0.4967857 0.4155411 0.5291108 0.4195574
33 0.4954792 0.2341699 0.4794658 0.0152964
9 0.3485040 0.2926239 0.0287418 0.0163890
11 0.4216650 0.2926239 0.0287418 0.0163890
34 0.5673338 0.2920776 0.0692416 0.0590003
11 0.5679870 0.2926239 0.0287418 0.0163890
3 0.6411480 0.2926239 0.0287418 0.0163890
5 0.4935195 0.3516241 0.0287418 0.0163890
13 0.5679870 0.3516241 0.0287418 0.0163890
26 0.2753430 0.4106244 0.0287418 0.0163890
14 0.4935195 0.4106244 0.0287418 0.0163890
22 0.6411480 0.4106244 0.0287418 0.0163890
8 0.2753430 0.4696247 0.0287418 0.0163890
24 0.3485040 0.4696247 0.0287418 0.0163890
21 0.5679870 0.4696247 0.0287418 0.0163890
18 0.2753430 0.5286249 0.0287418 0.0163890
17 0.4216650 0.5286249 0.0287418 0.0163890
15 0.4935195 0.5286249 0.0287418 0.0163890
6 0.6411480 0.5286249 0.0287418 0.0163890
7 0.7143089 0.5286249 0.0287418 0.0163890
2 0.2753430 0.5876252 0.0287418 0.0163890
19 0.4216650 0.5876252 0.0287418 0.0163890
1 0.4935195 0.5876252 0.0287418 0.0163890
