6 0.7850395 0.5569405 0.0280747 0.0164370
24 0.8565025 0.5569405 0.0280747 0.0164370
32 0.6440276 0.3843513 0.5168309 0.4207889
33 0.6427515 0.2024478 0.4683380 0.0153413
15 0.4277244 0.2610733 0.0280748 0.0164370
2 0.6408373 0.2610733 0.0280748 0.0164370
3 0.7850395 0.2610733 0.0280747 0.0164370
19 0.7850395 0.3202468 0.0280747 0.0164371
34 0.8565025 0.3196988 0.0663586 0.0591734
31 0.8565025 0.3202468 0.0280747 0.0164371
21 0.5706504 0.3794202 0.0280748 0.0164371
20 0.6408373 0.3794202 0.0280748 0.0164371
7 0.7135765 0.3794202 0.0280747 0.0164371
13 0.8565025 0.3794202 0.0280747 0.0164371
22 0.4277244 0.4385936 0.0280748 0.0164371
16 0.7135765 0.4385936 0.0280747 0.0164371
10 0.5706504 0.4977671 0.0280748 0.0164370
12 0.6408373 0.4977671 0.0280748 0.0164370
4 0.7135765 0.4977671 0.0280747 0.0164370
14 0.7850395 0.4977671 0.0280747 0.0164370
26 0.8565025 0.4977671 0.0280747 0.0164370
30 0.4991874 0.5569405 0.0280748 0.0164370
5 0.5706504 0.5569405 0.0280748 0.0164370
1 0.6408373 0.5569405 0.0280748 0.0164370
11 0.7135765 0.5569405 0.0280747 0.0164370
