6 0.7424393 0.5247651 0.0283883 0.0168593
13 0.8147002 0.5247651 0.0283882 0.0168593
32 0.5998529 0.3477425 0.5226014 0.4315979
33 0.5985626 0.1611663 0.4735673 0.0157353
10 0.4533955 0.2212978 0.0283883 0.0168593
20 0.5256564 0.2212978 0.0283882 0.0168593
21 0.5966270 0.2212978 0.0283883 0.0168593
19 0.7424393 0.2212978 0.0283883 0.0168593
15 0.3811346 0.2819912 0.0283883 0.0168593
14 0.4533955 0.2819912 0.0283883 0.0168593
22 0.8147002 0.2819912 0.0283882 0.0168593
26 0.5966270 0.3426847 0.0283883 0.0168593
34 0.7417941 0.3421227 0.0658091 0.0606935
12 0.7424393 0.3426847 0.0283883 0.0168593
16 0.6701783 0.4033782 0.0283882 0.0168593
25 0.7424393 0.4033782 0.0283883 0.0168593
7 0.3811346 0.4640716 0.0283883 0.0168593
23 0.4533955 0.4640716 0.0283883 0.0168593
2 0.5966270 0.4640716 0.0283883 0.0168593
18 0.6701783 0.4640716 0.0283882 0.0168593
11 0.8147002 0.4640716 0.0283882 0.0168593
9 0.3811346 0.5247651 0.0283883 0.0168593
12 0.4533955 0.5247651 0.0283883 0.0168593
29 0.5966270 0.5247651 0.0283883 0.0168593
17 0.6701783 0.5247651 0.0283882 0.0168593
