15 0.3174003 0.6678557 0.0287391 0.0164419
26 0.3892480 0.6678557 0.0287391 0.0164419
32 0.3925139 0.4952157 0.5290604 0.4209127
33 0.3912075 0.3132587 0.4794201 0.0153458
6 0.1710923 0.3719014 0.0287391 0.0164419
4 0.2442463 0.3719014 0.0287391 0.0164419
20 0.3174003 0.3719014 0.0287391 0.0164419
5 0.4637084 0.3719014 0.0287391 0.0164419
11 0.5368624 0.3719014 0.0287391 0.0164419
1 0.1710923 0.4310923 0.0287391 0.0164419
27 0.3174003 0.4310923 0.0287391 0.0164419
29 0.3892480 0.4310923 0.0287391 0.0164419
16 0.6100164 0.4310923 0.0287391 0.0164419
34 0.2435932 0.4897351 0.0666224 0.0591909
5 0.2442463 0.4902831 0.0287391 0.0164419
13 0.4637084 0.4902831 0.0287391 0.0164419
18 0.3174003 0.5494740 0.0287391 0.0164419
2 0.3892480 0.5494740 0.0287391 0.0164419
17 0.4637084 0.5494740 0.0287391 0.0164419
12 0.5368624 0.5494740 0.0287391 0.0164419
25 0.2442463 0.6086648 0.0287391 0.0164419
3 0.3174003 0.6086648 0.0287391 0.0164419
8 0.4637084 0.6086648 0.0287391 0.0164419
24 0.1710923 0.6678557 0.0287391 0.0164419
10 0.2442463 0.6678557 0.0287391 0.0164419
