19 0.7797602 0.5665858 0.0268597 0.0164890
3 0.8481304 0.5665858 0.0268597 0.0164890
32 0.6448511 0.3934515 0.4944632 0.4221181
33 0.6436302 0.2109734 0.4480692 0.0153897
6 0.4379090 0.2697841 0.0268597 0.0164890
25 0.5062793 0.2697841 0.0268597 0.0164890
31 0.6417989 0.2697841 0.0268597 0.0164890
16 0.7113899 0.2697841 0.0268597 0.0164890
27 0.7797602 0.2697841 0.0268597 0.0164890
30 0.4379090 0.3291444 0.0268597 0.0164890
17 0.5062793 0.3291444 0.0268597 0.0164890
9 0.8481304 0.3291444 0.0268597 0.0164890
26 0.7113899 0.3885048 0.0268597 0.0164890
7 0.7797602 0.3885048 0.0268597 0.0164890
13 0.5746495 0.4478651 0.0268597 0.0164890
29 0.7113899 0.4478651 0.0268597 0.0164890
22 0.7797602 0.4478651 0.0268597 0.0164890
23 0.8481304 0.4478651 0.0268597 0.0164890
4 0.4379090 0.5072255 0.0268597 0.0164890
21 0.6417989 0.5072255 0.0268597 0.0164890
18 0.7113899 0.5072255 0.0268597 0.0164890
1 0.8481304 0.5072255 0.0268597 0.0164890
8 0.4379090 0.5665858 0.0268597 0.0164890
34 0.6417989 0.5660362 0.0634866 0.0593604
9 0.6417989 0.5665858 0.0268597 0.0164890
