16 0.6356554 0.5326643 0.0288354 0.0174224
4 0.7824541 0.5326643 0.0288354 0.0174224
32 0.5642221 0.3497289 0.5308346 0.4460138
33 0.5629114 0.1569209 0.4810279 0.0162609
5 0.3420580 0.2190608 0.0288355 0.0174224
11 0.4888567 0.2190608 0.0288355 0.0174224
8 0.5609454 0.2190608 0.0288354 0.0174224
19 0.7824541 0.2190608 0.0288354 0.0174224
6 0.4154574 0.2817815 0.0288355 0.0174224
10 0.4888567 0.2817815 0.0288355 0.0174224
3 0.7824541 0.2817815 0.0288354 0.0174224
12 0.4888567 0.3445022 0.0288355 0.0174224
27 0.5609454 0.3445022 0.0288354 0.0174224
14 0.6356554 0.3445022 0.0288354 0.0174224
31 0.7090547 0.3445022 0.0288354 0.0174224
34 0.4888567 0.4066421 0.0681565 0.0627207
28 0.4888567 0.4072229 0.0288355 0.0174224
26 0.5609454 0.4072229 0.0288354 0.0174224
22 0.6356554 0.4072229 0.0288354 0.0174224
9 0.3420580 0.4699436 0.0288355 0.0174224
15 0.4154574 0.4699436 0.0288355 0.0174224
25 0.4888567 0.4699436 0.0288355 0.0174224
21 0.5609454 0.4699436 0.0288354 0.0174224
18 0.6356554 0.4699436 0.0288354 0.0174224
20 0.3420580 0.5326643 0.0288355 0.0174224
