23 0.3375558 0.5860718 0.0276778 0.0158737
8 0.4092665 0.5860718 0.0276778 0.0158737
32 0.3407011 0.4193982 0.5095229 0.4063660
33 0.3394430 0.2437295 0.4617158 0.0148154
26 0.1979089 0.3003456 0.0276778 0.0158737
14 0.3375558 0.3003456 0.0276778 0.0158737
34 0.5501716 0.2998165 0.0654202 0.0571452
25 0.5501716 0.3003456 0.0276778 0.0158737
30 0.2683614 0.3574908 0.0276778 0.0158737
18 0.3375558 0.3574908 0.0276778 0.0158737
2 0.4092665 0.3574908 0.0276778 0.0158737
15 0.1274563 0.4146361 0.0276778 0.0158737
12 0.2683614 0.4146361 0.0276778 0.0158737
24 0.4092665 0.4146361 0.0276778 0.0158737
5 0.2683614 0.4717813 0.0276778 0.0158737
22 0.3375558 0.4717813 0.0276778 0.0158737
11 0.4797190 0.4717813 0.0276778 0.0158737
21 0.5501716 0.4717813 0.0276778 0.0158737
31 0.1979089 0.5289265 0.0276778 0.0158736
20 0.3375558 0.5289265 0.0276778 0.0158736
1 0.4092665 0.5289265 0.0276778 0.0158736
13 0.4797190 0.5289265 0.0276778 0.0158736
4 0.5501716 0.5289265 0.0276778 0.0158736
17 0.1979089 0.5860718 0.0276778 0.0158737
29 0.2683614 0.5860718 0.0276778 0.0158737
