11 0.6774367 0.5938671 0.0262249 0.0163719
17 0.7441910 0.5938671 0.0262250 0.0163719
32 0.5457159 0.4219621 0.4827772 0.4191207
33 0.5445239 0.2407797 0.4374796 0.0152804
27 0.3436647 0.3581116 0.0262249 0.0163719
3 0.4104191 0.3581116 0.0262249 0.0163719
34 0.5427358 0.3575659 0.0619862 0.0589388
23 0.5427358 0.3581116 0.0262249 0.0163719
26 0.6774367 0.3581116 0.0262249 0.0163719
20 0.7441910 0.3581116 0.0262250 0.0163719
18 0.3436647 0.4170505 0.0262249 0.0163719
1 0.4104191 0.4170505 0.0262249 0.0163719
16 0.6106822 0.4170505 0.0262250 0.0163719
8 0.6774367 0.4170505 0.0262249 0.0163719
6 0.3436647 0.4759893 0.0262249 0.0163719
9 0.4104191 0.4759893 0.0262249 0.0163719
29 0.5427358 0.4759893 0.0262249 0.0163719
13 0.6774367 0.4759893 0.0262249 0.0163719
24 0.4104191 0.5349282 0.0262249 0.0163719
15 0.4771735 0.5349282 0.0262249 0.0163719
23 0.5427358 0.5349282 0.0262249 0.0163719
21 0.6106822 0.5349282 0.0262250 0.0163719
12 0.7441910 0.5349282 0.0262250 0.0163719
31 0.3436647 0.5938671 0.0262249 0.0163719
22 0.6106822 0.5938671 0.0262250 0.0163719
