3 0.5981637 0.5460274 0.0281684 0.0167967
14 0.6698651 0.5460274 0.0281684 0.0167967
32 0.4566815 0.3696628 0.5185549 0.4299936
33 0.4554011 0.1837802 0.4699004 0.0156768
1 0.2396566 0.2436882 0.0281684 0.0167966
34 0.3107178 0.2431283 0.0652995 0.0604679
20 0.3113581 0.2436882 0.0281684 0.0167966
24 0.5264623 0.2436882 0.0281684 0.0167966
25 0.6698651 0.2436882 0.0281684 0.0167966
15 0.3113581 0.3041560 0.0281684 0.0167966
23 0.5264623 0.3041560 0.0281684 0.0167966
5 0.2396566 0.3646238 0.0281684 0.0167966
20 0.3113581 0.3646238 0.0281684 0.0167966
30 0.3830595 0.3646238 0.0281684 0.0167966
31 0.5264623 0.3646238 0.0281684 0.0167966
13 0.3830595 0.4250917 0.0281684 0.0167966
10 0.4534805 0.4250917 0.0281684 0.0167966
8 0.5264623 0.4250917 0.0281684 0.0167966
21 0.3113581 0.4855596 0.0281684 0.0167966
9 0.3830595 0.4855596 0.0281684 0.0167966
18 0.4534805 0.4855596 0.0281684 0.0167966
4 0.5264623 0.4855596 0.0281684 0.0167966
16 0.2396566 0.5460274 0.0281684 0.0167967
12 0.4534805 0.5460274 0.0281684 0.0167967
22 0.5264623 0.5460274 0.0281684 0.0167967
