12 0.5947393 0.7370215 0.0270963 0.0161496
1 0.7326842 0.7370215 0.0270963 0.0161496
32 0.5276144 0.5674502 0.4988184 0.4134310
33 0.5263827 0.3887273 0.4520157 0.0150730
25 0.3188496 0.4463278 0.0270963 0.0161496
12 0.4567944 0.4463278 0.0270963 0.0161496
27 0.5245352 0.4463278 0.0270963 0.0161496
7 0.5947393 0.4463278 0.0270963 0.0161496
16 0.6637117 0.4463278 0.0270963 0.0161496
15 0.3188496 0.5044666 0.0270963 0.0161497
19 0.4567944 0.5044666 0.0270963 0.0161497
9 0.5245352 0.5044666 0.0270963 0.0161497
4 0.6637117 0.5044666 0.0270963 0.0161497
23 0.7326842 0.5044666 0.0270963 0.0161497
26 0.3188496 0.5626053 0.0270963 0.0161496
5 0.3878220 0.5626053 0.0270963 0.0161496
3 0.6637117 0.5626053 0.0270963 0.0161496
6 0.3188496 0.6207440 0.0270963 0.0161496
30 0.4567944 0.6207440 0.0270963 0.0161496
18 0.6637117 0.6207440 0.0270963 0.0161496
22 0.7326842 0.6207440 0.0270963 0.0161496
13 0.5947393 0.6788828 0.0270963 0.0161497
8 0.3188496 0.7370215 0.0270963 0.0161496
14 0.3878220 0.7370215 0.0270963 0.0161496
34 0.5941235 0.7364832 0.0652775 0.0581387
