3 0.3886762 0.5948218 0.0266145 0.0158976
1 0.6596603 0.5948218 0.0266145 0.0158976
32 0.5937289 0.4278976 0.4899487 0.4069771
33 0.5925191 0.2519648 0.4439782 0.0148377
2 0.5907045 0.3086660 0.0266145 0.0158975
34 0.6590553 0.3081361 0.0641167 0.0572311
6 0.6596603 0.3086660 0.0266145 0.0158975
18 0.7274062 0.3086660 0.0266145 0.0158975
8 0.3886762 0.3658972 0.0266145 0.0158976
13 0.4564223 0.3658972 0.0266145 0.0158976
10 0.5907045 0.3658972 0.0266145 0.0158976
19 0.7951522 0.3658972 0.0266145 0.0158976
6 0.5241682 0.4231284 0.0266145 0.0158976
26 0.5907045 0.4231284 0.0266145 0.0158976
5 0.6596603 0.4231284 0.0266145 0.0158976
4 0.7274062 0.4231284 0.0266145 0.0158976
12 0.3886762 0.4803595 0.0266145 0.0158976
31 0.4564223 0.4803595 0.0266145 0.0158976
14 0.5241682 0.4803595 0.0266145 0.0158976
23 0.5907045 0.4803595 0.0266145 0.0158976
9 0.7951522 0.4803595 0.0266145 0.0158976
25 0.3886762 0.5375907 0.0266145 0.0158975
29 0.5241682 0.5375907 0.0266145 0.0158975
21 0.7274062 0.5375907 0.0266145 0.0158975
16 0.7951522 0.5375907 0.0266145 0.0158975
