31 0.6933893 0.6087175 0.0270763 0.0171696
24 0.7623109 0.6087175 0.0270763 0.0171696
32 0.6263137 0.4284367 0.4984512 0.4395418
33 0.6250830 0.2384264 0.4516829 0.0160250
21 0.6933893 0.2996647 0.0270763 0.0171696
2 0.4177027 0.3614753 0.0270763 0.0171696
11 0.4866243 0.3614753 0.0270764 0.0171696
7 0.6933893 0.3614753 0.0270763 0.0171696
30 0.4866243 0.4232859 0.0270764 0.0171696
4 0.5555460 0.4232859 0.0270764 0.0171696
22 0.6933893 0.4232859 0.0270763 0.0171696
3 0.8312326 0.4232859 0.0270763 0.0171696
5 0.4177027 0.4850964 0.0270763 0.0171697
8 0.5555460 0.4850964 0.0270764 0.0171697
6 0.6232368 0.4850964 0.0270764 0.0171697
17 0.6933893 0.4850964 0.0270763 0.0171697
10 0.8312326 0.4850964 0.0270763 0.0171697
12 0.4177027 0.5469069 0.0270763 0.0171696
15 0.5555460 0.5469069 0.0270764 0.0171696
29 0.6232368 0.5469069 0.0270764 0.0171696
34 0.7616956 0.5463346 0.0627679 0.0618106
13 0.7623109 0.5469069 0.0270763 0.0171696
19 0.8312326 0.5469069 0.0270763 0.0171696
25 0.5555460 0.6087175 0.0270764 0.0171696
9 0.6232368 0.6087175 0.0270764 0.0171696
