7 0.5903403 0.7505990 0.0269732 0.0169183
8 0.6589993 0.7505990 0.0269732 0.0169183
32 0.5235205 0.5729561 0.4965515 0.4331102
33 0.5222944 0.3857261 0.4499615 0.0157905
16 0.3157045 0.4460683 0.0269732 0.0169184
15 0.5903403 0.4460683 0.0269732 0.0169184
12 0.6589993 0.4460683 0.0269732 0.0169184
2 0.5903403 0.5069744 0.0269732 0.0169184
3 0.6589993 0.5069744 0.0269732 0.0169184
17 0.3157045 0.5678806 0.0269732 0.0169183
27 0.6589993 0.5678806 0.0269732 0.0169183
5 0.3843635 0.6287867 0.0269732 0.0169184
10 0.4530224 0.6287867 0.0269732 0.0169184
9 0.5204554 0.6287867 0.0269732 0.0169184
14 0.6589993 0.6287867 0.0269732 0.0169184
31 0.7276583 0.6287867 0.0269731 0.0169184
34 0.3837505 0.6891288 0.0625287 0.0609061
14 0.3843635 0.6896928 0.0269732 0.0169184
1 0.4530224 0.6896928 0.0269732 0.0169184
26 0.5903403 0.6896928 0.0269732 0.0169184
24 0.6589993 0.6896928 0.0269732 0.0169184
6 0.7276583 0.6896928 0.0269731 0.0169184
20 0.3157045 0.7505990 0.0269732 0.0169183
29 0.3843635 0.7505990 0.0269732 0.0169183
30 0.5204554 0.7505990 0.0269732 0.0169183
