25 0.5481164 0.6202500 0.0282627 0.0165534
5 0.6919991 0.6202500 0.0282626 0.0165534
32 0.4781020 0.4464391 0.5202901 0.4237676
33 0.4768173 0.2632479 0.4714728 0.0154499
19 0.3322923 0.3222884 0.0282627 0.0165534
6 0.6919991 0.3222884 0.0282626 0.0165534
1 0.2603510 0.3818808 0.0282627 0.0165534
29 0.4748903 0.3818808 0.0282627 0.0165534
27 0.6919991 0.3818808 0.0282626 0.0165534
17 0.2603510 0.4414730 0.0282627 0.0165534
2 0.4042336 0.4414730 0.0282627 0.0165534
16 0.5481164 0.4414730 0.0282627 0.0165534
23 0.6919991 0.4414730 0.0282626 0.0165534
22 0.3322923 0.5010654 0.0282627 0.0165534
21 0.5481164 0.5010654 0.0282627 0.0165534
3 0.6200577 0.5010654 0.0282627 0.0165534
12 0.2603510 0.5606577 0.0282627 0.0165534
18 0.4042336 0.5606577 0.0282627 0.0165534
34 0.5474740 0.5601059 0.0680874 0.0595923
11 0.5481164 0.5606577 0.0282627 0.0165534
9 0.6200577 0.5606577 0.0282627 0.0165534
14 0.2603510 0.6202500 0.0282627 0.0165534
24 0.3322923 0.6202500 0.0282627 0.0165534
13 0.4042336 0.6202500 0.0282627 0.0165534
20 0.4748903 0.6202500 0.0282627 0.0165534
