4 0.4396548 0.5499142 0.0269983 0.0168561
21 0.5758734 0.5499142 0.0269982 0.0168561
32 0.5789414 0.3729257 0.4970135 0.4315150
33 0.5777142 0.1863853 0.4503801 0.0157323
29 0.6458234 0.2465052 0.0269982 0.0168560
20 0.7832690 0.2465052 0.0269982 0.0168560
14 0.3709320 0.3071871 0.0269983 0.0168561
15 0.4396548 0.3071871 0.0269983 0.0168561
23 0.5083777 0.3071871 0.0269982 0.0168561
18 0.5758734 0.3071871 0.0269982 0.0168561
6 0.7832690 0.3071871 0.0269982 0.0168561
26 0.5083777 0.3678688 0.0269982 0.0168561
1 0.5758734 0.3678688 0.0269982 0.0168561
10 0.7145462 0.3678688 0.0269982 0.0168561
16 0.3709320 0.4285507 0.0269983 0.0168561
27 0.4396548 0.4285507 0.0269983 0.0168561
24 0.6458234 0.4285507 0.0269982 0.0168561
34 0.7139326 0.4279888 0.0625870 0.0606818
14 0.7145462 0.4285507 0.0269982 0.0168561
13 0.4396548 0.4892324 0.0269983 0.0168561
19 0.5758734 0.4892324 0.0269982 0.0168561
25 0.6458234 0.4892324 0.0269982 0.0168561
17 0.7145462 0.4892324 0.0269982 0.0168561
30 0.3709320 0.5499142 0.0269983 0.0168561
