11 0.6342718 0.7470025 0.0278399 0.0168702
13 0.7051370 0.7470025 0.0278399 0.0168702
32 0.5653047 0.5698660 0.5125076 0.4318756
33 0.5640393 0.3831698 0.4644205 0.0157455
12 0.4925413 0.4433400 0.0278399 0.0168702
4 0.5621411 0.4433400 0.0278400 0.0168702
26 0.7051370 0.4433400 0.0278399 0.0168702
34 0.3508108 0.5035101 0.0658035 0.0607325
29 0.3508108 0.5040725 0.0278399 0.0168701
1 0.4216761 0.5040725 0.0278399 0.0168701
30 0.4925413 0.5040725 0.0278399 0.0168701
5 0.5621411 0.5040725 0.0278400 0.0168701
3 0.6342718 0.5040725 0.0278399 0.0168701
15 0.7051370 0.5040725 0.0278399 0.0168701
17 0.7760023 0.5040725 0.0278399 0.0168701
20 0.4216761 0.5648050 0.0278399 0.0168702
29 0.4925413 0.6255375 0.0278399 0.0168701
7 0.7760023 0.6255375 0.0278399 0.0168701
2 0.3508108 0.6862700 0.0278399 0.0168701
9 0.4216761 0.6862700 0.0278399 0.0168701
8 0.4925413 0.6862700 0.0278399 0.0168701
6 0.5621411 0.6862700 0.0278400 0.0168701
14 0.6342718 0.6862700 0.0278399 0.0168701
10 0.4216761 0.7470025 0.0278399 0.0168702
