3 0.7082266 0.5207689 0.0280244 0.0159440
25 0.8508963 0.5207689 0.0280244 0.0159440
32 0.6388025 0.3533567 0.5159039 0.4081670
33 0.6375286 0.1769095 0.4674981 0.0148811
21 0.4228871 0.2337765 0.0280244 0.0159440
8 0.4942220 0.2337765 0.0280244 0.0159440
22 0.7795615 0.2337765 0.0280244 0.0159440
24 0.8508963 0.2337765 0.0280244 0.0159440
12 0.6356179 0.2911750 0.0280244 0.0159440
16 0.7795615 0.2911750 0.0280244 0.0159440
14 0.8508963 0.2911750 0.0280244 0.0159440
11 0.4228871 0.3485735 0.0280244 0.0159440
18 0.6356179 0.3485735 0.0280244 0.0159440
17 0.7795615 0.3485735 0.0280244 0.0159440
23 0.8508963 0.3485735 0.0280244 0.0159440
9 0.4228871 0.4059720 0.0280244 0.0159440
13 0.4942220 0.4059720 0.0280244 0.0159440
5 0.7082266 0.4059720 0.0280244 0.0159440
30 0.4942220 0.4633704 0.0280244 0.0159440
29 0.7082266 0.4633704 0.0280244 0.0159440
1 0.8508963 0.4633704 0.0280244 0.0159440
7 0.4942220 0.5207689 0.0280244 0.0159440
34 0.5655569 0.5202375 0.0662395 0.0573985
26 0.5655569 0.5207689 0.0280244 0.0159440
