25 0.3616692 0.6593778 0.0261829 0.0169086
14 0.4295066 0.6593778 0.0261829 0.0169086
32 0.3646445 0.4818380 0.4820028 0.4328591
33 0.3634544 0.2947166 0.4367779 0.0157813
15 0.1629174 0.3550238 0.0261829 0.0169086
7 0.2295647 0.3550238 0.0261829 0.0169086
26 0.2962120 0.3550238 0.0261829 0.0169086
2 0.4295066 0.3550238 0.0261829 0.0169086
31 0.4961539 0.3550238 0.0261829 0.0169086
27 0.1629174 0.4158946 0.0261829 0.0169086
5 0.2295647 0.4158946 0.0261829 0.0169086
3 0.2295647 0.4767654 0.0261829 0.0169086
19 0.2962120 0.4767654 0.0261829 0.0169086
9 0.4295066 0.4767654 0.0261829 0.0169086
11 0.4961539 0.4767654 0.0261829 0.0169086
20 0.5628012 0.4767654 0.0261829 0.0169086
30 0.2295647 0.5376363 0.0261829 0.0169086
6 0.2962120 0.5376363 0.0261829 0.0169086
34 0.4955589 0.5370727 0.0606966 0.0608708
13 0.4961539 0.5376363 0.0261829 0.0169086
8 0.1629174 0.5985071 0.0261829 0.0169086
29 0.4295066 0.5985071 0.0261829 0.0169086
22 0.4961539 0.5985071 0.0261829 0.0169086
13 0.5628012 0.5985071 0.0261829 0.0169086
