17 0.5732927 0.7963736 0.0271090 0.0163501
31 0.6422975 0.7963736 0.0271090 0.0163501
32 0.4371313 0.6246975 0.4990527 0.4185627
33 0.4358991 0.4437563 0.4522281 0.0152601
27 0.2282685 0.5020717 0.0271091 0.0163501
25 0.5042878 0.5020717 0.0271090 0.0163501
23 0.6422975 0.5020717 0.0271090 0.0163501
21 0.2972733 0.5609321 0.0271090 0.0163501
19 0.4340508 0.5609321 0.0271090 0.0163501
2 0.5732927 0.5609321 0.0271090 0.0163501
4 0.6422975 0.5609321 0.0271090 0.0163501
20 0.2282685 0.6197924 0.0271091 0.0163501
6 0.3662782 0.6197924 0.0271090 0.0163501
13 0.5732927 0.6197924 0.0271090 0.0163501
34 0.2282685 0.6781078 0.0640759 0.0588603
30 0.2282685 0.6786528 0.0271091 0.0163501
10 0.5042878 0.6786528 0.0271090 0.0163501
16 0.3662782 0.7375132 0.0271090 0.0163501
12 0.4340508 0.7375132 0.0271090 0.0163501
29 0.6422975 0.7375132 0.0271090 0.0163501
3 0.2282685 0.7963736 0.0271091 0.0163501
22 0.2972733 0.7963736 0.0271090 0.0163501
5 0.3662782 0.7963736 0.0271090 0.0163501
8 0.5042878 0.7963736 0.0271090 0.0163501
