5 0.4448716 0.6923334 0.0288393 0.0161498
19 0.5182807 0.6923334 0.0288393 0.0161498
32 0.3000198 0.5227608 0.5309048 0.4134341
33 0.2987090 0.3440367 0.4810915 0.0150731
34 0.0778264 0.4010992 0.0681656 0.0581392
8 0.0778264 0.4016375 0.0288393 0.0161498
13 0.1512354 0.4016375 0.0288393 0.0161498
23 0.4448716 0.4016375 0.0288393 0.0161498
25 0.5182807 0.4016375 0.0288393 0.0161498
6 0.0778264 0.4597767 0.0288393 0.0161498
2 0.5182807 0.4597767 0.0288393 0.0161498
1 0.1512354 0.5179159 0.0288393 0.0161498
12 0.2246445 0.5179159 0.0288393 0.0161498
7 0.2967426 0.5179159 0.0288393 0.0161498
3 0.1512354 0.5760550 0.0288393 0.0161498
21 0.4448716 0.5760550 0.0288393 0.0161498
15 0.0778264 0.6341942 0.0288393 0.0161498
26 0.1512354 0.6341942 0.0288393 0.0161498
30 0.2967426 0.6341942 0.0288393 0.0161498
4 0.3714626 0.6341942 0.0288393 0.0161498
18 0.4448716 0.6341942 0.0288393 0.0161498
22 0.5182807 0.6341942 0.0288393 0.0161498
31 0.0778264 0.6923334 0.0288393 0.0161498
16 0.2246445 0.6923334 0.0288393 0.0161498
