7 0.2868726 0.7008295 0.0265647 0.0170356
14 0.3532843 0.7008295 0.0265646 0.0170356
32 0.3563030 0.5219564 0.4890314 0.4361097
33 0.3550955 0.3334298 0.4431470 0.0158998
17 0.1516343 0.3941899 0.0265647 0.0170355
26 0.2192535 0.3941899 0.0265647 0.0170355
24 0.2868726 0.3941899 0.0265647 0.0170355
9 0.5573493 0.3941899 0.0265647 0.0170355
1 0.2868726 0.4555178 0.0265647 0.0170356
13 0.4221110 0.4555178 0.0265647 0.0170356
15 0.5573493 0.4555178 0.0265647 0.0170356
5 0.1516343 0.5168457 0.0265647 0.0170356
20 0.2868726 0.5168457 0.0265647 0.0170356
34 0.3532843 0.5162778 0.0627892 0.0613279
31 0.3532843 0.5168457 0.0265646 0.0170356
21 0.4221110 0.5168457 0.0265647 0.0170356
23 0.5573493 0.5168457 0.0265647 0.0170356
11 0.2192535 0.5781736 0.0265647 0.0170356
30 0.3532843 0.5781736 0.0265646 0.0170356
27 0.2192535 0.6395015 0.0265647 0.0170356
25 0.2868726 0.6395015 0.0265647 0.0170356
31 0.4221110 0.6395015 0.0265647 0.0170356
29 0.4897301 0.6395015 0.0265647 0.0170356
16 0.1516343 0.7008295 0.0265647 0.0170356
