20 0.6036266 0.7497416 0.0278791 0.0171541
13 0.6745914 0.7497416 0.0278790 0.0171541
32 0.4635977 0.5696230 0.5132278 0.4391463
33 0.4623305 0.3797837 0.4650732 0.0160105
26 0.5326617 0.4409669 0.0278790 0.0171541
11 0.6036266 0.4409669 0.0278791 0.0171541
6 0.2488024 0.5027218 0.0278790 0.0171541
5 0.3907320 0.5027218 0.0278790 0.0171541
8 0.4604297 0.5027218 0.0278791 0.0171541
9 0.6036266 0.5644768 0.0278791 0.0171542
29 0.2488024 0.6262317 0.0278790 0.0171541
17 0.3197672 0.6262317 0.0278791 0.0171541
16 0.3907320 0.6262317 0.0278790 0.0171541
7 0.6036266 0.6262317 0.0278791 0.0171541
12 0.6745914 0.6262317 0.0278790 0.0171541
34 0.2488024 0.6874148 0.0658959 0.0617550
28 0.2488024 0.6879867 0.0278790 0.0171541
21 0.3907320 0.6879867 0.0278790 0.0171541
14 0.5326617 0.6879867 0.0278790 0.0171541
23 0.6745914 0.6879867 0.0278790 0.0171541
31 0.2488024 0.7497416 0.0278790 0.0171541
22 0.3197672 0.7497416 0.0278791 0.0171541
19 0.3907320 0.7497416 0.0278790 0.0171541
15 0.4604297 0.7497416 0.0278791 0.0171541
