27 0.6643036 0.6375736 0.0287549 0.0174110
18 0.7374977 0.6375736 0.0287549 0.0174110
32 0.5198760 0.4547578 0.5293502 0.4457224
33 0.5185690 0.2620758 0.4796828 0.0162503
4 0.3715272 0.3241751 0.0287548 0.0174111
34 0.6636501 0.3235948 0.0666589 0.0626797
30 0.6643036 0.3241751 0.0287549 0.0174111
8 0.2983331 0.3868549 0.0287548 0.0174110
19 0.5911095 0.3868549 0.0287548 0.0174110
9 0.6643036 0.3868549 0.0287549 0.0174110
1 0.7374977 0.3868549 0.0287549 0.0174110
3 0.2983331 0.4495345 0.0287548 0.0174111
5 0.3715272 0.4495345 0.0287548 0.0174111
15 0.4447213 0.4495345 0.0287548 0.0174111
7 0.5911095 0.4495345 0.0287548 0.0174111
22 0.2983331 0.5122142 0.0287548 0.0174110
25 0.5166084 0.5122142 0.0287548 0.0174110
11 0.6643036 0.5122142 0.0287549 0.0174110
23 0.7374977 0.5122142 0.0287549 0.0174110
12 0.4447213 0.5748939 0.0287548 0.0174110
6 0.5166084 0.5748939 0.0287548 0.0174110
13 0.5911095 0.5748939 0.0287548 0.0174110
30 0.7374977 0.5748939 0.0287549 0.0174110
16 0.4447213 0.6375736 0.0287548 0.0174110
