23 0.3536114 0.7204971 0.0266361 0.0167019
9 0.6926165 0.7204971 0.0266362 0.0167019
32 0.4910295 0.5451276 0.4903466 0.4275674
33 0.4898188 0.3602939 0.4443388 0.0155884
29 0.2858104 0.4198638 0.0266361 0.0167019
7 0.3536114 0.4198638 0.0266361 0.0167019
8 0.5570145 0.4198638 0.0266361 0.0167019
4 0.6248155 0.4198638 0.0266361 0.0167019
22 0.6926165 0.4198638 0.0266362 0.0167019
18 0.2858104 0.4799904 0.0266361 0.0167018
17 0.4214124 0.4799904 0.0266361 0.0167018
20 0.6248155 0.4799904 0.0266361 0.0167018
16 0.2858104 0.5401171 0.0266361 0.0167019
31 0.3536114 0.5401171 0.0266361 0.0167019
2 0.4880027 0.5401171 0.0266361 0.0167019
34 0.5564091 0.5395603 0.0641688 0.0601267
31 0.5570145 0.5401171 0.0266361 0.0167019
25 0.3536114 0.6002437 0.0266361 0.0167019
30 0.4214124 0.6002437 0.0266361 0.0167019
6 0.5570145 0.6002437 0.0266361 0.0167019
5 0.6926165 0.6002437 0.0266362 0.0167019
26 0.5570145 0.6603704 0.0266361 0.0167019
14 0.6926165 0.6603704 0.0266362 0.0167019
11 0.2858104 0.7204971 0.0266361 0.0167019
