29 0.3494966 0.7927264 0.0277396 0.0174133
17 0.4213674 0.7927264 0.0277396 0.0174133
32 0.3526488 0.6098858 0.5106612 0.4457828
33 0.3513879 0.4171776 0.4627473 0.0162525
34 0.2089072 0.4787049 0.0643055 0.0626882
5 0.2095376 0.4792854 0.0277396 0.0174134
30 0.4213674 0.4792854 0.0277396 0.0174134
5 0.5625873 0.4792854 0.0277396 0.0174134
10 0.1389277 0.5419736 0.0277396 0.0174134
15 0.2801476 0.5419736 0.0277396 0.0174134
31 0.3494966 0.5419736 0.0277396 0.0174134
25 0.4213674 0.5419736 0.0277396 0.0174134
8 0.4919774 0.5419736 0.0277396 0.0174134
13 0.5625873 0.5419736 0.0277396 0.0174134
9 0.5625873 0.6046618 0.0277396 0.0174133
12 0.1389277 0.6673500 0.0277396 0.0174135
11 0.2095376 0.6673500 0.0277396 0.0174135
23 0.4213674 0.6673500 0.0277396 0.0174135
18 0.1389277 0.7300382 0.0277396 0.0174133
19 0.2801476 0.7300382 0.0277396 0.0174133
16 0.3494966 0.7300382 0.0277396 0.0174133
20 0.4213674 0.7300382 0.0277396 0.0174133
7 0.4919774 0.7300382 0.0277396 0.0174133
22 0.2801476 0.7927264 0.0277396 0.0174133
