27 0.3073421 0.6204418 0.0263293 0.0168834
21 0.5095988 0.6204418 0.0263293 0.0168834
32 0.3103341 0.4431663 0.4846981 0.4322146
33 0.3091373 0.2563236 0.4392203 0.0157578
12 0.1744989 0.3165409 0.0263293 0.0168834
30 0.3073421 0.3165409 0.0263293 0.0168834
20 0.3755589 0.3165409 0.0263293 0.0168834
3 0.2415189 0.3773211 0.0263293 0.0168833
11 0.1074790 0.4381013 0.0263293 0.0168833
34 0.1739005 0.4375385 0.0610360 0.0607802
16 0.1744989 0.4381013 0.0263293 0.0168833
23 0.3073421 0.4381013 0.0263293 0.0168833
18 0.3755589 0.4381013 0.0263293 0.0168833
6 0.4425789 0.4381013 0.0263293 0.0168833
15 0.5095988 0.4381013 0.0263293 0.0168833
4 0.1744989 0.4988815 0.0263293 0.0168834
1 0.5095988 0.4988815 0.0263293 0.0168834
26 0.1744989 0.5596617 0.0263293 0.0168834
31 0.2415189 0.5596617 0.0263293 0.0168834
13 0.3073421 0.5596617 0.0263293 0.0168834
16 0.3755589 0.5596617 0.0263293 0.0168834
10 0.4425789 0.5596617 0.0263293 0.0168834
25 0.1074790 0.6204418 0.0263293 0.0168834
2 0.1744989 0.6204418 0.0263293 0.0168834
