7 0.5404419 0.6990047 0.0275602 0.0167513
25 0.6118480 0.6990047 0.0275603 0.0167513
32 0.5435737 0.5231166 0.5073592 0.4288319
33 0.5423210 0.3377362 0.4597552 0.0156345
21 0.3312345 0.3974823 0.0275603 0.0167512
13 0.4715412 0.3974823 0.0275602 0.0167512
8 0.6118480 0.3974823 0.0275603 0.0167512
27 0.7521548 0.3974823 0.0275603 0.0167512
20 0.4715412 0.4577868 0.0275602 0.0167512
16 0.5404419 0.4577868 0.0275602 0.0167512
24 0.6118480 0.4577868 0.0275603 0.0167512
10 0.7521548 0.4577868 0.0275603 0.0167512
19 0.4715412 0.5180913 0.0275602 0.0167512
6 0.6118480 0.5180913 0.0275603 0.0167512
4 0.3312345 0.5783957 0.0275603 0.0167512
31 0.4013879 0.5783957 0.0275603 0.0167512
1 0.6820013 0.5783957 0.0275602 0.0167512
15 0.7521548 0.5783957 0.0275603 0.0167512
29 0.4013879 0.6387002 0.0275603 0.0167512
5 0.4715412 0.6387002 0.0275602 0.0167512
12 0.5404419 0.6387002 0.0275602 0.0167512
18 0.3312345 0.6990047 0.0275603 0.0167513
22 0.4715412 0.6990047 0.0275602 0.0167513
34 0.5404419 0.6984463 0.0651424 0.0603045
