2 0.4968754 0.6890946 0.0282888 0.0172840
19 0.7128989 0.6890946 0.0282887 0.0172840
32 0.6428198 0.5076124 0.5207711 0.4424707
33 0.6415340 0.3163361 0.4719086 0.0161318
4 0.4968754 0.3779824 0.0282888 0.0172840
14 0.5688832 0.3779824 0.0282888 0.0172840
26 0.7128989 0.3779824 0.0282887 0.0172840
12 0.7849068 0.3779824 0.0282888 0.0172840
34 0.4248675 0.4396287 0.0668644 0.0622224
6 0.4248675 0.4402048 0.0282888 0.0172840
25 0.7849068 0.4402048 0.0282888 0.0172840
29 0.8569147 0.4402048 0.0282888 0.0172840
18 0.5688832 0.5024273 0.0282888 0.0172840
11 0.6396052 0.5024273 0.0282888 0.0172840
5 0.7128989 0.5024273 0.0282887 0.0172840
20 0.8569147 0.5024273 0.0282888 0.0172840
6 0.4248675 0.5646497 0.0282888 0.0172840
31 0.7128989 0.5646497 0.0282887 0.0172840
8 0.7849068 0.5646497 0.0282888 0.0172840
16 0.4248675 0.6268722 0.0282888 0.0172841
30 0.4968754 0.6268722 0.0282888 0.0172841
15 0.5688832 0.6268722 0.0282888 0.0172841
27 0.8569147 0.6268722 0.0282888 0.0172841
10 0.4248675 0.6890946 0.0282888 0.0172840
