3 0.5538568 0.5781730 0.0286404 0.0173328
26 0.7009642 0.5781730 0.0286404 0.0173328
32 0.5571115 0.3961779 0.5272434 0.4437215
33 0.5558096 0.2043608 0.4777736 0.0161773
34 0.4087022 0.2656036 0.0663936 0.0623983
19 0.4093531 0.2661814 0.0286404 0.0173329
8 0.4822559 0.2661814 0.0286404 0.0173329
31 0.5538568 0.2661814 0.0286404 0.0173329
4 0.7009642 0.2661814 0.0286404 0.0173329
11 0.7738670 0.2661814 0.0286404 0.0173329
13 0.4093531 0.3285797 0.0286404 0.0173328
19 0.7009642 0.3285797 0.0286404 0.0173328
12 0.4093531 0.3909781 0.0286404 0.0173329
25 0.5538568 0.3909781 0.0286404 0.0173329
20 0.6280615 0.3909781 0.0286404 0.0173329
27 0.7738670 0.3909781 0.0286404 0.0173329
18 0.6280615 0.4533764 0.0286404 0.0173329
17 0.7009642 0.4533764 0.0286404 0.0173329
21 0.3364503 0.5157747 0.0286404 0.0173329
7 0.4093531 0.5157747 0.0286404 0.0173329
10 0.5538568 0.5157747 0.0286404 0.0173329
15 0.7009642 0.5157747 0.0286404 0.0173329
29 0.3364503 0.5781730 0.0286404 0.0173328
16 0.4822559 0.5781730 0.0286404 0.0173328
