26 0.6433439 0.5034118 0.0280038 0.0161664
17 0.7871819 0.5034118 0.0280038 0.0161664
32 0.6465262 0.3336650 0.5155253 0.4138589
33 0.6452532 0.1547572 0.4671550 0.0150886
12 0.4307693 0.2124173 0.0280038 0.0161664
20 0.7871819 0.2124173 0.0280038 0.0161664
25 0.4307693 0.2706162 0.0280038 0.0161663
21 0.5733343 0.2706162 0.0280038 0.0161663
4 0.6433439 0.2706162 0.0280038 0.0161663
11 0.7158993 0.2706162 0.0280038 0.0161663
23 0.7871819 0.2706162 0.0280038 0.0161663
24 0.8584644 0.2706162 0.0280038 0.0161663
16 0.6433439 0.3288151 0.0280038 0.0161664
9 0.7158993 0.3288151 0.0280038 0.0161664
5 0.7871819 0.3288151 0.0280038 0.0161664
8 0.8584644 0.3288151 0.0280038 0.0161664
34 0.4307693 0.3864751 0.0661909 0.0581989
14 0.4307693 0.3870140 0.0280038 0.0161664
27 0.7158993 0.3870140 0.0280038 0.0161664
10 0.8584644 0.3870140 0.0280038 0.0161664
3 0.5733343 0.4452129 0.0280038 0.0161664
15 0.7158993 0.4452129 0.0280038 0.0161664
18 0.5020518 0.5034118 0.0280038 0.0161664
31 0.5733343 0.5034118 0.0280038 0.0161664
