9 0.4348716 0.6437783 0.0282202 0.0172847
19 0.5772553 0.6437783 0.0282202 0.0172847
32 0.5804621 0.4622887 0.5195082 0.4424890
33 0.5791794 0.2710043 0.4707642 0.0161324
34 0.4342302 0.3320770 0.0654195 0.0622250
6 0.4348716 0.3326532 0.0282202 0.0172847
25 0.5772553 0.3326532 0.0282202 0.0172847
12 0.6503712 0.3326532 0.0282202 0.0172847
17 0.7222044 0.3326532 0.0282202 0.0172847
20 0.7940377 0.3326532 0.0282202 0.0172847
14 0.3630383 0.3948782 0.0282202 0.0172847
18 0.4348716 0.3948782 0.0282202 0.0172847
7 0.5067048 0.3948782 0.0282202 0.0172847
3 0.7222044 0.3948782 0.0282202 0.0172847
11 0.3630383 0.4571033 0.0282202 0.0172847
1 0.5067048 0.4571033 0.0282202 0.0172847
21 0.5772553 0.4571033 0.0282202 0.0172847
24 0.7940377 0.4571033 0.0282202 0.0172847
4 0.4348716 0.5193283 0.0282202 0.0172847
5 0.5772553 0.5193283 0.0282202 0.0172847
27 0.7222044 0.5193283 0.0282202 0.0172847
6 0.5067048 0.5815533 0.0282202 0.0172847
29 0.5772553 0.5815533 0.0282202 0.0172847
13 0.7940377 0.5815533 0.0282202 0.0172847
