13 0.5061707 0.5816850 0.0274815 0.0173629
22 0.5761235 0.5816850 0.0274815 0.0173629
32 0.3681389 0.3993744 0.5059086 0.4444906
33 0.3668897 0.2072248 0.4584406 0.0162054
23 0.1564068 0.2691525 0.0274815 0.0173629
2 0.2963124 0.2691525 0.0274815 0.0173629
3 0.5061707 0.2691525 0.0274815 0.0173629
34 0.1564068 0.3310803 0.0649562 0.0625065
17 0.1564068 0.3316590 0.0274815 0.0173629
15 0.2263596 0.3316590 0.0274815 0.0173629
31 0.3650160 0.3316590 0.0274815 0.0173629
18 0.4362179 0.3316590 0.0274815 0.0173629
20 0.5061707 0.3316590 0.0274815 0.0173629
21 0.5761235 0.3316590 0.0274815 0.0173629
17 0.2963124 0.3941655 0.0274815 0.0173629
19 0.5061707 0.3941655 0.0274815 0.0173629
27 0.1564068 0.4566720 0.0274815 0.0173629
26 0.3650160 0.4566720 0.0274815 0.0173629
6 0.5061707 0.4566720 0.0274815 0.0173629
16 0.2263596 0.5191785 0.0274815 0.0173629
5 0.2963124 0.5191785 0.0274815 0.0173629
1 0.5061707 0.5191785 0.0274815 0.0173629
24 0.1564068 0.5816850 0.0274815 0.0173629
4 0.2263596 0.5816850 0.0274815 0.0173629
