23 0.5298337 0.7750214 0.0278088 0.0158647
15 0.6006199 0.7750214 0.0278088 0.0158647
32 0.3901575 0.6084423 0.5119358 0.4061355
33 0.3888934 0.4328733 0.4639023 0.0148070
26 0.1759029 0.4894573 0.0278089 0.0158647
18 0.3869973 0.4894573 0.0278089 0.0158647
34 0.5292017 0.4889285 0.0644660 0.0571128
31 0.5298337 0.4894573 0.0278088 0.0158647
14 0.5298337 0.5465701 0.0278088 0.0158647
24 0.2466890 0.6036829 0.0278089 0.0158647
27 0.1759029 0.6607958 0.0278089 0.0158647
10 0.2466890 0.6607958 0.0278089 0.0158647
1 0.3174752 0.6607958 0.0278089 0.0158647
29 0.3869973 0.6607958 0.0278089 0.0158647
7 0.4590475 0.6607958 0.0278088 0.0158647
31 0.1759029 0.7179085 0.0278089 0.0158647
22 0.2466890 0.7179085 0.0278089 0.0158647
17 0.3174752 0.7179085 0.0278089 0.0158647
6 0.4590475 0.7179085 0.0278088 0.0158647
20 0.6006199 0.7179085 0.0278088 0.0158647
16 0.1759029 0.7750214 0.0278089 0.0158647
19 0.3174752 0.7750214 0.0278089 0.0158647
11 0.3869973 0.7750214 0.0278089 0.0158647
2 0.4590475 0.7750214 0.0278088 0.0158647
