26 0.6032394 0.6175758 0.0280627 0.0172357
24 0.6746718 0.6175758 0.0280627 0.0172357
32 0.4622881 0.4366002 0.5166087 0.4412358
33 0.4610126 0.2458576 0.4681368 0.0160867
29 0.3889425 0.3073318 0.0280627 0.0172358
17 0.5318071 0.3073318 0.0280627 0.0172358
18 0.6746718 0.3073318 0.0280627 0.0172358
27 0.2460778 0.3693806 0.0280627 0.0172358
23 0.3889425 0.3693806 0.0280627 0.0172358
4 0.4590992 0.3693806 0.0280627 0.0172358
3 0.6032394 0.3693806 0.0280627 0.0172358
34 0.3168724 0.4308549 0.0650544 0.0620487
19 0.3175102 0.4314294 0.0280627 0.0172358
14 0.4590992 0.4314294 0.0280627 0.0172358
21 0.6746718 0.4314294 0.0280627 0.0172358
13 0.2460778 0.4934782 0.0280627 0.0172358
2 0.4590992 0.4934782 0.0280627 0.0172358
22 0.5318071 0.4934782 0.0280627 0.0172358
15 0.6032394 0.4934782 0.0280627 0.0172358
7 0.2460778 0.5555270 0.0280627 0.0172358
20 0.4590992 0.5555270 0.0280627 0.0172358
9 0.6032394 0.5555270 0.0280627 0.0172358
1 0.3175102 0.6175758 0.0280627 0.0172357
12 0.4590992 0.6175758 0.0280627 0.0172357
