13 0.7439231 0.7600041 0.0284431 0.0162321
11 0.8163238 0.7600041 0.0284431 0.0162321
32 0.6010611 0.5895669 0.5236121 0.4155420
33 0.5997682 0.4099316 0.4744831 0.0151500
20 0.3819197 0.4678261 0.0284431 0.0162321
15 0.4543204 0.4678261 0.0284431 0.0162321
31 0.6715224 0.4678261 0.0284431 0.0162321
10 0.7439231 0.4678261 0.0284431 0.0162321
24 0.8163238 0.4678261 0.0284431 0.0162321
8 0.3819197 0.5262617 0.0284431 0.0162321
19 0.5978289 0.5262617 0.0284431 0.0162321
21 0.7439231 0.5262617 0.0284431 0.0162321
26 0.3819197 0.5846973 0.0284431 0.0162321
2 0.6715224 0.5846973 0.0284431 0.0162321
29 0.3819197 0.6431329 0.0284431 0.0162321
4 0.7439231 0.6431329 0.0284431 0.0162321
23 0.3819197 0.7015685 0.0284431 0.0162321
18 0.4543204 0.7015685 0.0284431 0.0162321
34 0.6708760 0.7010274 0.0685220 0.0584356
10 0.6715224 0.7015685 0.0284431 0.0162321
27 0.7439231 0.7015685 0.0284431 0.0162321
1 0.3819197 0.7600041 0.0284431 0.0162321
30 0.4543204 0.7600041 0.0284431 0.0162321
6 0.6715224 0.7600041 0.0284431 0.0162321
