24 0.6174802 0.5524929 0.0268638 0.0172891
6 0.6858609 0.5524929 0.0268638 0.0172891
32 0.4825506 0.3709572 0.4945388 0.4426013
33 0.4813295 0.1796243 0.4481376 0.0161365
4 0.3439576 0.2412888 0.0268639 0.0172891
1 0.4123383 0.2412888 0.0268639 0.0172891
5 0.4794978 0.2412888 0.0268639 0.0172891
15 0.2755769 0.3035297 0.0268638 0.0172891
21 0.4123383 0.3035297 0.0268639 0.0172891
7 0.4794978 0.3035297 0.0268639 0.0172891
16 0.6174802 0.3035297 0.0268638 0.0172891
3 0.4123383 0.3657705 0.0268639 0.0172891
31 0.5490996 0.3657705 0.0268638 0.0172891
2 0.6858609 0.3657705 0.0268638 0.0172891
34 0.2755769 0.4274350 0.0634963 0.0622408
21 0.2755769 0.4280113 0.0268638 0.0172891
22 0.4123383 0.4280113 0.0268639 0.0172891
29 0.4794978 0.4280113 0.0268639 0.0172891
12 0.2755769 0.4902521 0.0268638 0.0172891
9 0.4123383 0.4902521 0.0268639 0.0172891
10 0.4794978 0.4902521 0.0268639 0.0172891
19 0.6174802 0.4902521 0.0268638 0.0172891
11 0.3439576 0.5524929 0.0268639 0.0172891
17 0.4123383 0.5524929 0.0268639 0.0172891
