23 0.4075725 0.7190908 0.0268636 0.0174998
20 0.4759525 0.7190908 0.0268636 0.0174998
32 0.2726440 0.5353427 0.4945343 0.4479955
33 0.2714229 0.3416779 0.4481336 0.0163332
30 0.0656722 0.4040940 0.0268636 0.0174998
4 0.2024323 0.4040940 0.0268636 0.0174998
27 0.2695913 0.4040940 0.0268636 0.0174998
10 0.3391924 0.4040940 0.0268636 0.0174998
15 0.4075725 0.4040940 0.0268636 0.0174998
26 0.4759525 0.4040940 0.0268636 0.0174998
34 0.0656722 0.4665100 0.0634958 0.0629994
13 0.0656722 0.4670933 0.0268636 0.0174998
18 0.3391924 0.4670933 0.0268636 0.0174998
5 0.4075725 0.4670933 0.0268636 0.0174998
14 0.2695913 0.5300927 0.0268636 0.0174999
11 0.3391924 0.5300927 0.0268636 0.0174999
21 0.2024323 0.5930920 0.0268636 0.0174998
8 0.3391924 0.5930920 0.0268636 0.0174998
19 0.4759525 0.5930920 0.0268636 0.0174998
6 0.0656722 0.6560914 0.0268636 0.0174999
3 0.1340523 0.6560914 0.0268636 0.0174999
16 0.2024323 0.6560914 0.0268636 0.0174999
25 0.3391924 0.6560914 0.0268636 0.0174999
9 0.2024323 0.7190908 0.0268636 0.0174998
