8 0.2233426 0.7212548 0.0277914 0.0174174
15 0.3635631 0.7212548 0.0277914 0.0174174
32 0.3667212 0.5383720 0.5116150 0.4458857
33 0.3654579 0.3456194 0.4636116 0.0162562
27 0.3635631 0.4077415 0.0277914 0.0174174
4 0.1526008 0.4704441 0.0277914 0.0174174
2 0.2233426 0.4704441 0.0277914 0.0174174
24 0.2940845 0.4704441 0.0277914 0.0174174
26 0.3635631 0.4704441 0.0277914 0.0174174
30 0.4355682 0.4704441 0.0277914 0.0174174
17 0.2233426 0.5331468 0.0277914 0.0174175
16 0.2940845 0.5331468 0.0277914 0.0174175
3 0.3635631 0.5331468 0.0277914 0.0174175
12 0.4355682 0.5331468 0.0277914 0.0174175
7 0.1526008 0.5958495 0.0277914 0.0174174
34 0.2940845 0.5952689 0.0656889 0.0627026
28 0.2940845 0.5958495 0.0277914 0.0174174
9 0.3635631 0.5958495 0.0277914 0.0174174
19 0.4355682 0.5958495 0.0277914 0.0174174
31 0.5063100 0.5958495 0.0277914 0.0174174
29 0.1526008 0.6585522 0.0277914 0.0174174
18 0.4355682 0.6585522 0.0277914 0.0174174
14 0.5770518 0.6585522 0.0277914 0.0174174
5 0.1526008 0.7212548 0.0277914 0.0174174
