23 0.3950970 0.6155237 0.0269414 0.0171496
13 0.6020560 0.6155237 0.0269414 0.0171496
32 0.3981585 0.4354529 0.4959668 0.4390299
33 0.3969339 0.2456639 0.4494317 0.0160063
10 0.2591653 0.3068309 0.0269414 0.0171496
21 0.3277435 0.3068309 0.0269414 0.0171496
7 0.4648997 0.3068309 0.0269414 0.0171496
18 0.6020560 0.3068309 0.0269414 0.0171496
29 0.1905872 0.3685694 0.0269414 0.0171496
16 0.3277435 0.3685694 0.0269414 0.0171496
22 0.3950970 0.3685694 0.0269414 0.0171496
1 0.4648997 0.3685694 0.0269414 0.0171496
11 0.2591653 0.4303080 0.0269414 0.0171496
34 0.3277435 0.4297363 0.0636797 0.0617386
24 0.3277435 0.4303080 0.0269414 0.0171496
31 0.3950970 0.4303080 0.0269414 0.0171496
19 0.4648997 0.4303080 0.0269414 0.0171496
14 0.5334778 0.4303080 0.0269414 0.0171496
26 0.1905872 0.4920466 0.0269414 0.0171497
15 0.2591653 0.4920466 0.0269414 0.0171497
25 0.5334778 0.4920466 0.0269414 0.0171497
17 0.2591653 0.5537852 0.0269414 0.0171496
3 0.4648997 0.5537852 0.0269414 0.0171496
20 0.1905872 0.6155237 0.0269414 0.0171496
