23 0.5827342 0.5948050 0.0263455 0.0163475
1 0.7180540 0.5948050 0.0263455 0.0163475
32 0.5857280 0.4231568 0.4849960 0.4184946
33 0.5845305 0.2422451 0.4394901 0.0152576
24 0.5168706 0.3005510 0.0263455 0.0163475
20 0.5827342 0.3005510 0.0263455 0.0163475
29 0.6509929 0.3005510 0.0263455 0.0163475
12 0.7180540 0.3005510 0.0263455 0.0163475
4 0.7851152 0.3005510 0.0263455 0.0163475
2 0.4498094 0.4182526 0.0263455 0.0163475
15 0.5168706 0.4182526 0.0263455 0.0163475
16 0.5827342 0.4182526 0.0263455 0.0163475
14 0.6509929 0.4182526 0.0263455 0.0163475
10 0.7180540 0.4182526 0.0263455 0.0163475
5 0.7851152 0.4182526 0.0263455 0.0163475
19 0.3827483 0.4771034 0.0263455 0.0163475
21 0.4498094 0.4771034 0.0263455 0.0163475
17 0.5827342 0.4771034 0.0263455 0.0163475
6 0.7180540 0.4771034 0.0263455 0.0163475
7 0.5827342 0.5359542 0.0263455 0.0163474
25 0.3827483 0.5948050 0.0263455 0.0163475
34 0.4492107 0.5942601 0.0610736 0.0588508
16 0.4498094 0.5948050 0.0263455 0.0163475
13 0.5168706 0.5948050 0.0263455 0.0163475
