6 0.4921741 0.6882426 0.0281152 0.0162783
1 0.7784386 0.6882426 0.0281152 0.0162783
32 0.5656571 0.5173200 0.5175764 0.4167255
33 0.5643792 0.3371731 0.4690137 0.0151931
34 0.4199689 0.3946898 0.0651763 0.0586020
27 0.4206079 0.3952325 0.0281153 0.0162783
27 0.5624622 0.3952325 0.0281153 0.0162783
29 0.6353063 0.3952325 0.0281152 0.0162783
22 0.7784386 0.3952325 0.0281152 0.0162783
16 0.3490418 0.4538345 0.0281153 0.0162783
23 0.4921741 0.4538345 0.0281152 0.0162783
17 0.7784386 0.4538345 0.0281152 0.0162783
30 0.4921741 0.5124365 0.0281152 0.0162783
4 0.6353063 0.5124365 0.0281152 0.0162783
12 0.7068724 0.5124365 0.0281152 0.0162783
11 0.7784386 0.5124365 0.0281152 0.0162783
5 0.3490418 0.5710385 0.0281153 0.0162783
10 0.7784386 0.5710385 0.0281152 0.0162783
3 0.3490418 0.6296406 0.0281153 0.0162783
8 0.4206079 0.6296406 0.0281153 0.0162783
7 0.4921741 0.6296406 0.0281152 0.0162783
13 0.5624622 0.6296406 0.0281153 0.0162783
19 0.6353063 0.6296406 0.0281152 0.0162783
24 0.3490418 0.6882426 0.0281153 0.0162783
