3 0.6121240 0.6262958 0.0271754 0.0171255
24 0.6825332 0.6262958 0.0271754 0.0171255
32 0.6152122 0.4464781 0.5002756 0.4384126
33 0.6139769 0.2569560 0.4533362 0.0159838
2 0.4058376 0.3180369 0.0271754 0.0171255
7 0.5441854 0.3180369 0.0271755 0.0171255
14 0.6121240 0.3180369 0.0271754 0.0171255
22 0.7517071 0.3180369 0.0271754 0.0171255
20 0.8208810 0.3180369 0.0271755 0.0171255
19 0.5441854 0.3796887 0.0271755 0.0171254
31 0.8208810 0.3796887 0.0271755 0.0171254
5 0.4058376 0.4413405 0.0271754 0.0171255
6 0.6825332 0.4413405 0.0271754 0.0171255
13 0.7517071 0.4413405 0.0271754 0.0171255
23 0.8208810 0.4413405 0.0271755 0.0171255
15 0.4750114 0.5029922 0.0271755 0.0171254
4 0.6825332 0.5029922 0.0271754 0.0171254
34 0.7510895 0.5024214 0.0629977 0.0616517
16 0.7517071 0.5029922 0.0271754 0.0171254
30 0.8208810 0.5029922 0.0271755 0.0171254
12 0.5441854 0.5646440 0.0271755 0.0171255
11 0.6825332 0.5646440 0.0271754 0.0171255
25 0.8208810 0.5646440 0.0271755 0.0171255
17 0.4058376 0.6262958 0.0271754 0.0171255
