10 0.3745440 0.6077374 0.0274461 0.0171082
13 0.5142699 0.6077374 0.0274462 0.0171082
32 0.4462783 0.4281014 0.5052589 0.4379694
33 0.4450307 0.2387709 0.4578518 0.0159676
23 0.3745440 0.2997901 0.0274461 0.0171082
1 0.5142699 0.2997901 0.0274462 0.0171082
20 0.6539957 0.2997901 0.0274461 0.0171082
15 0.2348181 0.3613795 0.0274462 0.0171082
14 0.3046810 0.3613795 0.0274462 0.0171082
12 0.4431594 0.3613795 0.0274462 0.0171082
6 0.5841328 0.3613795 0.0274462 0.0171082
8 0.6539957 0.3613795 0.0274461 0.0171082
25 0.3745440 0.4229690 0.0274461 0.0171082
27 0.5841328 0.4229690 0.0274462 0.0171082
16 0.3745440 0.4845584 0.0274461 0.0171082
34 0.5835091 0.4839881 0.0636252 0.0615894
15 0.5841328 0.4845584 0.0274462 0.0171082
17 0.6539957 0.4845584 0.0274461 0.0171082
9 0.2348181 0.5461479 0.0274462 0.0171082
4 0.3046810 0.5461479 0.0274462 0.0171082
26 0.3745440 0.5461479 0.0274461 0.0171082
7 0.5841328 0.5461479 0.0274462 0.0171082
11 0.6539957 0.5461479 0.0274461 0.0171082
18 0.2348181 0.6077374 0.0274462 0.0171082
