4 0.5520433 0.6749264 0.0286391 0.0174032
25 0.6249427 0.6749264 0.0286391 0.0174032
32 0.4081972 0.4921926 0.5272188 0.4455222
33 0.4068954 0.2995971 0.4777513 0.0162430
21 0.1875463 0.3616685 0.0286390 0.0174032
12 0.2604457 0.3616685 0.0286390 0.0174032
22 0.5520433 0.3616685 0.0286391 0.0174032
8 0.6249427 0.3616685 0.0286391 0.0174032
5 0.5520433 0.4243201 0.0286391 0.0174032
1 0.1875463 0.4869716 0.0286390 0.0174032
6 0.2604457 0.4869716 0.0286390 0.0174032
34 0.3333451 0.4863915 0.0676923 0.0626516
11 0.3333451 0.4869716 0.0286391 0.0174032
10 0.4049427 0.4869716 0.0286391 0.0174032
31 0.6249427 0.4869716 0.0286391 0.0174032
24 0.1875463 0.5496232 0.0286390 0.0174032
23 0.3333451 0.5496232 0.0286391 0.0174032
19 0.4791439 0.5496232 0.0286390 0.0174032
7 0.5520433 0.5496232 0.0286391 0.0174032
2 0.4791439 0.6122747 0.0286390 0.0174032
29 0.1875463 0.6749264 0.0286390 0.0174032
30 0.2604457 0.6749264 0.0286390 0.0174032
26 0.4049427 0.6749264 0.0286391 0.0174032
15 0.4791439 0.6749264 0.0286390 0.0174032
