21 0.3677199 0.6009100 0.0280827 0.0160653
26 0.4392030 0.6009100 0.0280827 0.0160653
32 0.2981516 0.4322247 0.5169760 0.4112709
33 0.2968751 0.2544357 0.4684696 0.0149942
16 0.1532706 0.3117352 0.0280826 0.0160653
2 0.2949603 0.3117352 0.0280826 0.0160653
20 0.3677199 0.3117352 0.0280827 0.0160653
9 0.4392030 0.3117352 0.0280827 0.0160653
8 0.5106861 0.3117352 0.0280826 0.0160653
29 0.3677199 0.3695701 0.0280827 0.0160653
10 0.1532706 0.4274051 0.0280826 0.0160653
18 0.3677199 0.4274051 0.0280827 0.0160653
6 0.5106861 0.4274051 0.0280826 0.0160653
15 0.0817875 0.4852401 0.0280826 0.0160653
25 0.2247537 0.4852401 0.0280827 0.0160653
34 0.3670817 0.4847046 0.0676537 0.0578349
16 0.3677199 0.4852401 0.0280827 0.0160653
19 0.0817875 0.5430750 0.0280826 0.0160653
14 0.1532706 0.5430750 0.0280826 0.0160653
23 0.2949603 0.5430750 0.0280826 0.0160653
22 0.5106861 0.5430750 0.0280826 0.0160653
13 0.1532706 0.6009100 0.0280826 0.0160653
30 0.2247537 0.6009100 0.0280827 0.0160653
5 0.2949603 0.6009100 0.0280826 0.0160653
