30 0.6892249 0.5292097 0.0261858 0.0174311
7 0.7558796 0.5292097 0.0261858 0.0174311
32 0.6243556 0.3461829 0.4820560 0.4462367
33 0.6231654 0.1532786 0.4368260 0.0162690
11 0.4892609 0.2154495 0.0261858 0.0174311
15 0.5559156 0.2154495 0.0261858 0.0174311
21 0.6892249 0.2154495 0.0261858 0.0174311
31 0.8225343 0.2154495 0.0261858 0.0174311
8 0.4226063 0.2782016 0.0261858 0.0174311
3 0.4892609 0.2782016 0.0261858 0.0174311
9 0.5559156 0.2782016 0.0261858 0.0174311
1 0.6892249 0.2782016 0.0261858 0.0174311
2 0.8225343 0.2782016 0.0261858 0.0174311
14 0.4226063 0.3409536 0.0261858 0.0174312
23 0.5559156 0.3409536 0.0261858 0.0174312
12 0.6213800 0.3409536 0.0261858 0.0174312
10 0.6213800 0.4037056 0.0261858 0.0174311
26 0.7558796 0.4037056 0.0261858 0.0174311
19 0.8225343 0.4037056 0.0261858 0.0174311
4 0.4892609 0.4664577 0.0261858 0.0174311
34 0.7552844 0.4658766 0.0607034 0.0627521
1 0.7558796 0.4664577 0.0261858 0.0174311
13 0.8225343 0.4664577 0.0261858 0.0174311
20 0.5559156 0.5292097 0.0261858 0.0174311
