19 0.5230172 0.7483725 0.0265804 0.0159391
20 0.5906763 0.7483725 0.0265804 0.0159391
32 0.3895114 0.5810118 0.4893201 0.4080412
33 0.3883032 0.4046190 0.4434087 0.0148765
5 0.3200400 0.4614685 0.0265803 0.0159391
10 0.4553582 0.4614685 0.0265804 0.0159391
29 0.5906763 0.4614685 0.0265804 0.0159391
17 0.1847218 0.5188494 0.0265804 0.0159391
4 0.2523809 0.5188494 0.0265804 0.0159391
30 0.3864909 0.5188494 0.0265804 0.0159391
7 0.4553582 0.5188494 0.0265804 0.0159391
11 0.5906763 0.5188494 0.0265804 0.0159391
2 0.2523809 0.5762301 0.0265804 0.0159390
18 0.4553582 0.5762301 0.0265804 0.0159390
14 0.5906763 0.5762301 0.0265804 0.0159390
12 0.2523809 0.6336110 0.0265804 0.0159391
24 0.5230172 0.6336110 0.0265804 0.0159391
21 0.1847218 0.6909918 0.0265804 0.0159391
34 0.2517768 0.6904604 0.0616181 0.0573808
19 0.2523809 0.6909918 0.0265804 0.0159391
16 0.3864909 0.6909918 0.0265804 0.0159391
27 0.4553582 0.6909918 0.0265804 0.0159391
25 0.5230172 0.6909918 0.0265804 0.0159391
31 0.1847218 0.7483725 0.0265804 0.0159391
