21 0.4252924 0.6639096 0.0262925 0.0163500
9 0.5591451 0.6639096 0.0262925 0.0163500
32 0.3601588 0.4922345 0.4840207 0.4185606
33 0.3589637 0.3112942 0.4386064 0.0152600
17 0.2245135 0.3696093 0.0262925 0.0163500
3 0.2914398 0.3696093 0.0262925 0.0163500
25 0.3571710 0.3696093 0.0262925 0.0163500
34 0.2239159 0.4279244 0.0609508 0.0588601
16 0.2245135 0.4284694 0.0262925 0.0163500
2 0.2914398 0.4284694 0.0262925 0.0163500
27 0.3571710 0.4284694 0.0262925 0.0163500
12 0.5591451 0.4284694 0.0262925 0.0163500
11 0.1575872 0.4873295 0.0262925 0.0163500
1 0.3571710 0.4873295 0.0262925 0.0163500
16 0.4922188 0.4873295 0.0262925 0.0163500
30 0.2245135 0.5461895 0.0262925 0.0163500
4 0.3571710 0.5461895 0.0262925 0.0163500
10 0.4922188 0.5461895 0.0262925 0.0163500
18 0.2245135 0.6050496 0.0262925 0.0163500
5 0.3571710 0.6050496 0.0262925 0.0163500
26 0.4922188 0.6050496 0.0262925 0.0163500
13 0.5591451 0.6050496 0.0262925 0.0163500
29 0.3571710 0.6639096 0.0262925 0.0163500
