5 0.5361318 0.6846628 0.0273723 0.0171821
16 0.6058069 0.6846628 0.0273724 0.0171821
32 0.3986480 0.5042507 0.5039000 0.4398619
33 0.3974038 0.3141021 0.4566206 0.0160366
29 0.1877565 0.3753850 0.0273723 0.0171821
21 0.6058069 0.3753850 0.0273724 0.0171821
12 0.1877565 0.4372405 0.0273723 0.0171821
2 0.3271066 0.4372405 0.0273724 0.0171821
10 0.3955375 0.4372405 0.0273723 0.0171821
25 0.4664568 0.4372405 0.0273723 0.0171821
9 0.2574316 0.4990961 0.0273724 0.0171821
17 0.3271066 0.4990961 0.0273724 0.0171821
30 0.4664568 0.4990961 0.0273723 0.0171821
22 0.6058069 0.4990961 0.0273724 0.0171821
20 0.2574316 0.5609517 0.0273724 0.0171821
13 0.3271066 0.6228072 0.0273724 0.0171821
4 0.3955375 0.6228072 0.0273723 0.0171821
7 0.4664568 0.6228072 0.0273723 0.0171821
23 0.6058069 0.6228072 0.0273724 0.0171821
34 0.1877565 0.6840901 0.0646983 0.0618556
17 0.1877565 0.6846628 0.0273723 0.0171821
26 0.2574316 0.6846628 0.0273724 0.0171821
6 0.3955375 0.6846628 0.0273723 0.0171821
