15 0.4874083 0.5574344 0.0269250 0.0160779
4 0.5559446 0.5574344 0.0269250 0.0160779
32 0.4207079 0.3886163 0.4956641 0.4115944
33 0.4194840 0.2106875 0.4491573 0.0150060
7 0.2132632 0.2680320 0.0269250 0.0160779
24 0.2817995 0.2680320 0.0269250 0.0160779
13 0.4874083 0.2680320 0.0269250 0.0160779
5 0.4874083 0.3259125 0.0269250 0.0160779
22 0.5559446 0.3259125 0.0269250 0.0160779
3 0.6244808 0.3259125 0.0269250 0.0160779
25 0.2132632 0.3837929 0.0269250 0.0160779
27 0.3503358 0.3837929 0.0269249 0.0160779
14 0.4176482 0.3837929 0.0269250 0.0160779
2 0.5559446 0.3837929 0.0269250 0.0160779
34 0.2132632 0.4411375 0.0636408 0.0578805
10 0.2132632 0.4416734 0.0269250 0.0160779
19 0.4874083 0.4416734 0.0269250 0.0160779
18 0.5559446 0.4416734 0.0269250 0.0160779
29 0.6244808 0.4416734 0.0269250 0.0160779
11 0.2132632 0.4995539 0.0269250 0.0160779
30 0.2817995 0.4995539 0.0269250 0.0160779
31 0.5559446 0.4995539 0.0269250 0.0160779
6 0.4176482 0.5574344 0.0269250 0.0160779
