3 0.4698348 0.6928063 0.0264273 0.0162252
14 0.6716437 0.6928063 0.0264273 0.0162252
32 0.5389063 0.5224412 0.4865033 0.4153662
33 0.5377050 0.3428818 0.4408561 0.0151436
31 0.3352956 0.4007519 0.0264273 0.0162252
26 0.4698348 0.4007519 0.0264273 0.0162252
5 0.3352956 0.4591627 0.0264273 0.0162252
11 0.6716437 0.4591627 0.0264273 0.0162252
4 0.4025652 0.5175736 0.0264273 0.0162252
19 0.4698348 0.5175736 0.0264273 0.0162252
8 0.6043740 0.5175736 0.0264273 0.0162252
6 0.3352956 0.5759844 0.0264273 0.0162252
15 0.6043740 0.5759844 0.0264273 0.0162252
29 0.6716437 0.5759844 0.0264273 0.0162252
34 0.7389133 0.5754437 0.0624646 0.0584108
13 0.7389133 0.5759844 0.0264273 0.0162252
16 0.3352956 0.6343953 0.0264273 0.0162252
10 0.4025652 0.6343953 0.0264273 0.0162252
17 0.4698348 0.6343953 0.0264273 0.0162252
22 0.5359032 0.6343953 0.0264274 0.0162252
25 0.6043740 0.6343953 0.0264273 0.0162252
20 0.6716437 0.6343953 0.0264273 0.0162252
2 0.4025652 0.6928063 0.0264273 0.0162252
