8 0.7772911 0.6911000 0.0278040 0.0166433
24 0.8480647 0.6911000 0.0278039 0.0166433
32 0.6376396 0.5163460 0.5118447 0.4260670
33 0.6363758 0.3321607 0.4638198 0.0155337
19 0.4941967 0.3915216 0.0278039 0.0166432
18 0.8480647 0.3915216 0.0278039 0.0166432
2 0.4941967 0.4514373 0.0278039 0.0166432
11 0.7065175 0.4514373 0.0278040 0.0166432
6 0.4234232 0.5113530 0.0278039 0.0166433
15 0.4941967 0.5113530 0.0278039 0.0166433
26 0.5649703 0.5113530 0.0278039 0.0166433
20 0.6344801 0.5113530 0.0278039 0.0166433
10 0.7772911 0.5113530 0.0278040 0.0166433
25 0.4941967 0.5712686 0.0278039 0.0166432
34 0.7058856 0.5707138 0.0669822 0.0599157
21 0.7065175 0.5712686 0.0278040 0.0166432
7 0.8480647 0.5712686 0.0278039 0.0166432
17 0.4234232 0.6311844 0.0278039 0.0166433
12 0.4941967 0.6311844 0.0278039 0.0166433
16 0.7065175 0.6311844 0.0278040 0.0166433
21 0.5649703 0.6911000 0.0278039 0.0166433
3 0.6344801 0.6911000 0.0278039 0.0166433
29 0.7065175 0.6911000 0.0278040 0.0166433
