19 0.4340929 0.8008487 0.0274957 0.0161787
25 0.6440597 0.8008487 0.0274956 0.0161787
32 0.5059565 0.6309717 0.5061699 0.4141760
33 0.5047067 0.4519269 0.4586774 0.0151002
17 0.5028320 0.5096311 0.0274957 0.0161788
18 0.5740707 0.5096311 0.0274957 0.0161788
1 0.6440597 0.5096311 0.0274956 0.0161788
13 0.2941150 0.5678746 0.0274957 0.0161787
11 0.3641040 0.5678746 0.0274957 0.0161787
6 0.4340929 0.5678746 0.0274957 0.0161787
31 0.5028320 0.5678746 0.0274957 0.0161787
22 0.6440597 0.5678746 0.0274956 0.0161787
34 0.7140486 0.5673353 0.0649897 0.0582435
11 0.7140486 0.5678746 0.0274957 0.0161787
4 0.5028320 0.6261182 0.0274957 0.0161787
20 0.5028320 0.6843616 0.0274957 0.0161787
21 0.5740707 0.6843616 0.0274957 0.0161787
8 0.6440597 0.6843616 0.0274956 0.0161787
12 0.2941150 0.7426051 0.0274957 0.0161788
23 0.3641040 0.7426051 0.0274957 0.0161788
27 0.4340929 0.7426051 0.0274957 0.0161788
10 0.5740707 0.7426051 0.0274957 0.0161788
5 0.6440597 0.7426051 0.0274956 0.0161788
