17 0.2483290 0.7751744 0.0264446 0.0171318
13 0.3144405 0.7751744 0.0264446 0.0171318
32 0.3174456 0.5952901 0.4868216 0.4385747
33 0.3162436 0.4056980 0.4411445 0.0159897
24 0.2483290 0.4668015 0.0264446 0.0171318
7 0.3829562 0.4668015 0.0264446 0.0171318
15 0.4502698 0.4668015 0.0264446 0.0171318
10 0.5175834 0.4668015 0.0264446 0.0171318
25 0.1137017 0.5284760 0.0264446 0.0171318
12 0.3144405 0.5284760 0.0264446 0.0171318
9 0.3829562 0.5284760 0.0264446 0.0171318
30 0.1137017 0.5901506 0.0264446 0.0171318
27 0.4502698 0.5901506 0.0264446 0.0171318
5 0.1810154 0.6518252 0.0264446 0.0171319
26 0.4502698 0.6518252 0.0264446 0.0171319
3 0.5175834 0.6518252 0.0264446 0.0171319
19 0.1810154 0.7134998 0.0264446 0.0171319
34 0.2483290 0.7129287 0.0625055 0.0616745
14 0.2483290 0.7134998 0.0264446 0.0171319
21 0.3829562 0.7134998 0.0264446 0.0171319
6 0.5175834 0.7134998 0.0264446 0.0171319
14 0.1137017 0.7751744 0.0264446 0.0171318
29 0.1810154 0.7751744 0.0264446 0.0171318
