18 0.5308005 0.6993936 0.0278077 0.0171302
6 0.1061019 0.7610621 0.0278076 0.0171301
32 0.3203471 0.5811955 0.5119135 0.4385317
33 0.3190832 0.3916220 0.4638821 0.0159881
4 0.1061019 0.4527195 0.0278076 0.0171301
23 0.1768850 0.4527195 0.0278077 0.0171301
1 0.3892342 0.4527195 0.0278077 0.0171301
27 0.4600174 0.4527195 0.0278076 0.0171301
17 0.1768850 0.5143880 0.0278077 0.0171302
12 0.3892342 0.5143880 0.0278077 0.0171302
30 0.4600174 0.5143880 0.0278076 0.0171302
16 0.5308005 0.5143880 0.0278077 0.0171302
29 0.1768850 0.5760565 0.0278077 0.0171301
26 0.4600174 0.5760565 0.0278076 0.0171301
34 0.2476681 0.6371540 0.0657272 0.0616685
3 0.2476681 0.6377250 0.0278076 0.0171301
13 0.3171872 0.6377250 0.0278076 0.0171301
19 0.3892342 0.6377250 0.0278077 0.0171301
22 0.4600174 0.6377250 0.0278076 0.0171301
2 0.5308005 0.6377250 0.0278077 0.0171301
24 0.1061019 0.6993936 0.0278076 0.0171302
8 0.1768850 0.6993936 0.0278077 0.0171302
3 0.3171872 0.6993936 0.0278076 0.0171302
