18 0.6865935 0.5965097 0.0271702 0.0165893
25 0.7557539 0.5965097 0.0271701 0.0165893
32 0.5501254 0.4223220 0.5001774 0.4246861
33 0.5488904 0.2387338 0.4532471 0.0154833
30 0.4099522 0.2979023 0.0271701 0.0165893
4 0.7557539 0.2979023 0.0271701 0.0165893
11 0.4099522 0.3576238 0.0271701 0.0165893
13 0.4791125 0.3576238 0.0271701 0.0165893
31 0.5470379 0.3576238 0.0271701 0.0165893
12 0.6174332 0.3576238 0.0271701 0.0165893
7 0.7557539 0.3576238 0.0271701 0.0165893
26 0.3407919 0.4173452 0.0271701 0.0165894
19 0.5470379 0.4173452 0.0271701 0.0165894
23 0.6174332 0.4173452 0.0271701 0.0165894
9 0.3407919 0.4770668 0.0271701 0.0165893
21 0.5470379 0.4770668 0.0271701 0.0165893
27 0.7557539 0.4770668 0.0271701 0.0165893
8 0.4099522 0.5367882 0.0271701 0.0165893
15 0.6865935 0.5367882 0.0271702 0.0165893
22 0.7557539 0.5367882 0.0271701 0.0165893
20 0.4099522 0.5965097 0.0271701 0.0165893
6 0.4791125 0.5965097 0.0271701 0.0165893
34 0.6859760 0.5959568 0.0629854 0.0597215
