11 0.4564482 0.7954897 0.0269294 0.0163057
18 0.5249957 0.7954897 0.0269294 0.0163057
32 0.5953793 0.6242786 0.4957451 0.4174292
33 0.5941552 0.4438274 0.4492308 0.0152188
8 0.3879007 0.5019849 0.0269294 0.0163058
19 0.5923191 0.5019849 0.0269294 0.0163058
22 0.6620906 0.5019849 0.0269293 0.0163058
23 0.7306381 0.5019849 0.0269293 0.0163058
25 0.3879007 0.5606858 0.0269294 0.0163058
1 0.4564482 0.5606858 0.0269294 0.0163058
10 0.5249957 0.5606858 0.0269294 0.0163058
21 0.5923191 0.5606858 0.0269294 0.0163058
14 0.7306381 0.5606858 0.0269293 0.0163058
6 0.7991856 0.5606858 0.0269294 0.0163058
20 0.4564482 0.6193868 0.0269294 0.0163059
31 0.5249957 0.6193868 0.0269294 0.0163059
26 0.6620906 0.6193868 0.0269293 0.0163059
12 0.7991856 0.6780878 0.0269294 0.0163057
13 0.5923191 0.7367887 0.0269294 0.0163059
34 0.6614786 0.7362452 0.0648753 0.0587010
24 0.6620906 0.7367887 0.0269293 0.0163059
29 0.7991856 0.7367887 0.0269294 0.0163059
16 0.3879007 0.7954897 0.0269294 0.0163057
