26 0.3278859 0.5786940 0.0269867 0.0161431
31 0.4664993 0.5786940 0.0269867 0.0161431
32 0.3309525 0.4091915 0.4968003 0.4132631
33 0.3297259 0.2305413 0.4501870 0.0150669
20 0.1917258 0.2881183 0.0269867 0.0161431
16 0.1917258 0.3462335 0.0269867 0.0161431
30 0.3278859 0.3462335 0.0269867 0.0161431
6 0.5351927 0.3462335 0.0269867 0.0161431
34 0.2604192 0.4038105 0.0637867 0.0581151
12 0.2604192 0.4043486 0.0269867 0.0161431
5 0.3278859 0.4043486 0.0269867 0.0161431
12 0.3978059 0.4043486 0.0269867 0.0161431
9 0.5351927 0.4043486 0.0269867 0.0161431
24 0.1230324 0.4624637 0.0269867 0.0161431
27 0.1917258 0.4624637 0.0269867 0.0161431
11 0.3978059 0.4624637 0.0269867 0.0161431
21 0.4664993 0.4624637 0.0269867 0.0161431
3 0.5351927 0.4624637 0.0269867 0.0161431
25 0.1230324 0.5205789 0.0269867 0.0161431
23 0.1917258 0.5205789 0.0269867 0.0161431
18 0.3278859 0.5205789 0.0269867 0.0161431
22 0.5351927 0.5205789 0.0269867 0.0161431
13 0.1917258 0.5786940 0.0269867 0.0161431
