23 0.7133559 0.7986332 0.0286375 0.0170137
20 0.8591470 0.7986332 0.0286375 0.0170137
32 0.6424129 0.6199898 0.5271909 0.4355499
33 0.6411111 0.4317052 0.4777261 0.0158794
19 0.4217738 0.4923873 0.0286375 0.0170137
7 0.7133559 0.4923873 0.0286375 0.0170137
29 0.7862514 0.4923873 0.0286375 0.0170137
6 0.8591470 0.4923873 0.0286375 0.0170137
13 0.4217738 0.5536364 0.0286375 0.0170137
15 0.4946693 0.5536364 0.0286375 0.0170137
17 0.6391586 0.5536364 0.0286375 0.0170137
30 0.7862514 0.5536364 0.0286375 0.0170137
31 0.4946693 0.6148857 0.0286375 0.0170136
16 0.6391586 0.6148857 0.0286375 0.0170136
8 0.4217738 0.6761348 0.0286375 0.0170136
21 0.4946693 0.6761348 0.0286375 0.0170136
22 0.5675648 0.6761348 0.0286375 0.0170136
18 0.7862514 0.6761348 0.0286375 0.0170136
34 0.4217738 0.7368169 0.0676887 0.0612492
8 0.4217738 0.7373840 0.0286375 0.0170137
11 0.5675648 0.7373840 0.0286375 0.0170137
12 0.8591470 0.7373840 0.0286375 0.0170137
2 0.4946693 0.7986332 0.0286375 0.0170137
