30 0.5619306 0.5391449 0.0281517 0.0165349
7 0.7781863 0.5391449 0.0281516 0.0165349
32 0.5651297 0.3655281 0.5182461 0.4232942
33 0.5638500 0.1825416 0.4696205 0.0154326
30 0.3482341 0.2415161 0.0281517 0.0165349
24 0.5619306 0.2415161 0.0281517 0.0165349
5 0.6348690 0.2415161 0.0281516 0.0165349
17 0.7781863 0.2415161 0.0281516 0.0165349
15 0.3482341 0.3010419 0.0281517 0.0165349
8 0.4915515 0.3010419 0.0281516 0.0165349
13 0.5619306 0.3010419 0.0281517 0.0165349
12 0.6348690 0.3010419 0.0281516 0.0165349
16 0.7781863 0.3605676 0.0281516 0.0165350
31 0.5619306 0.4200934 0.0281517 0.0165350
29 0.7065277 0.4200934 0.0281516 0.0165350
9 0.3482341 0.4796191 0.0281517 0.0165349
27 0.4198928 0.4796191 0.0281517 0.0165349
14 0.4915515 0.4796191 0.0281516 0.0165349
26 0.5619306 0.4796191 0.0281517 0.0165349
6 0.6348690 0.4796191 0.0281516 0.0165349
22 0.3482341 0.5391449 0.0281517 0.0165349
23 0.4915515 0.5391449 0.0281516 0.0165349
34 0.5619306 0.5385937 0.0665402 0.0595258
