34 0.7510016 0.7669971 0.0636767 0.0620070
4 0.7510016 0.7675712 0.0269402 0.0172242
32 0.5471136 0.5867175 0.4959436 0.4409387
33 0.5458891 0.3961033 0.4494106 0.0160759
7 0.3395520 0.4575362 0.0269402 0.0172242
3 0.4767019 0.4575362 0.0269402 0.0172242
16 0.6824267 0.4575362 0.0269402 0.0172242
11 0.7510016 0.4575362 0.0269402 0.0172242
26 0.6138518 0.5195432 0.0269402 0.0172241
19 0.6824267 0.5195432 0.0269402 0.0172241
25 0.7510016 0.5195432 0.0269402 0.0172241
15 0.4767019 0.5815502 0.0269402 0.0172242
29 0.5440523 0.5815502 0.0269402 0.0172242
8 0.6824267 0.5815502 0.0269402 0.0172242
21 0.7510016 0.5815502 0.0269402 0.0172242
27 0.3395520 0.6435572 0.0269402 0.0172241
2 0.4081270 0.6435572 0.0269402 0.0172241
17 0.5440523 0.6435572 0.0269402 0.0172241
20 0.6138518 0.6435572 0.0269402 0.0172241
13 0.4081270 0.7055642 0.0269402 0.0172242
1 0.6824267 0.7055642 0.0269402 0.0172242
6 0.4767019 0.7675712 0.0269402 0.0172242
14 0.6824267 0.7675712 0.0269402 0.0172242
