8 0.6298135 0.6939722 0.0277897 0.0161885
5 0.7018138 0.6939722 0.0277896 0.0161885
32 0.6329714 0.5239926 0.5115816 0.4144263
33 0.6317082 0.3448395 0.4635812 0.0151093
21 0.5603394 0.4025787 0.0277896 0.0161885
13 0.7018138 0.4025787 0.0277896 0.0161885
16 0.4188651 0.4608573 0.0277896 0.0161885
24 0.4896023 0.4608573 0.0277896 0.0161885
15 0.8432883 0.4608573 0.0277896 0.0161885
12 0.6298135 0.5191360 0.0277897 0.0161885
11 0.7018138 0.5191360 0.0277896 0.0161885
4 0.7725510 0.5191360 0.0277896 0.0161885
18 0.4188651 0.5774148 0.0277896 0.0161886
2 0.5603394 0.5774148 0.0277896 0.0161886
25 0.8432883 0.5774148 0.0277896 0.0161886
14 0.4188651 0.6356934 0.0277896 0.0161886
29 0.4896023 0.6356934 0.0277896 0.0161886
34 0.5603394 0.6351538 0.0656845 0.0582787
9 0.5603394 0.6356934 0.0277896 0.0161886
20 0.6298135 0.6356934 0.0277897 0.0161886
26 0.7725510 0.6356934 0.0277896 0.0161886
7 0.8432883 0.6356934 0.0277896 0.0161886
31 0.4188651 0.6939722 0.0277896 0.0161885
