28 0.5899819 0.5833119 0.0279519 0.0166500
15 0.6611322 0.5833119 0.0279519 0.0166500
32 0.4495870 0.4084866 0.5145695 0.4262407
33 0.4483164 0.2242263 0.4662889 0.0155400
1 0.3053805 0.2836114 0.0279519 0.0166500
27 0.5188316 0.2836114 0.0279519 0.0166500
14 0.5899819 0.2836114 0.0279519 0.0166500
29 0.6611322 0.2836114 0.0279519 0.0166500
20 0.2342301 0.3435515 0.0279519 0.0166500
22 0.4464106 0.3435515 0.0279519 0.0166500
30 0.4464106 0.4034916 0.0279519 0.0166501
16 0.5188316 0.4034916 0.0279519 0.0166501
10 0.2342301 0.4634317 0.0279519 0.0166501
17 0.4464106 0.4634317 0.0279519 0.0166501
26 0.5188316 0.4634317 0.0279519 0.0166501
31 0.5899819 0.4634317 0.0279519 0.0166501
21 0.2342301 0.5233718 0.0279519 0.0166501
18 0.3053805 0.5233718 0.0279519 0.0166501
4 0.5899819 0.5233718 0.0279519 0.0166501
11 0.2342301 0.5833119 0.0279519 0.0166500
19 0.4464106 0.5833119 0.0279519 0.0166500
8 0.5188316 0.5833119 0.0279519 0.0166500
34 0.5893466 0.5827569 0.0647977 0.0599401
