7 0.3529932 0.7112246 0.0280222 0.0169328
25 0.4243224 0.7112246 0.0280222 0.0169328
32 0.2835746 0.5334307 0.5158628 0.4334785
33 0.2823009 0.3460415 0.4674609 0.0158039
34 0.1383687 0.4058706 0.0649605 0.0609579
26 0.1390056 0.4064350 0.0280222 0.0169327
26 0.2103348 0.4064350 0.0280222 0.0169327
21 0.3529932 0.4064350 0.0280222 0.0169327
1 0.4243224 0.4064350 0.0280222 0.0169327
9 0.0676764 0.4673930 0.0280222 0.0169327
22 0.1390056 0.4673930 0.0280222 0.0169327
18 0.2103348 0.4673930 0.0280222 0.0169327
13 0.2103348 0.5283509 0.0280222 0.0169327
12 0.2803902 0.5283509 0.0280222 0.0169327
4 0.3529932 0.5283509 0.0280222 0.0169327
23 0.4243224 0.5283509 0.0280222 0.0169327
17 0.0676764 0.5893088 0.0280222 0.0169327
27 0.2103348 0.5893088 0.0280222 0.0169327
31 0.2803902 0.5893088 0.0280222 0.0169327
11 0.0676764 0.6502667 0.0280222 0.0169328
3 0.2103348 0.6502667 0.0280222 0.0169328
20 0.4956516 0.6502667 0.0280222 0.0169328
2 0.2803902 0.7112246 0.0280222 0.0169328
