23 0.5294003 0.7594164 0.0279318 0.0159406
27 0.6004995 0.7594164 0.0279318 0.0159406
32 0.4602055 0.5920407 0.5141997 0.4080779
33 0.4589358 0.4156321 0.4659538 0.0148778
26 0.3161026 0.4724867 0.0279318 0.0159406
16 0.4570314 0.4724867 0.0279318 0.0159406
8 0.5294003 0.4724867 0.0279318 0.0159406
4 0.6715987 0.4724867 0.0279318 0.0159406
34 0.2450034 0.5293413 0.0660207 0.0573859
25 0.2450034 0.5298726 0.0279318 0.0159405
3 0.3872018 0.5298726 0.0279318 0.0159405
15 0.4570314 0.5298726 0.0279318 0.0159405
9 0.5294003 0.5298726 0.0279318 0.0159405
31 0.6715987 0.5298726 0.0279318 0.0159405
14 0.6004995 0.5872586 0.0279318 0.0159405
25 0.3161026 0.6446445 0.0279318 0.0159405
20 0.5294003 0.6446445 0.0279318 0.0159405
12 0.6004995 0.6446445 0.0279318 0.0159405
10 0.2450034 0.7020305 0.0279318 0.0159406
1 0.3161026 0.7020305 0.0279318 0.0159406
21 0.3872018 0.7020305 0.0279318 0.0159406
6 0.4570314 0.7020305 0.0279318 0.0159406
7 0.3161026 0.7594164 0.0279318 0.0159406
