26 0.8338339 0.6500703 0.0287662 0.0167085
23 0.6873879 0.7102208 0.0287662 0.0167085
32 0.6161263 0.5347815 0.5295593 0.4277378
33 0.6148186 0.3498740 0.4798722 0.0155946
20 0.6128574 0.4094677 0.0287662 0.0167085
3 0.6873879 0.4094677 0.0287662 0.0167085
11 0.8338339 0.4094677 0.0287662 0.0167085
5 0.3944958 0.4696183 0.0287662 0.0167085
13 0.6128574 0.4696183 0.0287662 0.0167085
34 0.7599571 0.4690613 0.0666853 0.0601507
21 0.7606110 0.4696183 0.0287662 0.0167085
22 0.8338339 0.4696183 0.0287662 0.0167085
27 0.4677189 0.5297689 0.0287662 0.0167085
24 0.5409419 0.5297689 0.0287662 0.0167085
9 0.6128574 0.5297689 0.0287662 0.0167085
30 0.7606110 0.5297689 0.0287662 0.0167085
12 0.4677189 0.5899196 0.0287662 0.0167085
25 0.6873879 0.5899196 0.0287662 0.0167085
17 0.7606110 0.5899196 0.0287662 0.0167085
1 0.3944958 0.6500703 0.0287662 0.0167085
4 0.6128574 0.6500703 0.0287662 0.0167085
2 0.6873879 0.6500703 0.0287662 0.0167085
29 0.7606110 0.6500703 0.0287662 0.0167085
