12 0.5375716 0.7918907 0.0271405 0.0159785
31 0.6066566 0.7918907 0.0271405 0.0159785
32 0.4012522 0.6241171 0.4996325 0.4090480
33 0.4000185 0.4472891 0.4527534 0.0149132
10 0.1921467 0.5042788 0.0271405 0.0159784
6 0.2612317 0.5042788 0.0271405 0.0159784
23 0.4684867 0.5042788 0.0271405 0.0159784
13 0.2612317 0.5618012 0.0271405 0.0159785
27 0.3981680 0.5618012 0.0271405 0.0159785
25 0.4684867 0.5618012 0.0271405 0.0159785
18 0.1921467 0.6193236 0.0271405 0.0159784
26 0.3303167 0.6193236 0.0271405 0.0159784
29 0.3981680 0.6193236 0.0271405 0.0159784
30 0.6066566 0.6193236 0.0271405 0.0159784
5 0.1921467 0.6768460 0.0271405 0.0159784
11 0.3303167 0.6768460 0.0271405 0.0159784
24 0.4684867 0.6768460 0.0271405 0.0159784
21 0.6066566 0.6768460 0.0271405 0.0159784
20 0.2612317 0.7343684 0.0271405 0.0159784
34 0.3303167 0.7338357 0.0641504 0.0575224
11 0.3303167 0.7343684 0.0271405 0.0159784
8 0.1921467 0.7918907 0.0271405 0.0159785
3 0.2612317 0.7918907 0.0271405 0.0159785
