23 0.6886623 0.7813292 0.0283372 0.0166900
12 0.7607935 0.7813292 0.0283372 0.0166900
32 0.5463322 0.6060849 0.5216623 0.4272625
33 0.5450442 0.4213829 0.4727162 0.0155773
34 0.3280069 0.4803540 0.0669789 0.0600838
4 0.3280069 0.4809103 0.0283372 0.0166899
16 0.3280069 0.5409941 0.0283372 0.0166900
8 0.4001380 0.5409941 0.0283372 0.0166900
19 0.5431121 0.5409941 0.0283372 0.0166900
14 0.6886623 0.5409941 0.0283372 0.0166900
29 0.4001380 0.6010779 0.0283372 0.0166900
17 0.6165313 0.6010779 0.0283372 0.0166900
31 0.7607935 0.6010779 0.0283372 0.0166900
10 0.3280069 0.6611617 0.0283372 0.0166900
3 0.4722691 0.6611617 0.0283372 0.0166900
6 0.6886623 0.6611617 0.0283372 0.0166900
24 0.3280069 0.7212455 0.0283372 0.0166899
9 0.5431121 0.7212455 0.0283372 0.0166899
11 0.6165313 0.7212455 0.0283372 0.0166899
7 0.7607935 0.7212455 0.0283372 0.0166899
25 0.3280069 0.7813292 0.0283372 0.0166900
4 0.5431121 0.7813292 0.0283372 0.0166900
26 0.6165313 0.7813292 0.0283372 0.0166900
