2 0.3419869 0.4613133 0.0287057 0.0170767
16 0.4163607 0.4613133 0.0287057 0.0170767
32 0.3452489 0.3434840 0.5284454 0.4371640
33 0.3439441 0.1545016 0.4788628 0.0159383
17 0.1971537 0.2154085 0.0287057 0.0170767
34 0.5624986 0.2148393 0.0678498 0.0614762
8 0.5624986 0.2154085 0.0287057 0.0170767
4 0.2702227 0.2768847 0.0287057 0.0170768
23 0.3419869 0.2768847 0.0287057 0.0170768
30 0.5624986 0.2768847 0.0287057 0.0170768
6 0.1240847 0.3383609 0.0287057 0.0170767
11 0.2702227 0.3383609 0.0287057 0.0170767
24 0.3419869 0.3383609 0.0287057 0.0170767
13 0.4163607 0.3383609 0.0287057 0.0170767
29 0.4894296 0.3383609 0.0287057 0.0170767
5 0.5624986 0.3383609 0.0287057 0.0170767
10 0.1240847 0.3998371 0.0287057 0.0170768
12 0.1971537 0.3998371 0.0287057 0.0170768
3 0.4163607 0.3998371 0.0287057 0.0170768
26 0.4894296 0.3998371 0.0287057 0.0170768
15 0.1240847 0.4613133 0.0287057 0.0170767
18 0.1971537 0.4613133 0.0287057 0.0170767
20 0.2702227 0.4613133 0.0287057 0.0170767
