9 0.3428324 0.5570153 0.0265149 0.0170482
23 0.4778173 0.5570153 0.0265149 0.0170482
32 0.2771478 0.3780087 0.4881152 0.4364353
33 0.2759425 0.1893414 0.4423167 0.0159117
7 0.1403550 0.2501468 0.0265149 0.0170483
11 0.1403550 0.3115205 0.0265149 0.0170483
31 0.2741347 0.3115205 0.0265149 0.0170483
26 0.3428324 0.3115205 0.0265149 0.0170483
21 0.4103249 0.3115205 0.0265149 0.0170483
29 0.4778173 0.3115205 0.0265149 0.0170483
27 0.0728625 0.3728942 0.0265149 0.0170483
6 0.1403550 0.3728942 0.0265149 0.0170483
30 0.3428324 0.3728942 0.0265149 0.0170483
24 0.1403550 0.4342679 0.0265149 0.0170482
22 0.2741347 0.4342679 0.0265149 0.0170482
12 0.3428324 0.4342679 0.0265149 0.0170482
3 0.4103249 0.4342679 0.0265149 0.0170482
13 0.4778173 0.4342679 0.0265149 0.0170482
5 0.1403550 0.4956416 0.0265149 0.0170482
34 0.3422298 0.4950733 0.0638768 0.0613738
26 0.3428324 0.4956416 0.0265149 0.0170482
19 0.4778173 0.4956416 0.0265149 0.0170482
2 0.2741347 0.5570153 0.0265149 0.0170482
