5 0.5356898 0.6476466 0.0269899 0.0166841
31 0.6730930 0.6476466 0.0269899 0.0166841
32 0.4688284 0.4724636 0.4968598 0.4271127
33 0.4676016 0.2878263 0.4502409 0.0155718
24 0.2608834 0.3473330 0.0269899 0.0166841
17 0.3295850 0.3473330 0.0269899 0.0166841
11 0.3982866 0.3473330 0.0269899 0.0166841
34 0.3982866 0.4068395 0.0637944 0.0600628
10 0.3982866 0.4073957 0.0269899 0.0166841
15 0.5356898 0.4073957 0.0269899 0.0166841
4 0.6043914 0.4073957 0.0269899 0.0166841
23 0.2608834 0.4674584 0.0269899 0.0166841
26 0.5356898 0.4674584 0.0269899 0.0166841
30 0.2608834 0.5275211 0.0269899 0.0166841
8 0.4657614 0.5275211 0.0269899 0.0166841
16 0.5356898 0.5275211 0.0269899 0.0166841
27 0.6043914 0.5275211 0.0269899 0.0166841
7 0.2608834 0.5875838 0.0269899 0.0166841
29 0.3982866 0.5875838 0.0269899 0.0166841
18 0.4657614 0.5875838 0.0269899 0.0166841
25 0.5356898 0.5875838 0.0269899 0.0166841
12 0.2608834 0.6476466 0.0269899 0.0166841
21 0.4657614 0.6476466 0.0269899 0.0166841
