15 0.7035142 0.5961320 0.0274896 0.0173096
19 0.7734878 0.5961320 0.0274896 0.0173096
32 0.6354148 0.4143806 0.5060592 0.4431272
33 0.6341653 0.2228204 0.4585771 0.0161557
16 0.5635669 0.2845581 0.0274897 0.0173096
11 0.6322910 0.2845581 0.0274896 0.0173096
8 0.7035142 0.2845581 0.0274896 0.0173096
14 0.7734878 0.2845581 0.0274896 0.0173096
27 0.8434615 0.2845581 0.0274896 0.0173096
29 0.4236197 0.3468729 0.0274897 0.0173097
30 0.4935933 0.3468729 0.0274896 0.0173097
34 0.6322910 0.4086107 0.0649755 0.0623148
9 0.6322910 0.4091877 0.0274896 0.0173096
21 0.7734878 0.4091877 0.0274896 0.0173096
10 0.8434615 0.4091877 0.0274896 0.0173096
22 0.4935933 0.4715024 0.0274896 0.0173096
7 0.6322910 0.4715024 0.0274896 0.0173096
26 0.7035142 0.4715024 0.0274896 0.0173096
2 0.7734878 0.4715024 0.0274896 0.0173096
5 0.5635669 0.5338172 0.0274897 0.0173096
12 0.6322910 0.5338172 0.0274896 0.0173096
4 0.7734878 0.5338172 0.0274896 0.0173096
23 0.4935933 0.5961320 0.0274896 0.0173096
