20 0.4150835 0.7028959 0.0286631 0.0171756
22 0.4880441 0.7028959 0.0286631 0.0171756
32 0.2711166 0.5225519 0.5276615 0.4396959
33 0.2698137 0.3324751 0.4781525 0.0160306
6 0.2678595 0.3937348 0.0286631 0.0171756
21 0.3421229 0.3937348 0.0286631 0.0171756
5 0.4150835 0.3937348 0.0286631 0.0171756
18 0.1232411 0.4555671 0.0286631 0.0171756
4 0.4150835 0.4555671 0.0286631 0.0171756
10 0.1232411 0.5173993 0.0286631 0.0171756
17 0.1962017 0.5173993 0.0286631 0.0171756
14 0.2678595 0.5173993 0.0286631 0.0171756
2 0.3421229 0.5173993 0.0286631 0.0171756
34 0.4144321 0.5168267 0.0664463 0.0618322
14 0.4150835 0.5173993 0.0286631 0.0171756
8 0.0502805 0.5792315 0.0286631 0.0171756
29 0.1962017 0.5792315 0.0286631 0.0171756
13 0.4880441 0.5792315 0.0286631 0.0171756
24 0.0502805 0.6410638 0.0286631 0.0171756
1 0.2678595 0.6410638 0.0286631 0.0171756
19 0.4150835 0.6410638 0.0286631 0.0171756
23 0.4880441 0.6410638 0.0286631 0.0171756
15 0.0502805 0.7028959 0.0286631 0.0171756
