15 0.4335613 0.7864206 0.0261285 0.0171033
29 0.5000703 0.7864206 0.0261285 0.0171033
32 0.3688338 0.6068361 0.4810024 0.4378444
33 0.3676462 0.4175595 0.4358713 0.0159631
3 0.1675254 0.4785613 0.0261285 0.0171033
20 0.3658647 0.4785613 0.0261285 0.0171033
27 0.4335613 0.4785613 0.0261285 0.0171033
2 0.5000703 0.4785613 0.0261285 0.0171033
34 0.3005434 0.5395631 0.0617583 0.0615719
8 0.3005434 0.5401332 0.0261285 0.0171033
4 0.4335613 0.5401332 0.0261285 0.0171033
25 0.5000703 0.5401332 0.0261285 0.0171033
30 0.5665793 0.5401332 0.0261285 0.0171033
5 0.4335613 0.6017051 0.0261285 0.0171033
11 0.1675254 0.6632769 0.0261285 0.0171033
6 0.4335613 0.6632769 0.0261285 0.0171033
1 0.1675254 0.7248488 0.0261285 0.0171033
8 0.2340344 0.7248488 0.0261285 0.0171033
23 0.3005434 0.7248488 0.0261285 0.0171033
19 0.4335613 0.7248488 0.0261285 0.0171033
16 0.5000703 0.7248488 0.0261285 0.0171033
7 0.5665793 0.7248488 0.0261285 0.0171033
9 0.1675254 0.7864206 0.0261285 0.0171033
