22 0.5032734 0.5156488 0.0288737 0.0163164
1 0.7250762 0.5156488 0.0288737 0.0163164
32 0.5065545 0.3443267 0.5315393 0.4176998
33 0.5052420 0.1637586 0.4816665 0.0152286
18 0.5032734 0.2219537 0.0288737 0.0163164
19 0.5780826 0.2219537 0.0288737 0.0163164
26 0.7250762 0.2219537 0.0288737 0.0163164
17 0.6515794 0.2806927 0.0288737 0.0163164
25 0.7250762 0.2806927 0.0288737 0.0163164
23 0.2840954 0.3394318 0.0288737 0.0163164
12 0.3575922 0.3394318 0.0288737 0.0163164
16 0.6515794 0.3394318 0.0288737 0.0163164
34 0.4310890 0.3976270 0.0682471 0.0587390
27 0.4310890 0.3981708 0.0288737 0.0163164
2 0.5032734 0.3981708 0.0288737 0.0163164
3 0.6515794 0.3981708 0.0288737 0.0163164
7 0.7250762 0.3981708 0.0288737 0.0163164
31 0.2840954 0.4569098 0.0288737 0.0163164
4 0.3575922 0.4569098 0.0288737 0.0163164
6 0.5032734 0.4569098 0.0288737 0.0163164
14 0.5780826 0.4569098 0.0288737 0.0163164
13 0.2840954 0.5156488 0.0288737 0.0163164
15 0.3575922 0.5156488 0.0288737 0.0163164
