15 0.2128982 0.6945671 0.0274112 0.0161872
16 0.6315421 0.6945671 0.0274112 0.0161872
32 0.4240891 0.5246011 0.5046154 0.4143932
33 0.4228431 0.3454623 0.4572688 0.0151081
30 0.2128982 0.4031968 0.0274112 0.0161872
4 0.3524462 0.4031968 0.0274112 0.0161872
21 0.4209742 0.4031968 0.0274112 0.0161872
34 0.4913712 0.4026572 0.0660361 0.0582741
9 0.4919941 0.4031968 0.0274112 0.0161872
6 0.2128982 0.4614709 0.0274112 0.0161872
10 0.2826722 0.4614709 0.0274112 0.0161872
25 0.3524462 0.4614709 0.0274112 0.0161872
14 0.5617681 0.4614709 0.0274112 0.0161872
27 0.2128982 0.5197449 0.0274112 0.0161873
2 0.3524462 0.5197449 0.0274112 0.0161873
29 0.6315421 0.5197449 0.0274112 0.0161873
7 0.2128982 0.5780189 0.0274112 0.0161872
31 0.3524462 0.5780189 0.0274112 0.0161872
8 0.4209742 0.5780189 0.0274112 0.0161872
12 0.6315421 0.5780189 0.0274112 0.0161872
18 0.2826722 0.6362930 0.0274112 0.0161872
3 0.3524462 0.6362930 0.0274112 0.0161872
17 0.4919941 0.6362930 0.0274112 0.0161872
