1 0.2593286 0.6485135 0.0278453 0.0160709
23 0.4719657 0.6485135 0.0278453 0.0160709
32 0.3321062 0.4797690 0.5126074 0.4114150
33 0.3308405 0.3019177 0.4645109 0.0149995
13 0.1884495 0.3592373 0.0278453 0.0160709
14 0.2593286 0.3592373 0.0278453 0.0160709
8 0.3289420 0.3592373 0.0278453 0.0160709
7 0.4010867 0.3592373 0.0278453 0.0160709
12 0.4719657 0.3592373 0.0278453 0.0160709
26 0.1175705 0.4170925 0.0278453 0.0160709
24 0.2593286 0.4170925 0.0278453 0.0160709
15 0.3289420 0.4749477 0.0278453 0.0160709
17 0.5428448 0.4749477 0.0278453 0.0160709
19 0.1884495 0.5328030 0.0278453 0.0160709
16 0.2593286 0.5328030 0.0278453 0.0160709
30 0.3289420 0.5328030 0.0278453 0.0160709
18 0.4010867 0.5328030 0.0278453 0.0160709
20 0.5428448 0.5328030 0.0278453 0.0160709
2 0.1884495 0.5906582 0.0278453 0.0160709
27 0.3289420 0.5906582 0.0278453 0.0160709
34 0.5428448 0.5901225 0.0658163 0.0578552
24 0.5428448 0.5906582 0.0278453 0.0160709
31 0.1175705 0.6485135 0.0278453 0.0160709
