7 0.5381780 0.6086568 0.0277840 0.0170345
5 0.3967324 0.6699809 0.0277840 0.0170345
32 0.4693496 0.4911190 0.5114775 0.4360823
33 0.4680867 0.3026043 0.4634870 0.0158988
31 0.3967324 0.3633605 0.0277840 0.0170345
30 0.5381780 0.3633605 0.0277840 0.0170345
3 0.4661923 0.4246846 0.0277840 0.0170344
19 0.5381780 0.4246846 0.0277840 0.0170344
24 0.6089008 0.4246846 0.0277839 0.0170344
29 0.6796236 0.4246846 0.0277840 0.0170344
23 0.3260096 0.4860087 0.0277840 0.0170344
21 0.3967324 0.4860087 0.0277840 0.0170344
4 0.5381780 0.4860087 0.0277840 0.0170344
15 0.6089008 0.4860087 0.0277839 0.0170344
26 0.4661923 0.5473327 0.0277840 0.0170344
10 0.5381780 0.5473327 0.0277840 0.0170344
12 0.6089008 0.5473327 0.0277839 0.0170344
34 0.6796236 0.5467649 0.0656712 0.0613241
18 0.6796236 0.5473327 0.0277840 0.0170344
14 0.2552868 0.6086568 0.0277840 0.0170345
17 0.3260096 0.6086568 0.0277840 0.0170345
18 0.3967324 0.6086568 0.0277840 0.0170345
22 0.4661923 0.6086568 0.0277840 0.0170345
