3 0.2259527 0.7901745 0.0275875 0.0172549
14 0.4353669 0.7901745 0.0275875 0.0172549
32 0.4385018 0.6089972 0.5078606 0.4417276
33 0.4372478 0.4180421 0.4602095 0.0161046
8 0.2259527 0.4795848 0.0275875 0.0172550
5 0.3663981 0.4795848 0.0275875 0.0172550
24 0.5770663 0.4795848 0.0275875 0.0172550
23 0.6472890 0.4795848 0.0275875 0.0172550
1 0.2961754 0.5417027 0.0275875 0.0172550
20 0.3663981 0.5417027 0.0275875 0.0172550
29 0.4353669 0.5417027 0.0275875 0.0172550
9 0.2961754 0.6038207 0.0275875 0.0172550
21 0.3663981 0.6038207 0.0275875 0.0172550
19 0.4353669 0.6038207 0.0275875 0.0172550
2 0.5068435 0.6038207 0.0275875 0.0172550
12 0.5770663 0.6038207 0.0275875 0.0172550
34 0.2259527 0.6653634 0.0652068 0.0621179
13 0.2259527 0.6659386 0.0275875 0.0172550
6 0.6472890 0.6659386 0.0275875 0.0172550
13 0.2259527 0.7280566 0.0275875 0.0172549
7 0.3663981 0.7280566 0.0275875 0.0172549
16 0.4353669 0.7280566 0.0275875 0.0172549
11 0.5068435 0.7280566 0.0275875 0.0172549
