8 0.5082690 0.5665901 0.0279731 0.0168127
13 0.6506778 0.5665901 0.0279731 0.0168127
32 0.4389719 0.3900569 0.5149601 0.4304047
33 0.4377004 0.2039966 0.4666429 0.0156918
4 0.2946560 0.2639618 0.0279731 0.0168127
16 0.3658604 0.2639618 0.0279731 0.0168127
29 0.4357932 0.2639618 0.0279731 0.0168127
2 0.5082690 0.2639618 0.0279731 0.0168127
20 0.2234516 0.3244875 0.0279732 0.0168127
17 0.3658604 0.3244875 0.0279731 0.0168127
30 0.5082690 0.3244875 0.0279731 0.0168127
23 0.6506778 0.3244875 0.0279731 0.0168127
26 0.2234516 0.3850131 0.0279732 0.0168127
1 0.2234516 0.4455388 0.0279732 0.0168127
25 0.2946560 0.4455388 0.0279731 0.0168127
21 0.5082690 0.4455388 0.0279731 0.0168127
11 0.2234516 0.5060645 0.0279732 0.0168127
7 0.2946560 0.5060645 0.0279731 0.0168127
34 0.3658604 0.5055040 0.0661184 0.0605256
3 0.3658604 0.5060645 0.0279731 0.0168127
5 0.5082690 0.5060645 0.0279731 0.0168127
14 0.2234516 0.5665901 0.0279732 0.0168127
10 0.4357932 0.5665901 0.0279731 0.0168127
