23 0.2744855 0.6426893 0.0280261 0.0161226
30 0.4885029 0.6426893 0.0280261 0.0161226
32 0.4190746 0.4734022 0.5159346 0.4127381
33 0.4178007 0.2949790 0.4675260 0.0150477
10 0.2744855 0.3524829 0.0280261 0.0161226
8 0.3458247 0.3524829 0.0280261 0.0161226
16 0.4885029 0.3524829 0.0280261 0.0161226
13 0.5598420 0.3524829 0.0280260 0.0161226
7 0.4158899 0.4105242 0.0280260 0.0161226
2 0.4885029 0.4105242 0.0280261 0.0161226
19 0.5598420 0.4105242 0.0280260 0.0161226
25 0.6311811 0.4105242 0.0280261 0.0161226
26 0.2031464 0.4685655 0.0280261 0.0161226
17 0.4158899 0.4685655 0.0280260 0.0161226
1 0.5598420 0.4685655 0.0280260 0.0161226
21 0.6311811 0.4685655 0.0280261 0.0161226
3 0.2031464 0.5266068 0.0280261 0.0161226
31 0.4885029 0.5266068 0.0280261 0.0161226
27 0.6311811 0.5266068 0.0280261 0.0161226
4 0.4158899 0.5846480 0.0280260 0.0161226
14 0.4885029 0.5846480 0.0280261 0.0161226
34 0.6311811 0.5841106 0.0662434 0.0580413
25 0.6311811 0.5846480 0.0280261 0.0161226
