12 0.4861198 0.5495794 0.0278098 0.0161289
22 0.5569085 0.5495794 0.0278098 0.0161289
32 0.3464387 0.3802258 0.5119536 0.4129001
33 0.3451746 0.2017326 0.4639185 0.0150536
4 0.3432785 0.2592590 0.0278098 0.0161289
14 0.4861198 0.2592590 0.0278098 0.0161289
24 0.5569085 0.2592590 0.0278098 0.0161289
30 0.2029653 0.3173231 0.0278098 0.0161289
2 0.3432785 0.3173231 0.0278098 0.0161289
21 0.2029653 0.3753871 0.0278098 0.0161289
17 0.3432785 0.3753871 0.0278098 0.0161289
19 0.1321766 0.4334512 0.0278098 0.0161289
16 0.2737539 0.4334512 0.0278098 0.0161289
15 0.2029653 0.4915153 0.0278098 0.0161289
20 0.3432785 0.4915153 0.0278098 0.0161289
34 0.4146992 0.4909776 0.0669964 0.0580641
13 0.4153312 0.4915153 0.0278098 0.0161289
29 0.4861198 0.4915153 0.0278098 0.0161289
13 0.5569085 0.4915153 0.0278098 0.0161289
6 0.2029653 0.5495794 0.0278098 0.0161289
5 0.2737539 0.5495794 0.0278098 0.0161289
27 0.3432785 0.5495794 0.0278098 0.0161289
7 0.4153312 0.5495794 0.0278098 0.0161289
