30 0.3381763 0.6942688 0.0268562 0.0174116
24 0.4053167 0.6942688 0.0268562 0.0174116
32 0.4083685 0.5114468 0.4943975 0.4457374
33 0.4071478 0.3187582 0.4480096 0.0162508
34 0.3381763 0.3802793 0.0634782 0.0626818
15 0.3381763 0.3808596 0.0268562 0.0174116
2 0.5432597 0.3808596 0.0268562 0.0174116
7 0.6116208 0.3808596 0.0268562 0.0174116
4 0.2014540 0.4435415 0.0268562 0.0174116
5 0.2698151 0.4435415 0.0268562 0.0174116
26 0.3381763 0.4435415 0.0268562 0.0174116
18 0.5432597 0.4435415 0.0268562 0.0174116
6 0.2698151 0.5062233 0.0268562 0.0174116
21 0.6116208 0.5062233 0.0268562 0.0174116
17 0.3381763 0.5689052 0.0268562 0.0174116
20 0.4053167 0.5689052 0.0268562 0.0174116
9 0.4748985 0.5689052 0.0268561 0.0174116
25 0.2014540 0.6315870 0.0268562 0.0174116
23 0.3381763 0.6315870 0.0268562 0.0174116
14 0.4053167 0.6315870 0.0268562 0.0174116
8 0.5432597 0.6315870 0.0268562 0.0174116
12 0.6116208 0.6315870 0.0268562 0.0174116
22 0.2698151 0.6942688 0.0268562 0.0174116
