1 0.4221078 0.7643399 0.0263705 0.0166583
21 0.4892327 0.7643399 0.0263705 0.0166583
32 0.2896561 0.5894278 0.4854565 0.4264523
33 0.2884575 0.4050760 0.4399075 0.0155478
29 0.2866595 0.4644906 0.0263705 0.0166583
20 0.3549830 0.4644906 0.0263705 0.0166583
14 0.4892327 0.4644906 0.0263705 0.0166583
2 0.1536084 0.5244604 0.0263705 0.0166583
19 0.2207333 0.5244604 0.0263705 0.0166583
17 0.2866595 0.5244604 0.0263705 0.0166583
9 0.3549830 0.5244604 0.0263705 0.0166583
8 0.4892327 0.5244604 0.0263705 0.0166583
26 0.1536084 0.5844303 0.0263705 0.0166584
23 0.3549830 0.5844303 0.0263705 0.0166584
10 0.4221078 0.5844303 0.0263705 0.0166584
5 0.4892327 0.5844303 0.0263705 0.0166584
31 0.0864836 0.6444001 0.0263705 0.0166583
11 0.2866595 0.6444001 0.0263705 0.0166583
24 0.0864836 0.7043700 0.0263705 0.0166583
16 0.4892327 0.7043700 0.0263705 0.0166583
30 0.0864836 0.7643399 0.0263705 0.0166583
34 0.1530091 0.7637846 0.0611315 0.0599699
6 0.1536084 0.7643399 0.0263705 0.0166583
