4 0.5133426 0.5174131 0.0264170 0.0163598
19 0.5805859 0.5174131 0.0264169 0.0163598
32 0.4479005 0.3456347 0.4863126 0.4188122
33 0.4466998 0.1645857 0.4406832 0.0152692
11 0.3788562 0.2229358 0.0264170 0.0163598
9 0.4448986 0.2229358 0.0264170 0.0163598
16 0.5805859 0.2229358 0.0264169 0.0163598
20 0.2443698 0.2818313 0.0264170 0.0163599
22 0.3116130 0.2818313 0.0264170 0.0163599
23 0.3788562 0.2818313 0.0264170 0.0163599
17 0.4448986 0.2818313 0.0264170 0.0163599
3 0.5805859 0.2818313 0.0264169 0.0163599
1 0.2443698 0.3407267 0.0264170 0.0163599
2 0.3788562 0.3407267 0.0264170 0.0163599
8 0.5133426 0.3407267 0.0264170 0.0163599
29 0.5805859 0.3407267 0.0264169 0.0163599
10 0.6478291 0.3996222 0.0264169 0.0163599
12 0.2443698 0.4585176 0.0264170 0.0163598
34 0.4448986 0.4579723 0.0624401 0.0588955
17 0.4448986 0.4585176 0.0264170 0.0163598
30 0.5133426 0.4585176 0.0264170 0.0163598
14 0.3788562 0.5174131 0.0264170 0.0163598
5 0.4448986 0.5174131 0.0264170 0.0163598
