21 0.4461068 0.7433456 0.0265852 0.0164297
22 0.5826579 0.7433456 0.0265852 0.0164297
32 0.4491279 0.5708337 0.4894089 0.4206007
33 0.4479195 0.3890115 0.4434891 0.0153344
16 0.3119725 0.4476108 0.0265852 0.0164297
7 0.3796439 0.4476108 0.0265852 0.0164297
3 0.6503293 0.4476108 0.0265852 0.0164297
19 0.2443012 0.5067578 0.0265852 0.0164297
30 0.4461068 0.5067578 0.0265852 0.0164297
8 0.3119725 0.5659047 0.0265852 0.0164297
11 0.4461068 0.5659047 0.0265852 0.0164297
20 0.5149866 0.5659047 0.0265852 0.0164297
18 0.6503293 0.5659047 0.0265852 0.0164297
6 0.2443012 0.6250517 0.0265852 0.0164297
34 0.3796439 0.6245041 0.0628377 0.0591470
31 0.3796439 0.6250517 0.0265852 0.0164297
10 0.6503293 0.6250517 0.0265852 0.0164297
17 0.2443012 0.6841987 0.0265852 0.0164297
27 0.4461068 0.6841987 0.0265852 0.0164297
25 0.5149866 0.6841987 0.0265852 0.0164297
12 0.2443012 0.7433456 0.0265852 0.0164297
13 0.3119725 0.7433456 0.0265852 0.0164297
1 0.3796439 0.7433456 0.0265852 0.0164297
