4 0.3915084 0.6895822 0.0268063 0.0173959
6 0.5974293 0.6895822 0.0268063 0.0173959
32 0.3945546 0.5069258 0.4934789 0.4453340
33 0.3933361 0.3144116 0.4471772 0.0162361
18 0.1880246 0.3764568 0.0268063 0.0173959
27 0.5974293 0.3764568 0.0268063 0.0173959
9 0.1880246 0.4390819 0.0268063 0.0173958
24 0.4609610 0.4390819 0.0268063 0.0173958
26 0.5291951 0.4390819 0.0268063 0.0173958
34 0.5974293 0.4385021 0.0633603 0.0626251
29 0.5974293 0.4390819 0.0268063 0.0173958
21 0.1880246 0.5017070 0.0268063 0.0173958
29 0.3244928 0.5017070 0.0268063 0.0173958
15 0.3915084 0.5017070 0.0268063 0.0173958
8 0.5291951 0.5017070 0.0268063 0.0173958
13 0.5974293 0.5017070 0.0268063 0.0173958
2 0.5291951 0.5643321 0.0268063 0.0173959
1 0.5974293 0.5643321 0.0268063 0.0173959
7 0.2562587 0.6269572 0.0268063 0.0173958
5 0.3915084 0.6269572 0.0268063 0.0173958
10 0.1880246 0.6895822 0.0268063 0.0173959
31 0.2562587 0.6895822 0.0268063 0.0173959
23 0.3244928 0.6895822 0.0268063 0.0173959
