6 0.6999835 0.5444411 0.0267938 0.0164773
29 0.7681860 0.5444411 0.0267939 0.0164773
32 0.6336078 0.3714291 0.4932507 0.4218195
33 0.6323899 0.1890801 0.4469704 0.0153788
23 0.6305630 0.2478492 0.0267938 0.0164773
7 0.4271732 0.3071676 0.0267939 0.0164773
21 0.6305630 0.3071676 0.0267938 0.0164773
31 0.4953758 0.3664859 0.0267939 0.0164773
1 0.5635784 0.3664859 0.0267939 0.0164773
16 0.7681860 0.3664859 0.0267939 0.0164773
17 0.4271732 0.4258043 0.0267939 0.0164773
34 0.4947668 0.4252551 0.0621130 0.0593184
13 0.4953758 0.4258043 0.0267939 0.0164773
4 0.6999835 0.4258043 0.0267938 0.0164773
24 0.7681860 0.4258043 0.0267939 0.0164773
11 0.8363887 0.4258043 0.0267938 0.0164773
15 0.4271732 0.4851227 0.0267939 0.0164773
19 0.4953758 0.4851227 0.0267939 0.0164773
2 0.5635784 0.4851227 0.0267939 0.0164773
13 0.7681860 0.4851227 0.0267939 0.0164773
8 0.8363887 0.4851227 0.0267938 0.0164773
14 0.4271732 0.5444411 0.0267939 0.0164773
12 0.6305630 0.5444411 0.0267938 0.0164773
