5 0.5423057 0.6246556 0.0267250 0.0169607
30 0.8144142 0.6857138 0.0267249 0.0169607
32 0.6121549 0.5076274 0.4919819 0.4341919
33 0.6109402 0.3199298 0.4458207 0.0158299
18 0.4742785 0.3804227 0.0267249 0.0169606
4 0.6783600 0.3804227 0.0267249 0.0169606
15 0.7463871 0.3804227 0.0267250 0.0169606
10 0.8144142 0.3804227 0.0267249 0.0169606
29 0.7463871 0.4414810 0.0267250 0.0169607
11 0.8144142 0.4414810 0.0267249 0.0169607
31 0.4742785 0.5025392 0.0267249 0.0169607
34 0.5423057 0.5019738 0.0631680 0.0610582
13 0.5423057 0.5025392 0.0267250 0.0169607
16 0.6783600 0.5025392 0.0267249 0.0169607
12 0.8144142 0.5025392 0.0267249 0.0169607
7 0.4062514 0.5635974 0.0267250 0.0169606
1 0.4742785 0.5635974 0.0267249 0.0169606
22 0.5423057 0.5635974 0.0267250 0.0169606
19 0.6783600 0.5635974 0.0267249 0.0169606
27 0.7463871 0.5635974 0.0267250 0.0169606
13 0.8144142 0.5635974 0.0267249 0.0169606
17 0.4062514 0.6246556 0.0267250 0.0169607
26 0.4742785 0.6246556 0.0267249 0.0169607
