7 0.2396014 0.7239665 0.0264508 0.0172877
8 0.5762481 0.7239665 0.0264508 0.0172877
32 0.3760636 0.5424454 0.4869354 0.4425658
33 0.3748613 0.3511279 0.4412476 0.0161352
3 0.4415894 0.4127874 0.0264508 0.0172877
13 0.5089188 0.4127874 0.0264508 0.0172877
1 0.5762481 0.4127874 0.0264508 0.0172877
31 0.1722721 0.4750233 0.0264508 0.0172877
20 0.2396014 0.4750233 0.0264508 0.0172877
2 0.4415894 0.4750233 0.0264508 0.0172877
34 0.5083176 0.4744470 0.0613178 0.0622358
28 0.5089188 0.4750233 0.0264508 0.0172877
30 0.5762481 0.4750233 0.0264508 0.0172877
27 0.3730578 0.5372590 0.0264508 0.0172877
14 0.5089188 0.5372590 0.0264508 0.0172877
22 0.5762481 0.5372590 0.0264508 0.0172877
6 0.1722721 0.5994949 0.0264508 0.0172877
18 0.2396014 0.5994949 0.0264508 0.0172877
24 0.5089188 0.5994949 0.0264508 0.0172877
12 0.1722721 0.6617307 0.0264508 0.0172877
29 0.2396014 0.6617307 0.0264508 0.0172877
21 0.3069308 0.6617307 0.0264508 0.0172877
23 0.1722721 0.7239665 0.0264508 0.0172877
