26 0.5406646 0.7936412 0.0264764 0.0168956
18 0.7440518 0.7936412 0.0264764 0.0168956
32 0.5436733 0.6162375 0.4874073 0.4325272
33 0.5424698 0.4292596 0.4416752 0.0157692
3 0.4070789 0.4895205 0.0264764 0.0168956
34 0.5406646 0.4889574 0.0625807 0.0608241
31 0.5406646 0.4895205 0.0264764 0.0168956
25 0.7440518 0.4895205 0.0264764 0.0168956
4 0.3396843 0.5503447 0.0264764 0.0168955
10 0.5406646 0.5503447 0.0264764 0.0168955
13 0.6766573 0.5503447 0.0264764 0.0168955
22 0.4070789 0.6111688 0.0264764 0.0168956
29 0.3396843 0.6719930 0.0264764 0.0168955
11 0.4744735 0.6719930 0.0264764 0.0168955
20 0.5406646 0.6719930 0.0264764 0.0168955
31 0.7440518 0.6719930 0.0264764 0.0168955
16 0.3396843 0.7328171 0.0264764 0.0168956
23 0.4070789 0.7328171 0.0264764 0.0168956
14 0.4744735 0.7328171 0.0264764 0.0168956
8 0.5406646 0.7328171 0.0264764 0.0168956
19 0.6092627 0.7328171 0.0264764 0.0168956
30 0.3396843 0.7936412 0.0264764 0.0168956
15 0.4744735 0.7936412 0.0264764 0.0168956
