17 0.4781120 0.8147525 0.0262673 0.0169640
9 0.5449741 0.8147525 0.0262672 0.0169640
32 0.3461787 0.6366305 0.4835564 0.4342783
33 0.3449847 0.4488956 0.4381857 0.0158331
34 0.2100665 0.5088351 0.0608923 0.0610704
21 0.2106635 0.5094006 0.0262672 0.0169640
6 0.2775256 0.5094006 0.0262673 0.0169640
23 0.4112499 0.5094006 0.0262673 0.0169640
27 0.4781120 0.5094006 0.0262673 0.0169640
15 0.1438014 0.5704709 0.0262673 0.0169640
21 0.2106635 0.5704709 0.0262672 0.0169640
18 0.3431938 0.5704709 0.0262672 0.0169640
24 0.4112499 0.5704709 0.0262673 0.0169640
8 0.4781120 0.5704709 0.0262673 0.0169640
20 0.1438014 0.6315413 0.0262673 0.0169640
22 0.2775256 0.6315413 0.0262673 0.0169640
30 0.1438014 0.6926118 0.0262673 0.0169640
1 0.4112499 0.6926118 0.0262673 0.0169640
19 0.4781120 0.6926118 0.0262673 0.0169640
11 0.2775256 0.7536821 0.0262673 0.0169640
3 0.3431938 0.7536821 0.0262672 0.0169640
31 0.2106635 0.8147525 0.0262672 0.0169640
