31 0.2032046 0.7755872 0.0267574 0.0168508
4 0.4075339 0.7755872 0.0267574 0.0168508
32 0.2731388 0.5986543 0.4925795 0.4313792
33 0.2719225 0.4121726 0.4463621 0.0157274
2 0.1350949 0.4722737 0.0267574 0.0168508
29 0.4075339 0.4722737 0.0267574 0.0168508
11 0.0669851 0.5329364 0.0267574 0.0168508
8 0.1350949 0.5329364 0.0267574 0.0168508
3 0.2032046 0.5329364 0.0267574 0.0168508
34 0.4069258 0.5323747 0.0620285 0.0606627
19 0.4075339 0.5329364 0.0267574 0.0168508
14 0.2032046 0.5935990 0.0267574 0.0168507
12 0.3394241 0.5935990 0.0267574 0.0168507
9 0.4756436 0.5935990 0.0267574 0.0168507
17 0.2700982 0.6542617 0.0267574 0.0168507
26 0.4075339 0.6542617 0.0267574 0.0168507
19 0.2700982 0.7149245 0.0267574 0.0168507
18 0.3394241 0.7149245 0.0267574 0.0168507
20 0.4075339 0.7149245 0.0267574 0.0168507
16 0.4756436 0.7149245 0.0267574 0.0168507
10 0.0669851 0.7755872 0.0267574 0.0168508
15 0.1350949 0.7755872 0.0267574 0.0168508
