27 0.4694330 0.7551826 0.0265790 0.0171779
10 0.8077110 0.7551826 0.0265790 0.0171779
32 0.6065564 0.5748145 0.4892952 0.4397548
33 0.6053483 0.3847121 0.4433860 0.0160327
3 0.6035361 0.4459800 0.0265790 0.0171779
16 0.7400554 0.4459800 0.0265791 0.0171779
2 0.4694330 0.5078205 0.0265790 0.0171779
19 0.8077110 0.5078205 0.0265790 0.0171779
13 0.4017773 0.5696611 0.0265790 0.0171779
24 0.4694330 0.5696611 0.0265790 0.0171779
23 0.5370885 0.5696611 0.0265790 0.0171779
9 0.6035361 0.5696611 0.0265790 0.0171779
22 0.6723998 0.5696611 0.0265790 0.0171779
18 0.8077110 0.5696611 0.0265790 0.0171779
8 0.4694330 0.6315016 0.0265790 0.0171779
20 0.5370885 0.6315016 0.0265790 0.0171779
34 0.6717957 0.6309290 0.0640312 0.0618405
24 0.6723998 0.6315016 0.0265790 0.0171779
7 0.4017773 0.6933421 0.0265790 0.0171779
29 0.4694330 0.6933421 0.0265790 0.0171779
17 0.8077110 0.6933421 0.0265790 0.0171779
30 0.4017773 0.7551826 0.0265790 0.0171779
