6 0.5576778 0.6065522 0.0284499 0.0167186
5 0.7762244 0.6065522 0.0284499 0.0167186
32 0.5609106 0.4310064 0.5237359 0.4279974
33 0.5596175 0.2459867 0.4745953 0.0156041
29 0.4141353 0.3056165 0.0284499 0.0167186
1 0.5576778 0.3056165 0.0284499 0.0167186
30 0.6313888 0.3056165 0.0284499 0.0167186
12 0.7038065 0.3056165 0.0284499 0.0167186
13 0.5576778 0.3658037 0.0284499 0.0167186
9 0.7762244 0.3658037 0.0284499 0.0167186
20 0.3417175 0.4259908 0.0284499 0.0167186
24 0.4865531 0.4259908 0.0284499 0.0167186
31 0.5576778 0.4259908 0.0284499 0.0167186
23 0.4141353 0.4861779 0.0284499 0.0167186
16 0.4865531 0.4861779 0.0284499 0.0167186
4 0.5576778 0.4861779 0.0284499 0.0167186
34 0.6307421 0.4856206 0.0685383 0.0601871
19 0.6313888 0.4861779 0.0284499 0.0167186
17 0.4865531 0.5463651 0.0284499 0.0167187
2 0.7038065 0.5463651 0.0284499 0.0167187
14 0.7762244 0.5463651 0.0284499 0.0167187
18 0.4141353 0.6065522 0.0284499 0.0167186
