21 0.5959977 0.6416398 0.0269529 0.0173176
24 0.6646049 0.6416398 0.0269529 0.0173176
32 0.4606207 0.4598048 0.4961780 0.4433310
33 0.4593956 0.2681565 0.4496230 0.0161631
10 0.2529610 0.3299227 0.0269529 0.0173176
8 0.3215684 0.3299227 0.0269529 0.0173176
14 0.3901757 0.3922661 0.0269529 0.0173176
5 0.4575579 0.3922661 0.0269529 0.0173176
25 0.5273904 0.3922661 0.0269529 0.0173176
30 0.4575579 0.4546095 0.0269529 0.0173176
19 0.4575579 0.5169529 0.0269529 0.0173176
3 0.5273904 0.5169529 0.0269529 0.0173176
13 0.5959977 0.5169529 0.0269529 0.0173176
17 0.6646049 0.5169529 0.0269529 0.0173176
26 0.3215684 0.5792963 0.0269529 0.0173176
34 0.4575579 0.5787191 0.0637068 0.0623434
23 0.4575579 0.5792963 0.0269529 0.0173176
11 0.5273904 0.5792963 0.0269529 0.0173176
20 0.5959977 0.5792963 0.0269529 0.0173176
12 0.3215684 0.6416398 0.0269529 0.0173176
31 0.3901757 0.6416398 0.0269529 0.0173176
15 0.4575579 0.6416398 0.0269529 0.0173176
