6 0.1971260 0.6345559 0.0271469 0.0170343
18 0.4044296 0.6345559 0.0271469 0.0170343
32 0.2680781 0.4556953 0.4997495 0.4360792
33 0.2668442 0.2671819 0.4528594 0.0158987
25 0.1280249 0.3279377 0.0271469 0.0170343
29 0.1971260 0.3279377 0.0271469 0.0170343
23 0.3353284 0.3279377 0.0271469 0.0170343
12 0.1971260 0.3892613 0.0271469 0.0170344
34 0.2649932 0.3886935 0.0641654 0.0613236
19 0.2649933 0.3892613 0.0271469 0.0170344
15 0.4735307 0.3892613 0.0271469 0.0170344
19 0.0589237 0.4505850 0.0271469 0.0170344
20 0.1971260 0.4505850 0.0271469 0.0170344
26 0.3353284 0.4505850 0.0271469 0.0170344
9 0.4044296 0.4505850 0.0271469 0.0170344
8 0.4735307 0.4505850 0.0271469 0.0170344
22 0.1280249 0.5119086 0.0271469 0.0170344
7 0.0589237 0.5732323 0.0271469 0.0170343
3 0.1280249 0.5732323 0.0271469 0.0170343
31 0.1971260 0.5732323 0.0271469 0.0170343
2 0.2649933 0.5732323 0.0271469 0.0170343
24 0.0589237 0.6345559 0.0271469 0.0170343
