17 0.5895512 0.7585963 0.0287859 0.0173692
20 0.6641328 0.7585963 0.0287859 0.0173692
32 0.5928224 0.5762198 0.5299218 0.4446514
33 0.5915139 0.3840007 0.4802007 0.0162112
8 0.3710403 0.4459508 0.0287859 0.0173692
14 0.4443134 0.4459508 0.0287859 0.0173692
13 0.6641328 0.4459508 0.0287859 0.0173692
12 0.3710403 0.5084799 0.0287859 0.0173692
11 0.4443134 0.5710090 0.0287859 0.0173692
16 0.5175866 0.5710090 0.0287859 0.0173692
2 0.5895512 0.5710090 0.0287859 0.0173692
1 0.7374060 0.5710090 0.0287859 0.0173692
3 0.8106791 0.5710090 0.0287859 0.0173692
31 0.4443134 0.6335381 0.0287859 0.0173692
24 0.5895512 0.6335381 0.0287859 0.0173692
6 0.6641328 0.6335381 0.0287859 0.0173692
29 0.8106791 0.6335381 0.0287859 0.0173692
23 0.3710403 0.6960672 0.0287859 0.0173692
26 0.4443134 0.6960672 0.0287859 0.0173692
5 0.5175866 0.6960672 0.0287859 0.0173692
34 0.6634785 0.6954883 0.0693478 0.0625291
11 0.6641328 0.6960672 0.0287859 0.0173692
