34 0.6108090 0.6879050 0.0629431 0.0594684
30 0.6114028 0.6884556 0.0261273 0.0165190
32 0.5466784 0.5150062 0.4809801 0.4228863
33 0.5454907 0.3321960 0.4358511 0.0154177
27 0.3453793 0.3911137 0.0261273 0.0165190
18 0.6779087 0.3911137 0.0261273 0.0165190
1 0.7444146 0.3911137 0.0261273 0.0165190
22 0.5437093 0.4505821 0.0261273 0.0165190
16 0.4118851 0.5100505 0.0261273 0.0165190
23 0.4783910 0.5100505 0.0261273 0.0165190
19 0.5437093 0.5100505 0.0261273 0.0165190
29 0.7444146 0.5100505 0.0261273 0.0165190
6 0.3453793 0.5695188 0.0261273 0.0165190
5 0.4783910 0.5695188 0.0261273 0.0165190
15 0.5437093 0.5695188 0.0261273 0.0165190
10 0.6114028 0.5695188 0.0261273 0.0165190
14 0.6779087 0.5695188 0.0261273 0.0165190
20 0.3453793 0.6289872 0.0261273 0.0165190
21 0.4783910 0.6289872 0.0261273 0.0165190
24 0.5437093 0.6289872 0.0261273 0.0165190
17 0.7444146 0.6289872 0.0261273 0.0165190
9 0.4118851 0.6884556 0.0261273 0.0165190
