23 0.7800526 0.5451735 0.0274449 0.0166385
11 0.8499123 0.5451735 0.0274448 0.0166385
32 0.6422045 0.3704698 0.5052349 0.4259444
33 0.6409570 0.1863376 0.4578302 0.0155292
20 0.5006140 0.2456814 0.0274449 0.0166385
26 0.4307544 0.3055798 0.0274448 0.0166385
1 0.6390858 0.3055798 0.0274448 0.0166385
21 0.7101929 0.3055798 0.0274449 0.0166385
10 0.7800526 0.3055798 0.0274449 0.0166385
6 0.4307544 0.3654782 0.0274448 0.0166385
5 0.7101929 0.4253767 0.0274449 0.0166385
24 0.7800526 0.4253767 0.0274449 0.0166385
12 0.4307544 0.4852751 0.0274448 0.0166385
17 0.5006140 0.4852751 0.0274449 0.0166385
27 0.5704736 0.4852751 0.0274449 0.0166385
9 0.7101929 0.4852751 0.0274449 0.0166385
16 0.7800526 0.4852751 0.0274449 0.0166385
34 0.8499123 0.4847205 0.0648697 0.0598985
9 0.8499123 0.4852751 0.0274448 0.0166385
15 0.4307544 0.5451735 0.0274448 0.0166385
4 0.5704736 0.5451735 0.0274449 0.0166385
31 0.7101929 0.5451735 0.0274449 0.0166385
