13 0.4173227 0.7256666 0.0278614 0.0168715
5 0.7719225 0.7256666 0.0278614 0.0168715
32 0.5610622 0.5485164 0.5129031 0.4319090
33 0.5597958 0.3618057 0.4647789 0.0157467
31 0.4173227 0.4219805 0.0278614 0.0168714
30 0.4882427 0.4219805 0.0278614 0.0168714
7 0.5578962 0.4219805 0.0278614 0.0168714
22 0.6300826 0.4219805 0.0278614 0.0168714
25 0.4173227 0.4827178 0.0278614 0.0168715
29 0.4882427 0.4827178 0.0278614 0.0168715
11 0.6300826 0.4827178 0.0278614 0.0168715
17 0.7010025 0.4827178 0.0278615 0.0168715
15 0.7719225 0.4827178 0.0278614 0.0168715
2 0.4882427 0.5434550 0.0278614 0.0168714
18 0.6300826 0.5434550 0.0278614 0.0168714
10 0.7010025 0.5434550 0.0278615 0.0168714
16 0.4882427 0.6041922 0.0278614 0.0168715
34 0.5578962 0.6036298 0.0658542 0.0607372
5 0.5578962 0.6041922 0.0278614 0.0168715
12 0.6300826 0.6041922 0.0278614 0.0168715
26 0.4882427 0.6649293 0.0278614 0.0168714
24 0.6300826 0.6649293 0.0278614 0.0168714
