9 0.1264620 0.7432489 0.0277755 0.0174893
7 0.3385655 0.7432489 0.0277755 0.0174893
32 0.2697581 0.5596119 0.5113211 0.4477245
33 0.2684956 0.3660643 0.4633453 0.0163233
23 0.0557608 0.4284426 0.0277755 0.0174893
2 0.2666018 0.4284426 0.0277755 0.0174893
15 0.3385655 0.4284426 0.0277755 0.0174893
17 0.4799679 0.4284426 0.0277755 0.0174893
25 0.0557608 0.4914039 0.0277755 0.0174893
13 0.1971632 0.4914039 0.0277755 0.0174893
21 0.2666018 0.4914039 0.0277755 0.0174893
16 0.0557608 0.5543651 0.0277755 0.0174892
20 0.3385655 0.5543651 0.0277755 0.0174892
11 0.4092667 0.5543651 0.0277755 0.0174892
29 0.0557608 0.6173264 0.0277755 0.0174893
18 0.1971632 0.6173264 0.0277755 0.0174893
26 0.2666018 0.6173264 0.0277755 0.0174893
12 0.3385655 0.6173264 0.0277755 0.0174893
6 0.4092667 0.6173264 0.0277755 0.0174893
34 0.3379343 0.6797047 0.0669136 0.0629613
13 0.3385655 0.6802877 0.0277755 0.0174892
19 0.0557608 0.7432489 0.0277755 0.0174893
