12 0.3952140 0.6500071 0.0265823 0.0174468
17 0.5305417 0.6500071 0.0265822 0.0174468
32 0.3293625 0.4668162 0.4893548 0.4466370
33 0.3281542 0.2737387 0.4434400 0.0162836
31 0.5305417 0.3359655 0.0265822 0.0174468
25 0.1922224 0.3987738 0.0265822 0.0174468
6 0.2598862 0.3987738 0.0265822 0.0174468
34 0.4622737 0.3981923 0.0616224 0.0628083
25 0.4628778 0.3987738 0.0265822 0.0174468
10 0.1922224 0.4615821 0.0265822 0.0174468
7 0.4628778 0.4615821 0.0265822 0.0174468
27 0.2598862 0.5243905 0.0265822 0.0174468
19 0.4628778 0.5243905 0.0265822 0.0174468
4 0.1245585 0.5871988 0.0265822 0.0174468
29 0.1922224 0.5871988 0.0265822 0.0174468
21 0.2598862 0.5871988 0.0265822 0.0174468
22 0.3263418 0.5871988 0.0265823 0.0174468
20 0.3952140 0.5871988 0.0265823 0.0174468
16 0.5305417 0.5871988 0.0265822 0.0174468
15 0.1245585 0.6500071 0.0265822 0.0174468
18 0.1922224 0.6500071 0.0265822 0.0174468
14 0.3263418 0.6500071 0.0265823 0.0174468
