7 0.3452036 0.5218854 0.0275092 0.0166051
21 0.4852503 0.5218854 0.0275092 0.0166051
32 0.2770559 0.3475315 0.5064189 0.4250916
33 0.2758055 0.1637679 0.4589030 0.0154981
6 0.2051569 0.2229929 0.0275092 0.0166051
9 0.3452036 0.2229929 0.0275092 0.0166051
8 0.4152269 0.2229929 0.0275092 0.0166051
15 0.0651102 0.2827714 0.0275092 0.0166052
22 0.1351335 0.2827714 0.0275092 0.0166052
23 0.4152269 0.2827714 0.0275092 0.0166052
3 0.0651102 0.3425499 0.0275092 0.0166052
19 0.1351335 0.3425499 0.0275092 0.0166052
25 0.2739298 0.3425499 0.0275092 0.0166052
34 0.3445784 0.3419964 0.0662721 0.0597785
23 0.3452036 0.3425499 0.0275092 0.0166052
31 0.4152269 0.3425499 0.0275092 0.0166052
29 0.3452036 0.4023285 0.0275092 0.0166052
27 0.4152269 0.4023285 0.0275092 0.0166052
4 0.4852503 0.4023285 0.0275092 0.0166052
24 0.2739298 0.4621070 0.0275092 0.0166052
13 0.3452036 0.4621070 0.0275092 0.0166052
30 0.2051569 0.5218854 0.0275092 0.0166051
