11 0.1981306 0.5184349 0.0269664 0.0165710
30 0.4726976 0.5184349 0.0269664 0.0165710
32 0.3372527 0.3444383 0.4964270 0.4242202
33 0.3360270 0.1610515 0.4498486 0.0154664
13 0.1981306 0.2201551 0.0269664 0.0165711
25 0.3341884 0.2201551 0.0269664 0.0165711
12 0.4726976 0.2201551 0.0269664 0.0165711
4 0.3341884 0.2798110 0.0269664 0.0165711
23 0.4726976 0.2798110 0.0269664 0.0165711
18 0.2667723 0.3394670 0.0269664 0.0165711
15 0.3341884 0.3394670 0.0269664 0.0165711
24 0.4726976 0.3394670 0.0269664 0.0165711
22 0.5413394 0.3394670 0.0269664 0.0165711
27 0.1294888 0.3991230 0.0269664 0.0165711
6 0.1981306 0.3991230 0.0269664 0.0165711
7 0.2667723 0.3991230 0.0269664 0.0165711
21 0.4726976 0.3991230 0.0269664 0.0165711
20 0.1981306 0.4587789 0.0269664 0.0165711
2 0.2667723 0.4587789 0.0269664 0.0165711
34 0.3341883 0.4582266 0.0637388 0.0596560
26 0.3341884 0.4587789 0.0269664 0.0165711
10 0.4040559 0.4587789 0.0269664 0.0165711
