6 0.3971737 0.5608718 0.0274180 0.0173699
30 0.4682113 0.5608718 0.0274180 0.0173699
32 0.4002894 0.3784884 0.5047403 0.4446683
33 0.3990431 0.1862620 0.4573819 0.0162119
22 0.2588375 0.2482144 0.0274180 0.0173698
27 0.4682113 0.2482144 0.0274180 0.0173698
31 0.6077937 0.2482144 0.0274180 0.0173698
23 0.2588375 0.3107459 0.0274180 0.0173699
15 0.3971737 0.3107459 0.0274180 0.0173699
2 0.5380025 0.3107459 0.0274180 0.0173699
10 0.4682113 0.3732774 0.0274180 0.0173698
24 0.5380025 0.3732774 0.0274180 0.0173698
16 0.1890462 0.4358089 0.0274180 0.0173699
1 0.2588375 0.4358089 0.0274180 0.0173699
11 0.5380025 0.4358089 0.0274180 0.0173699
13 0.6077937 0.4358089 0.0274180 0.0173699
26 0.2588375 0.4983404 0.0274180 0.0173699
5 0.3286287 0.4983404 0.0274180 0.0173699
34 0.4675881 0.4977614 0.0660524 0.0625315
30 0.4682113 0.4983404 0.0274180 0.0173699
17 0.1890462 0.5608718 0.0274180 0.0173699
25 0.2588375 0.5608718 0.0274180 0.0173699
