25 0.2801043 0.7721299 0.0271913 0.0172923
3 0.4197686 0.7721299 0.0271913 0.0172923
32 0.2831942 0.5905606 0.5005669 0.4426830
33 0.2819583 0.3991924 0.4536001 0.0161395
27 0.2121261 0.4608683 0.0271913 0.0172923
22 0.2801043 0.4608683 0.0271913 0.0172923
14 0.4197686 0.4608683 0.0271913 0.0172923
6 0.4889828 0.4608683 0.0271913 0.0172923
15 0.1429119 0.5231207 0.0271913 0.0172923
21 0.2121261 0.5231207 0.0271913 0.0172923
31 0.2801043 0.5231207 0.0271913 0.0172923
16 0.0736977 0.5853729 0.0271913 0.0172923
20 0.3505544 0.5853729 0.0271913 0.0172923
10 0.4197686 0.5853729 0.0271913 0.0172923
17 0.4889828 0.5853729 0.0271913 0.0172923
34 0.2801043 0.6470489 0.0642703 0.0622523
23 0.2801043 0.6476253 0.0271913 0.0172923
4 0.3505544 0.6476253 0.0271913 0.0172923
29 0.4889828 0.6476253 0.0271913 0.0172923
5 0.1429119 0.7098776 0.0271913 0.0172923
19 0.3505544 0.7098776 0.0271913 0.0172923
11 0.2121261 0.7721299 0.0271913 0.0172923
