4 0.6244852 0.6534123 0.0278264 0.0171349
7 0.8382424 0.6534123 0.0278264 0.0171349
32 0.6276473 0.4734960 0.5122585 0.4386532
33 0.6263824 0.2838698 0.4641947 0.0159926
21 0.4132576 0.3449843 0.0278264 0.0171349
1 0.5549192 0.3449843 0.0278264 0.0171349
6 0.6244852 0.3449843 0.0278264 0.0171349
14 0.6965808 0.3449843 0.0278264 0.0171349
27 0.4132576 0.4066699 0.0278264 0.0171349
10 0.6965808 0.4066699 0.0278264 0.0171349
12 0.7674116 0.4066699 0.0278264 0.0171349
23 0.4132576 0.4683555 0.0278264 0.0171349
25 0.5549192 0.4683555 0.0278264 0.0171349
3 0.6965808 0.4683555 0.0278264 0.0171349
19 0.7674116 0.4683555 0.0278264 0.0171349
18 0.8382424 0.4683555 0.0278264 0.0171349
4 0.4132576 0.5300411 0.0278264 0.0171349
5 0.6965808 0.5300411 0.0278264 0.0171349
8 0.6965808 0.5917267 0.0278264 0.0171349
24 0.7674116 0.5917267 0.0278264 0.0171349
22 0.5549192 0.6534123 0.0278264 0.0171349
34 0.6244852 0.6528411 0.0657715 0.0616857
