11 0.4134655 0.5413562 0.0285686 0.0165677
5 0.4848870 0.5413562 0.0285686 0.0165677
32 0.4881335 0.3673958 0.5259222 0.4241321
33 0.4868349 0.1840470 0.4765764 0.0154632
17 0.4134655 0.2431383 0.0285686 0.0165677
8 0.7043459 0.2431383 0.0285686 0.0165677
24 0.2680253 0.3027819 0.0285686 0.0165677
22 0.3407454 0.3027819 0.0285686 0.0165677
7 0.4134655 0.3027819 0.0285686 0.0165677
21 0.4848870 0.3027819 0.0285686 0.0165677
2 0.7043459 0.3027819 0.0285686 0.0165677
3 0.3407454 0.3624255 0.0285686 0.0165677
18 0.4134655 0.3624255 0.0285686 0.0165677
34 0.2680253 0.4215168 0.0675258 0.0596436
7 0.2680253 0.4220690 0.0285686 0.0165677
12 0.4134655 0.4220690 0.0285686 0.0165677
15 0.4848870 0.4220690 0.0285686 0.0165677
30 0.6316258 0.4220690 0.0285686 0.0165677
4 0.2680253 0.4817126 0.0285686 0.0165677
23 0.3407454 0.4817126 0.0285686 0.0165677
9 0.6316258 0.4817126 0.0285686 0.0165677
16 0.2680253 0.5413562 0.0285686 0.0165677
