20 0.5161092 0.6716303 0.0286822 0.0161794
3 0.5891184 0.6716303 0.0286822 0.0161794
32 0.3720464 0.5017460 0.5280129 0.4141940
33 0.3707427 0.3226934 0.4784709 0.0151008
27 0.1510633 0.3804001 0.0286822 0.0161794
13 0.2240725 0.3804001 0.0286822 0.0161794
10 0.2970817 0.3804001 0.0286822 0.0161794
19 0.4431001 0.3804001 0.0286822 0.0161794
11 0.5161092 0.3804001 0.0286822 0.0161794
31 0.1510633 0.4968922 0.0286822 0.0161795
1 0.2240725 0.4968922 0.0286822 0.0161795
22 0.2970817 0.4968922 0.0286822 0.0161795
5 0.5891184 0.4968922 0.0286822 0.0161795
6 0.1510633 0.5551382 0.0286822 0.0161795
34 0.2234206 0.5545989 0.0664905 0.0582461
1 0.2240725 0.5551382 0.0286822 0.0161795
4 0.4431001 0.5551382 0.0286822 0.0161795
14 0.5161092 0.5551382 0.0286822 0.0161795
26 0.2970817 0.6133843 0.0286822 0.0161795
17 0.4431001 0.6133843 0.0286822 0.0161795
15 0.3687871 0.6716303 0.0286822 0.0161794
25 0.4431001 0.6716303 0.0286822 0.0161794
