22 0.5212120 0.6098231 0.0286171 0.0166922
19 0.5940556 0.6098231 0.0286171 0.0166922
32 0.3774760 0.4345544 0.5268151 0.4273219
33 0.3761752 0.2498267 0.4773856 0.0155795
13 0.2298377 0.3093625 0.0286171 0.0166922
4 0.3026813 0.3093625 0.0286171 0.0166922
1 0.3742241 0.3093625 0.0286171 0.0166922
7 0.5212120 0.3093625 0.0286171 0.0166922
16 0.5940556 0.3093625 0.0286171 0.0166922
27 0.2298377 0.3694546 0.0286171 0.0166922
23 0.3026813 0.3694546 0.0286171 0.0166922
12 0.4483684 0.3694546 0.0286171 0.0166922
26 0.5212120 0.3694546 0.0286171 0.0166922
6 0.1569941 0.4295467 0.0286171 0.0166922
20 0.4483684 0.4295467 0.0286171 0.0166922
17 0.1569941 0.4896389 0.0286171 0.0166922
30 0.3026813 0.4896389 0.0286171 0.0166922
14 0.3742241 0.4896389 0.0286171 0.0166922
34 0.5940556 0.4890825 0.0676405 0.0600922
9 0.5940556 0.4896389 0.0286171 0.0166922
31 0.1569941 0.5497310 0.0286171 0.0166923
5 0.2298377 0.5497310 0.0286171 0.0166923
