34 0.6485074 0.8055063 0.0623975 0.0595074
1 0.6485074 0.8060573 0.0263989 0.0165298
32 0.6515073 0.6324940 0.4859801 0.4231638
33 0.6503073 0.4495638 0.4403820 0.0154278
10 0.4481156 0.5085202 0.0263989 0.0165298
23 0.5153128 0.5085202 0.0263989 0.0165298
18 0.8512991 0.5085202 0.0263989 0.0165298
19 0.5825101 0.5680276 0.0263989 0.0165298
3 0.6485074 0.5680276 0.0263989 0.0165298
11 0.7841019 0.5680276 0.0263988 0.0165298
5 0.5153128 0.6275350 0.0263989 0.0165299
27 0.6485074 0.6275350 0.0263989 0.0165299
30 0.7169046 0.6275350 0.0263989 0.0165299
15 0.7841019 0.6275350 0.0263988 0.0165299
31 0.4481156 0.6870424 0.0263989 0.0165298
16 0.5825101 0.6870424 0.0263989 0.0165298
24 0.8512991 0.6870424 0.0263989 0.0165298
25 0.5825101 0.7465498 0.0263989 0.0165298
7 0.6485074 0.7465498 0.0263989 0.0165298
12 0.7841019 0.7465498 0.0263988 0.0165298
1 0.4481156 0.8060573 0.0263989 0.0165298
26 0.5153128 0.8060573 0.0263989 0.0165298
