30 0.2118815 0.6596791 0.0281127 0.0161400
13 0.5696792 0.6596791 0.0281127 0.0161400
32 0.4284769 0.4902089 0.5175287 0.4131843
33 0.4271990 0.3115928 0.4689705 0.0150640
6 0.2834410 0.3691588 0.0281127 0.0161400
22 0.4252822 0.3691588 0.0281127 0.0161400
2 0.4981196 0.3691588 0.0281127 0.0161400
8 0.2118815 0.4272629 0.0281127 0.0161400
16 0.3550005 0.4272629 0.0281127 0.0161400
5 0.4252822 0.4272629 0.0281127 0.0161400
7 0.4981196 0.4272629 0.0281127 0.0161400
15 0.5696792 0.4272629 0.0281127 0.0161400
27 0.6412387 0.4272629 0.0281127 0.0161400
17 0.2118815 0.4853669 0.0281127 0.0161401
1 0.6412387 0.4853669 0.0281127 0.0161401
26 0.2118815 0.5434710 0.0281127 0.0161401
23 0.3550005 0.5434710 0.0281127 0.0161401
24 0.4981196 0.5434710 0.0281127 0.0161401
3 0.2118815 0.6015750 0.0281127 0.0161400
34 0.3550006 0.6010371 0.0664481 0.0581040
5 0.3550005 0.6015750 0.0281127 0.0161400
21 0.4252822 0.6015750 0.0281127 0.0161400
