17 0.2452962 0.5523960 0.0268757 0.0166048
31 0.3137071 0.5523960 0.0268757 0.0166048
32 0.3839505 0.3780452 0.4947575 0.4250838
33 0.3827288 0.1942851 0.4483358 0.0154978
2 0.1768853 0.2535090 0.0268757 0.0166048
9 0.3137071 0.2535090 0.0268757 0.0166048
23 0.3808964 0.2535090 0.0268757 0.0166048
12 0.4505289 0.2535090 0.0268757 0.0166048
34 0.5183290 0.2529555 0.0623028 0.0597774
4 0.5189398 0.2535090 0.0268757 0.0166048
30 0.2452962 0.3730638 0.0268757 0.0166049
3 0.4505289 0.3730638 0.0268757 0.0166049
27 0.5189398 0.3730638 0.0268757 0.0166049
14 0.1768853 0.4328412 0.0268757 0.0166048
19 0.2452962 0.4328412 0.0268757 0.0166048
5 0.3137071 0.4328412 0.0268757 0.0166048
29 0.3808964 0.4328412 0.0268757 0.0166048
10 0.4505289 0.4328412 0.0268757 0.0166048
18 0.2452962 0.4926186 0.0268757 0.0166048
7 0.3808964 0.4926186 0.0268757 0.0166048
26 0.5873508 0.4926186 0.0268757 0.0166048
13 0.1768853 0.5523960 0.0268757 0.0166048
