20 0.3577206 0.5277981 0.0273039 0.0173140
2 0.5674640 0.5277981 0.0273038 0.0173140
32 0.3608234 0.3460007 0.5026394 0.4432394
33 0.3595823 0.1543920 0.4554781 0.0161598
22 0.1504595 0.2161454 0.0273039 0.0173140
6 0.2199602 0.2161454 0.0273038 0.0173140
29 0.2894610 0.2161454 0.0273038 0.0173140
13 0.4979632 0.2161454 0.0273039 0.0173140
23 0.5674640 0.2161454 0.0273038 0.0173140
4 0.2894610 0.2784760 0.0273038 0.0173140
8 0.4284624 0.2784760 0.0273039 0.0173140
1 0.5674640 0.2784760 0.0273038 0.0173140
19 0.2199602 0.3408065 0.0273038 0.0173140
24 0.3577206 0.4031370 0.0273039 0.0173140
5 0.4284624 0.4031370 0.0273039 0.0173140
30 0.4979632 0.4031370 0.0273039 0.0173140
15 0.5674640 0.4031370 0.0273038 0.0173140
27 0.1504595 0.4654676 0.0273039 0.0173140
26 0.2894610 0.4654676 0.0273038 0.0173140
34 0.3577206 0.4648904 0.0645364 0.0623305
20 0.3577206 0.4654676 0.0273039 0.0173140
16 0.1504595 0.5277981 0.0273039 0.0173140
