29 0.2455082 0.7263352 0.0283680 0.0171284
4 0.4621362 0.7263352 0.0283680 0.0171284
32 0.3196517 0.5464866 0.5222283 0.4384879
33 0.3183622 0.3569320 0.4732291 0.0159865
22 0.1010895 0.4180234 0.0283680 0.0171284
24 0.3899268 0.4180234 0.0283680 0.0171284
26 0.1732988 0.4796857 0.0283680 0.0171284
15 0.2455082 0.4796857 0.0283680 0.0171284
13 0.3164281 0.4796857 0.0283680 0.0171284
20 0.4621362 0.4796857 0.0283680 0.0171284
9 0.5343456 0.4796857 0.0283680 0.0171284
3 0.1010895 0.5413481 0.0283680 0.0171284
18 0.3164281 0.5413481 0.0283680 0.0171284
21 0.3899268 0.5413481 0.0283680 0.0171284
34 0.5343456 0.6024395 0.0670515 0.0616623
30 0.5343456 0.6030104 0.0283680 0.0171284
10 0.1010895 0.6646729 0.0283680 0.0171284
5 0.1732988 0.6646729 0.0283680 0.0171284
16 0.2455082 0.6646729 0.0283680 0.0171284
1 0.4621362 0.6646729 0.0283680 0.0171284
7 0.5343456 0.6646729 0.0283680 0.0171284
11 0.1010895 0.7263352 0.0283680 0.0171284
