20 0.2977851 0.7982819 0.0269934 0.0167673
1 0.6413370 0.7982819 0.0269934 0.0167673
32 0.4370463 0.6222249 0.4969232 0.4292437
33 0.4358193 0.4366665 0.4502983 0.0156495
6 0.2290747 0.4964700 0.0269934 0.0167673
17 0.2977851 0.4964700 0.0269934 0.0167673
21 0.6413370 0.4964700 0.0269934 0.0167673
23 0.2290747 0.5568324 0.0269934 0.0167673
8 0.5039162 0.5568324 0.0269933 0.0167673
27 0.5726266 0.5568324 0.0269933 0.0167673
2 0.4339789 0.6171948 0.0269934 0.0167673
14 0.5039162 0.6171948 0.0269933 0.0167673
34 0.5720131 0.6166359 0.0625755 0.0603623
26 0.5726266 0.6171948 0.0269933 0.0167673
16 0.6413370 0.6171948 0.0269934 0.0167673
25 0.5039162 0.6775572 0.0269933 0.0167673
18 0.5726266 0.6775572 0.0269933 0.0167673
3 0.3664955 0.7379195 0.0269933 0.0167674
10 0.4339789 0.7379195 0.0269934 0.0167674
15 0.5039162 0.7379195 0.0269933 0.0167674
26 0.5726266 0.7379195 0.0269933 0.0167674
5 0.2290747 0.7982819 0.0269934 0.0167673
