8 0.5939116 0.7571182 0.0271189 0.0168237
5 0.6629414 0.7571182 0.0271188 0.0168237
32 0.4577008 0.5804693 0.4992339 0.4306867
33 0.4564682 0.3942870 0.4523922 0.0157021
24 0.2487622 0.4542916 0.0271189 0.0168237
9 0.6629414 0.4542916 0.0271188 0.0168237
3 0.2487622 0.5148569 0.0271189 0.0168237
30 0.3177921 0.5148569 0.0271189 0.0168237
6 0.5939116 0.5148569 0.0271189 0.0168237
29 0.6629414 0.5148569 0.0271188 0.0168237
27 0.2487622 0.5754222 0.0271189 0.0168237
34 0.3171758 0.5748614 0.0628665 0.0605653
31 0.3177921 0.5754222 0.0271189 0.0168237
15 0.4546191 0.5754222 0.0271189 0.0168237
23 0.5248817 0.5754222 0.0271189 0.0168237
25 0.2487622 0.6359875 0.0271189 0.0168237
14 0.2487622 0.6965529 0.0271189 0.0168237
31 0.3868220 0.6965529 0.0271189 0.0168237
18 0.4546191 0.6965529 0.0271189 0.0168237
21 0.5248817 0.6965529 0.0271189 0.0168237
20 0.2487622 0.7571182 0.0271189 0.0168237
1 0.5248817 0.7571182 0.0271189 0.0168237
