1 0.4941986 0.6998391 0.0287950 0.0170471
13 0.5674950 0.6998391 0.0287950 0.0170471
32 0.3495691 0.5208451 0.5300900 0.4364045
33 0.3482602 0.3321910 0.4803531 0.0159106
18 0.1277166 0.3929922 0.0287950 0.0170471
27 0.2010130 0.3929922 0.0287950 0.0170471
34 0.3462969 0.3924240 0.0680609 0.0613694
6 0.3462969 0.3929922 0.0287950 0.0170471
11 0.2010130 0.4543615 0.0287950 0.0170471
21 0.2743094 0.4543615 0.0287950 0.0170471
7 0.4209022 0.4543615 0.0287950 0.0170471
10 0.2743094 0.5157310 0.0287950 0.0170471
4 0.4209022 0.5157310 0.0287950 0.0170471
26 0.4941986 0.5157310 0.0287950 0.0170471
8 0.5674950 0.5157310 0.0287950 0.0170471
24 0.1277166 0.6384696 0.0287950 0.0170471
22 0.2010130 0.6384696 0.0287950 0.0170471
19 0.2743094 0.6384696 0.0287950 0.0170471
9 0.3462969 0.6384696 0.0287950 0.0170471
30 0.4209022 0.6384696 0.0287950 0.0170471
16 0.5674950 0.6384696 0.0287950 0.0170471
3 0.1277166 0.6998391 0.0287950 0.0170471
