26 0.6644281 0.4960932 0.0273881 0.0169363
20 0.4552829 0.5570640 0.0273881 0.0169363
32 0.5268653 0.3792325 0.5041894 0.4335702
33 0.5256205 0.1918037 0.4568827 0.0158072
27 0.4552829 0.2522100 0.0273881 0.0169363
13 0.6644281 0.2522100 0.0273881 0.0169363
21 0.7341432 0.2522100 0.0273881 0.0169363
14 0.3855679 0.3131808 0.0273881 0.0169364
5 0.4552829 0.3131808 0.0273881 0.0169364
22 0.5237531 0.3131808 0.0273881 0.0169364
4 0.3158528 0.3741516 0.0273881 0.0169364
29 0.3855679 0.3741516 0.0273881 0.0169364
11 0.4552829 0.3741516 0.0273881 0.0169364
7 0.6644281 0.3741516 0.0273881 0.0169364
25 0.7341432 0.3741516 0.0273881 0.0169364
18 0.3855679 0.4351224 0.0273881 0.0169363
8 0.4552829 0.4351224 0.0273881 0.0169363
24 0.5237531 0.4351224 0.0273881 0.0169363
31 0.5947131 0.4351224 0.0273881 0.0169363
16 0.7341432 0.4351224 0.0273881 0.0169363
34 0.3849454 0.4955287 0.0634905 0.0609708
5 0.3855679 0.4960932 0.0273881 0.0169363
