4 0.3159758 0.7147887 0.0268470 0.0163124
14 0.4538718 0.7147887 0.0268470 0.0163124
32 0.3190265 0.5435089 0.4942292 0.4175964
33 0.3178062 0.3629855 0.4478571 0.0152248
13 0.1805203 0.4211662 0.0268470 0.0163124
3 0.2488582 0.4211662 0.0268470 0.0163124
8 0.4538718 0.4211662 0.0268470 0.0163124
11 0.5222097 0.4211662 0.0268470 0.0163124
27 0.1121825 0.4798907 0.0268470 0.0163124
16 0.3159758 0.4798907 0.0268470 0.0163124
30 0.3855339 0.4798907 0.0268470 0.0163124
19 0.1121825 0.5386152 0.0268470 0.0163123
6 0.2488582 0.5386152 0.0268470 0.0163123
9 0.3855339 0.5386152 0.0268470 0.0163123
34 0.4532616 0.5380715 0.0622363 0.0587244
13 0.4538718 0.5386152 0.0268470 0.0163123
18 0.3159758 0.5973397 0.0268470 0.0163123
25 0.2488582 0.6560642 0.0268470 0.0163124
15 0.3159758 0.6560642 0.0268470 0.0163124
20 0.5222097 0.6560642 0.0268470 0.0163124
17 0.1805203 0.7147887 0.0268470 0.0163124
5 0.2488582 0.7147887 0.0268470 0.0163124
