8 0.6073605 0.6779744 0.0270366 0.0173031
2 0.6774098 0.6779744 0.0270366 0.0173031
32 0.6104328 0.4962922 0.4977192 0.4429584
33 0.6092038 0.3048050 0.4510195 0.0161495
17 0.4021281 0.3665193 0.0270366 0.0173031
3 0.4709486 0.3665193 0.0270366 0.0173031
34 0.6767953 0.3659425 0.0651337 0.0622910
23 0.6774098 0.3665193 0.0270366 0.0173031
9 0.7462302 0.3665193 0.0270366 0.0173031
24 0.4709486 0.4288103 0.0270366 0.0173031
27 0.5397690 0.4288103 0.0270366 0.0173031
22 0.4021281 0.4911013 0.0270366 0.0173031
6 0.5397690 0.4911013 0.0270366 0.0173031
25 0.7462302 0.4911013 0.0270366 0.0173031
1 0.5397690 0.5533923 0.0270366 0.0173031
23 0.6073605 0.5533923 0.0270366 0.0173031
4 0.4021281 0.6156834 0.0270366 0.0173031
19 0.4709486 0.6156834 0.0270366 0.0173031
18 0.5397690 0.6156834 0.0270366 0.0173031
5 0.6073605 0.6156834 0.0270366 0.0173031
7 0.8150507 0.6156834 0.0270366 0.0173031
31 0.4709486 0.6779744 0.0270366 0.0173031
