1 0.7456258 0.6265148 0.0276164 0.0173836
24 0.8159222 0.6265148 0.0276165 0.0173836
32 0.6069160 0.4439875 0.5083936 0.4450190
33 0.6056607 0.2516095 0.4606924 0.0162246
25 0.3941439 0.3136108 0.0276165 0.0173836
27 0.6753294 0.3136108 0.0276165 0.0173836
19 0.8159222 0.3136108 0.0276165 0.0173836
31 0.5347367 0.3761916 0.0276165 0.0173836
2 0.6037778 0.3761916 0.0276164 0.0173836
8 0.6753294 0.3761916 0.0276165 0.0173836
34 0.8159222 0.3756121 0.0652753 0.0625808
11 0.8159222 0.3761916 0.0276165 0.0173836
17 0.5347367 0.4387724 0.0276165 0.0173836
26 0.6753294 0.4387724 0.0276165 0.0173836
14 0.7456258 0.4387724 0.0276164 0.0173836
23 0.8159222 0.4387724 0.0276165 0.0173836
15 0.3941439 0.5013532 0.0276165 0.0173835
16 0.4644403 0.5013532 0.0276165 0.0173835
22 0.6753294 0.5013532 0.0276165 0.0173835
30 0.7456258 0.5013532 0.0276164 0.0173835
20 0.6753294 0.5639340 0.0276165 0.0173836
12 0.4644403 0.6265148 0.0276165 0.0173836
