1 0.4876146 0.7766541 0.0274409 0.0168926
27 0.5587116 0.7766541 0.0274409 0.0168926
32 0.4907329 0.5992816 0.5051626 0.4324510
33 0.4894856 0.4123366 0.4577647 0.0157664
6 0.3491627 0.4725870 0.0274409 0.0168926
9 0.4876146 0.4725870 0.0274409 0.0168926
31 0.5587116 0.4725870 0.0274409 0.0168926
34 0.6984109 0.4720239 0.0648604 0.0608134
18 0.6984109 0.4725870 0.0274409 0.0168926
4 0.2793130 0.5334004 0.0274409 0.0168926
5 0.6285612 0.5334004 0.0274409 0.0168926
24 0.6984109 0.5334004 0.0274409 0.0168926
12 0.4876146 0.5942139 0.0274409 0.0168926
22 0.5587116 0.5942139 0.0274409 0.0168926
15 0.3491627 0.6550273 0.0274409 0.0168926
29 0.4190123 0.6550273 0.0274409 0.0168926
30 0.6285612 0.6550273 0.0274409 0.0168926
8 0.2793130 0.7158407 0.0274409 0.0168926
10 0.3491627 0.7158407 0.0274409 0.0168926
19 0.4190123 0.7158407 0.0274409 0.0168926
11 0.5587116 0.7158407 0.0274409 0.0168926
14 0.6285612 0.7158407 0.0274409 0.0168926
