2 0.6015796 0.5416802 0.0268988 0.0158392
3 0.7397416 0.5987012 0.0268988 0.0158392
32 0.6046363 0.4323899 0.4951823 0.4054829
33 0.6034136 0.2571031 0.4487207 0.0147832
17 0.3973933 0.3135961 0.0268988 0.0158392
30 0.5343327 0.3135961 0.0268988 0.0158392
18 0.6015796 0.3135961 0.0268988 0.0158392
12 0.7397416 0.3135961 0.0268988 0.0158392
29 0.4658630 0.3706172 0.0268988 0.0158392
34 0.5343327 0.3700892 0.0635789 0.0570210
13 0.5343327 0.3706172 0.0268988 0.0158392
13 0.6015796 0.3706172 0.0268988 0.0158392
9 0.6712720 0.3706172 0.0268988 0.0158392
5 0.7397416 0.3706172 0.0268988 0.0158392
22 0.8082112 0.3706172 0.0268988 0.0158392
31 0.3973933 0.4276382 0.0268988 0.0158392
10 0.6015796 0.4276382 0.0268988 0.0158392
23 0.7397416 0.4276382 0.0268988 0.0158392
16 0.8082112 0.4276382 0.0268988 0.0158392
7 0.3973933 0.4846592 0.0268988 0.0158392
11 0.8082112 0.4846592 0.0268988 0.0158392
15 0.3973933 0.5416802 0.0268988 0.0158392
