34 0.3793605 0.5458716 0.0643402 0.0587697
7 0.3799675 0.5464158 0.0267073 0.0163249
32 0.3138062 0.3750039 0.4916568 0.4179184
33 0.3125923 0.1943413 0.4455260 0.0152366
22 0.1760210 0.2525669 0.0267073 0.0163249
6 0.4479497 0.2525669 0.0267073 0.0163249
14 0.3799675 0.3113367 0.0267073 0.0163249
5 0.1080388 0.3701064 0.0267073 0.0163249
27 0.1760210 0.3701064 0.0267073 0.0163249
10 0.2440031 0.3701064 0.0267073 0.0163249
31 0.3107713 0.3701064 0.0267073 0.0163249
21 0.1080388 0.4288762 0.0267073 0.0163249
15 0.1760210 0.4288762 0.0267073 0.0163249
9 0.3107713 0.4288762 0.0267073 0.0163249
20 0.3799675 0.4288762 0.0267073 0.0163249
24 0.5159318 0.4288762 0.0267073 0.0163249
26 0.2440031 0.4876460 0.0267073 0.0163249
1 0.3107713 0.4876460 0.0267073 0.0163249
11 0.3799675 0.4876460 0.0267073 0.0163249
19 0.1760210 0.5464158 0.0267073 0.0163249
3 0.2440031 0.5464158 0.0267073 0.0163249
30 0.3107713 0.5464158 0.0267073 0.0163249
