16 0.5539716 0.5747250 0.0281269 0.0163972
14 0.6971632 0.5747250 0.0281269 0.0163972
32 0.4842935 0.4025547 0.5177912 0.4197676
33 0.4830150 0.2210927 0.4692083 0.0153040
8 0.2675883 0.2795759 0.0281269 0.0163972
3 0.3391841 0.3386058 0.0281269 0.0163972
2 0.4107800 0.3386058 0.0281269 0.0163972
15 0.6255674 0.3386058 0.0281270 0.0163972
19 0.2675883 0.3976356 0.0281269 0.0163972
22 0.4107800 0.3976356 0.0281269 0.0163972
9 0.6971632 0.3976356 0.0281269 0.0163972
24 0.2675883 0.4566654 0.0281269 0.0163972
7 0.3391841 0.4566654 0.0281269 0.0163972
12 0.5539716 0.4566654 0.0281269 0.0163972
4 0.6255674 0.4566654 0.0281270 0.0163972
25 0.6971632 0.4566654 0.0281269 0.0163972
20 0.4107800 0.5156952 0.0281269 0.0163972
13 0.4810973 0.5156952 0.0281270 0.0163972
10 0.5539716 0.5156952 0.0281269 0.0163972
31 0.6971632 0.5156952 0.0281269 0.0163972
16 0.4810973 0.5747250 0.0281270 0.0163972
34 0.5533324 0.5741785 0.0677604 0.0590299
