7 0.5635134 0.7962913 0.0261916 0.0171304
25 0.6968524 0.7962913 0.0261916 0.0171304
32 0.4986297 0.6164229 0.4821634 0.4385362
33 0.4974392 0.4268474 0.4369234 0.0159883
34 0.4301744 0.4873745 0.0619074 0.0616692
5 0.4301744 0.4879455 0.0261916 0.0171303
4 0.6968524 0.4879455 0.0261916 0.0171303
29 0.5635134 0.5496147 0.0261916 0.0171303
10 0.6301830 0.5496147 0.0261916 0.0171303
24 0.6968524 0.5496147 0.0261916 0.0171303
12 0.3635049 0.6112838 0.0261916 0.0171304
6 0.4301744 0.6112838 0.0261916 0.0171304
27 0.4956534 0.6112838 0.0261916 0.0171304
8 0.6968524 0.6112838 0.0261916 0.0171304
21 0.3635049 0.6729530 0.0261916 0.0171303
20 0.5635134 0.6729530 0.0261916 0.0171303
1 0.6301830 0.6729530 0.0261916 0.0171303
15 0.6968524 0.6729530 0.0261916 0.0171303
31 0.4301744 0.7346221 0.0261916 0.0171303
13 0.2968354 0.7962913 0.0261916 0.0171304
5 0.4301744 0.7962913 0.0261916 0.0171304
