10 0.4867284 0.7561814 0.0285559 0.0174255
2 0.5607142 0.7561814 0.0285560 0.0174255
32 0.4899734 0.5732141 0.5256888 0.4460916
33 0.4886754 0.3803725 0.4763649 0.0162638
11 0.2699629 0.4425232 0.0285559 0.0174255
29 0.3426507 0.4425232 0.0285559 0.0174255
21 0.6334021 0.4425232 0.0285560 0.0174255
4 0.2699629 0.5052549 0.0285559 0.0174254
19 0.3426507 0.5052549 0.0285559 0.0174254
22 0.4867284 0.5052549 0.0285559 0.0174254
34 0.5600652 0.5046740 0.0687938 0.0627317
24 0.5607142 0.5052549 0.0285560 0.0174254
12 0.3426507 0.5679865 0.0285559 0.0174255
13 0.4153385 0.5679865 0.0285559 0.0174255
23 0.2699629 0.6307180 0.0285559 0.0174255
17 0.3426507 0.6307180 0.0285559 0.0174255
7 0.4867284 0.6307180 0.0285559 0.0174255
9 0.4153385 0.6934497 0.0285559 0.0174255
24 0.5607142 0.6934497 0.0285560 0.0174255
3 0.2699629 0.7561814 0.0285559 0.0174255
27 0.3426507 0.7561814 0.0285559 0.0174255
