34 0.3410613 0.7673051 0.0632141 0.0611404
1 0.3410613 0.7678712 0.0267444 0.0169835
32 0.3441005 0.5895450 0.4923407 0.4347760
33 0.3428848 0.4015950 0.4461457 0.0158512
15 0.2061235 0.4621693 0.0267444 0.0169834
19 0.2742002 0.4621693 0.0267444 0.0169834
29 0.3410613 0.4621693 0.0267444 0.0169834
16 0.1380468 0.5233097 0.0267444 0.0169834
8 0.2061235 0.5233097 0.0267444 0.0169834
17 0.4103537 0.5233097 0.0267444 0.0169834
26 0.2742002 0.5844500 0.0267444 0.0169835
7 0.4103537 0.5844500 0.0267444 0.0169835
5 0.5465072 0.5844500 0.0267444 0.0169835
31 0.2061235 0.6455904 0.0267444 0.0169835
4 0.4103537 0.6455904 0.0267444 0.0169835
18 0.5465072 0.6455904 0.0267444 0.0169835
6 0.1380468 0.7067308 0.0267444 0.0169835
22 0.2061235 0.7067308 0.0267444 0.0169835
9 0.2742002 0.7067308 0.0267444 0.0169835
14 0.3410613 0.7067308 0.0267444 0.0169835
23 0.4103537 0.7067308 0.0267444 0.0169835
