7 0.6127783 0.5671058 0.0267337 0.0161087
22 0.6820430 0.5671058 0.0267338 0.0161087
32 0.6158163 0.3979649 0.4921434 0.4123816
33 0.6146011 0.2196957 0.4459669 0.0150348
27 0.4098451 0.2771499 0.0267337 0.0161086
17 0.5459441 0.2771499 0.0267337 0.0161086
6 0.6127783 0.2771499 0.0267337 0.0161086
21 0.6127783 0.3351411 0.0267337 0.0161086
9 0.7500924 0.3351411 0.0267337 0.0161086
18 0.6820430 0.3931323 0.0267338 0.0161087
1 0.4098451 0.4511235 0.0267337 0.0161087
12 0.6820430 0.4511235 0.0267338 0.0161087
20 0.7500924 0.4511235 0.0267337 0.0161087
16 0.4778946 0.5091146 0.0267337 0.0161087
10 0.5459441 0.5091146 0.0267337 0.0161087
3 0.6127783 0.5091146 0.0267337 0.0161087
8 0.7500924 0.5091146 0.0267337 0.0161087
11 0.8181418 0.5091146 0.0267338 0.0161087
24 0.4778946 0.5671058 0.0267337 0.0161087
34 0.5459441 0.5665688 0.0631888 0.0579911
19 0.5459441 0.5671058 0.0267337 0.0161087
