21 0.4413692 0.5854810 0.0274537 0.0174626
1 0.7208979 0.5854810 0.0274538 0.0174626
32 0.5131232 0.4021233 0.5053979 0.4470434
33 0.5118753 0.2088702 0.4579779 0.0162985
34 0.3708630 0.2705715 0.0636427 0.0628655
7 0.3714870 0.2711536 0.0274537 0.0174626
14 0.5100034 0.2711536 0.0274537 0.0174626
31 0.3016048 0.3340191 0.0274537 0.0174626
22 0.4413692 0.3968845 0.0274537 0.0174626
9 0.5100034 0.3968845 0.0274537 0.0174626
10 0.6510158 0.3968845 0.0274537 0.0174626
8 0.7208979 0.3968845 0.0274538 0.0174626
2 0.3016048 0.4597501 0.0274537 0.0174626
11 0.4413692 0.4597501 0.0274537 0.0174626
27 0.7208979 0.4597501 0.0274538 0.0174626
13 0.3016048 0.5226155 0.0274537 0.0174626
17 0.3714870 0.5226155 0.0274537 0.0174626
18 0.4413692 0.5226155 0.0274537 0.0174626
30 0.5811335 0.5226155 0.0274537 0.0174626
24 0.7208979 0.5226155 0.0274538 0.0174626
6 0.3016048 0.5854810 0.0274537 0.0174626
