26 0.6274597 0.7961662 0.0270118 0.0159035
20 0.7649744 0.7961662 0.0270119 0.0159035
32 0.5605440 0.6291802 0.4972632 0.4071277
33 0.5593162 0.4531823 0.4506065 0.0148432
7 0.3524301 0.5099045 0.0270118 0.0159034
15 0.4211875 0.5099045 0.0270119 0.0159034
8 0.4899449 0.5099045 0.0270118 0.0159034
12 0.6962170 0.5099045 0.0270118 0.0159034
21 0.3524301 0.5671568 0.0270118 0.0159034
9 0.6274597 0.5671568 0.0270118 0.0159034
19 0.6962170 0.5671568 0.0270118 0.0159034
11 0.7649744 0.5671568 0.0270119 0.0159034
31 0.3524301 0.6244092 0.0270118 0.0159035
24 0.5574745 0.6244092 0.0270118 0.0159035
34 0.3524301 0.6811314 0.0638461 0.0572523
7 0.3524301 0.6816615 0.0270118 0.0159035
25 0.6962170 0.6816615 0.0270118 0.0159035
14 0.5574745 0.7389138 0.0270118 0.0159035
30 0.6274597 0.7389138 0.0270118 0.0159035
17 0.6962170 0.7389138 0.0270118 0.0159035
3 0.3524301 0.7961662 0.0270118 0.0159035
