19 0.4880425 0.5066700 0.0287056 0.0163706
17 0.6354846 0.5066700 0.0287055 0.0163706
32 0.4913046 0.3347789 0.5284429 0.4190867
33 0.4899997 0.1536112 0.4788605 0.0152792
15 0.2701414 0.2119996 0.0287055 0.0163706
10 0.6354846 0.2119996 0.0287055 0.0163706
11 0.7085533 0.2119996 0.0287055 0.0163706
34 0.2701414 0.2703880 0.0678494 0.0589341
23 0.2701414 0.2709337 0.0287055 0.0163706
8 0.4162787 0.2709337 0.0287056 0.0163706
9 0.5624160 0.2709337 0.0287056 0.0163706
13 0.6354846 0.2709337 0.0287055 0.0163706
4 0.4162787 0.3298678 0.0287056 0.0163706
18 0.5624160 0.3298678 0.0287056 0.0163706
2 0.2701414 0.3888018 0.0287055 0.0163706
26 0.4162787 0.3888018 0.0287056 0.0163706
5 0.7085533 0.3888018 0.0287055 0.0163706
21 0.2701414 0.4477359 0.0287055 0.0163706
27 0.4880425 0.4477359 0.0287056 0.0163706
12 0.3432101 0.5066700 0.0287056 0.0163706
6 0.4162787 0.5066700 0.0287056 0.0163706
