17 0.4814198 0.5734483 0.0278376 0.0166942
29 0.5522792 0.5734483 0.0278376 0.0166942
32 0.4124585 0.3981590 0.5124653 0.4273720
33 0.4111931 0.2134096 0.4643821 0.0155813
30 0.4814198 0.2729523 0.0278376 0.0166942
23 0.6231386 0.2729523 0.0278376 0.0166942
11 0.1979823 0.3330516 0.0278376 0.0166942
6 0.4092951 0.3330516 0.0278376 0.0166942
20 0.6231386 0.3330516 0.0278376 0.0166942
24 0.1979823 0.3931507 0.0278376 0.0166942
25 0.2688416 0.3931507 0.0278376 0.0166942
4 0.3397010 0.3931507 0.0278376 0.0166942
31 0.4814198 0.3931507 0.0278376 0.0166942
18 0.4092951 0.4532499 0.0278376 0.0166942
14 0.4814198 0.4532499 0.0278376 0.0166942
34 0.5516465 0.4526934 0.0645327 0.0600991
29 0.5522792 0.4532499 0.0278376 0.0166942
9 0.4814198 0.5133491 0.0278376 0.0166942
1 0.2688416 0.5734483 0.0278376 0.0166942
5 0.3397010 0.5734483 0.0278376 0.0166942
7 0.4092951 0.5734483 0.0278376 0.0166942
