22 0.5967773 0.5843982 0.0287554 0.0160270
3 0.6699728 0.5843982 0.0287555 0.0160270
32 0.5255423 0.4161147 0.5293606 0.4102913
33 0.5242353 0.2387492 0.4796922 0.0149585
23 0.3039951 0.2959121 0.0287554 0.0160270
16 0.3771907 0.2959121 0.0287554 0.0160270
7 0.6699728 0.2959121 0.0287555 0.0160270
12 0.7431684 0.2959121 0.0287553 0.0160270
30 0.3771907 0.3536093 0.0287554 0.0160270
14 0.5222747 0.3536093 0.0287554 0.0160270
2 0.6699728 0.3536093 0.0287555 0.0160270
19 0.3039951 0.4690038 0.0287554 0.0160270
20 0.3771907 0.4690038 0.0287554 0.0160270
34 0.5222747 0.4684696 0.0679673 0.0576972
9 0.5222747 0.4690038 0.0287554 0.0160270
31 0.5967773 0.4690038 0.0287554 0.0160270
27 0.3039951 0.5267010 0.0287554 0.0160270
15 0.3771907 0.5267010 0.0287554 0.0160270
1 0.4503862 0.5267010 0.0287554 0.0160270
11 0.5222747 0.5267010 0.0287554 0.0160270
10 0.4503862 0.5843982 0.0287554 0.0160270
