34 0.6549236 0.7297644 0.0693970 0.0625465
15 0.6555783 0.7303436 0.0288062 0.0173740
32 0.5842173 0.5479164 0.5302974 0.4447749
33 0.5829079 0.3556439 0.4805411 0.0162158
22 0.5089282 0.4176112 0.0288063 0.0173740
26 0.4356031 0.4801577 0.0288063 0.0173740
21 0.5089282 0.4801577 0.0288063 0.0173740
4 0.5809439 0.4801577 0.0288063 0.0173740
14 0.7289034 0.4801577 0.0288063 0.0173740
15 0.8022285 0.4801577 0.0288063 0.0173740
20 0.3622781 0.5427041 0.0288063 0.0173740
13 0.4356031 0.5427041 0.0288063 0.0173740
24 0.5089282 0.5427041 0.0288063 0.0173740
12 0.6555783 0.5427041 0.0288062 0.0173740
3 0.8022285 0.5427041 0.0288063 0.0173740
19 0.4356031 0.6052507 0.0288063 0.0173741
9 0.5089282 0.6052507 0.0288063 0.0173741
11 0.6555783 0.6052507 0.0288062 0.0173741
1 0.8022285 0.6052507 0.0288063 0.0173741
16 0.3622781 0.6677970 0.0288063 0.0173741
30 0.5809439 0.7303436 0.0288063 0.0173740
