22 0.4664746 0.7739497 0.0266368 0.0161445
21 0.5342773 0.7739497 0.0266368 0.0161445
32 0.4004879 0.6044327 0.4903594 0.4132985
33 0.3992772 0.4257672 0.4443504 0.0150682
7 0.1952634 0.4833491 0.0266368 0.0161444
24 0.2630662 0.4833491 0.0266368 0.0161444
17 0.3308690 0.4833491 0.0266368 0.0161444
20 0.6020802 0.4833491 0.0266368 0.0161444
8 0.3974610 0.5414693 0.0266368 0.0161445
34 0.4658692 0.5409311 0.0641705 0.0581201
23 0.4664746 0.5414693 0.0266368 0.0161445
11 0.6020802 0.5414693 0.0266368 0.0161445
30 0.1952634 0.5995893 0.0266368 0.0161445
1 0.3308690 0.5995893 0.0266368 0.0161445
27 0.5342773 0.5995893 0.0266368 0.0161445
14 0.6020802 0.5995893 0.0266368 0.0161445
9 0.1952634 0.6577094 0.0266368 0.0161445
10 0.3974610 0.6577094 0.0266368 0.0161445
31 0.4664746 0.6577094 0.0266368 0.0161445
16 0.5342773 0.6577094 0.0266368 0.0161445
15 0.3974610 0.7739497 0.0266368 0.0161445
