4 0.2280233 0.7353600 0.0288313 0.0161850
11 0.3748011 0.7353600 0.0288314 0.0161850
32 0.3033780 0.5654173 0.5307590 0.4143366
33 0.3020674 0.3863030 0.4809594 0.0151060
30 0.3001017 0.4440296 0.0288313 0.0161850
23 0.4481900 0.4440296 0.0288314 0.0161850
27 0.0812455 0.5022957 0.0288314 0.0161850
2 0.2280233 0.5022957 0.0288313 0.0161850
16 0.3748011 0.5022957 0.0288314 0.0161850
10 0.4481900 0.5022957 0.0288314 0.0161850
22 0.5215789 0.5022957 0.0288314 0.0161850
21 0.1546344 0.5605617 0.0288314 0.0161850
26 0.4481900 0.5605617 0.0288314 0.0161850
6 0.3001017 0.6188279 0.0288313 0.0161850
15 0.4481900 0.6188279 0.0288314 0.0161850
5 0.5215789 0.6188279 0.0288314 0.0161850
34 0.1539791 0.6765544 0.0668363 0.0582661
14 0.1546344 0.6770939 0.0288314 0.0161850
14 0.3001017 0.6770939 0.0288313 0.0161850
20 0.4481900 0.6770939 0.0288314 0.0161850
31 0.0812455 0.7353600 0.0288314 0.0161850
