27 0.5005300 0.6661229 0.0267561 0.0158917
11 0.5686365 0.6661229 0.0267561 0.0158917
32 0.3661412 0.4992599 0.4925560 0.4068281
33 0.3649250 0.3233915 0.4463409 0.0148323
13 0.2281039 0.3800720 0.0267561 0.0158917
23 0.2962104 0.4372822 0.0267561 0.0158917
1 0.5005300 0.4372822 0.0267561 0.0158917
20 0.1599974 0.4944924 0.0267561 0.0158917
31 0.4324235 0.4944924 0.0267561 0.0158917
2 0.5686365 0.4944924 0.0267561 0.0158917
24 0.1599974 0.5517026 0.0267561 0.0158917
25 0.2962104 0.5517026 0.0267561 0.0158917
7 0.1599974 0.6089128 0.0267561 0.0158917
9 0.2962104 0.6089128 0.0267561 0.0158917
17 0.3631007 0.6089128 0.0267561 0.0158917
12 0.5686365 0.6089128 0.0267561 0.0158917
14 0.2281039 0.6661229 0.0267561 0.0158917
26 0.2962104 0.6661229 0.0267561 0.0158917
30 0.3631007 0.6661229 0.0267561 0.0158917
34 0.4318154 0.6655933 0.0644579 0.0572102
19 0.4324235 0.6661229 0.0267561 0.0158917
