20 0.3700459 0.7257733 0.0283231 0.0162740
7 0.5155236 0.7257733 0.0283231 0.0162740
32 0.3732645 0.5548962 0.5214023 0.4166148
33 0.3719770 0.3747971 0.4724806 0.0151891
22 0.1550480 0.4328411 0.0283231 0.0162740
23 0.2271431 0.4328411 0.0283231 0.0162740
3 0.3700459 0.4328411 0.0283231 0.0162740
29 0.4434285 0.4328411 0.0283231 0.0162740
8 0.4434285 0.4914275 0.0283231 0.0162740
6 0.5876188 0.4914275 0.0283231 0.0162740
18 0.2271431 0.5500140 0.0283231 0.0162740
24 0.3700459 0.5500140 0.0283231 0.0162740
26 0.5155236 0.5500140 0.0283231 0.0162740
15 0.1550480 0.6086004 0.0283231 0.0162740
4 0.2992382 0.6086004 0.0283231 0.0162740
25 0.5155236 0.6086004 0.0283231 0.0162740
13 0.2271431 0.6671869 0.0283231 0.0162740
21 0.2992382 0.6671869 0.0283231 0.0162740
1 0.5155236 0.6671869 0.0283231 0.0162740
34 0.2992382 0.7252308 0.0669455 0.0585864
9 0.2992382 0.7257733 0.0283231 0.0162740
