6 0.5399504 0.6852636 0.0272871 0.0159749
20 0.6094083 0.6852636 0.0272871 0.0159749
32 0.4723529 0.5175269 0.5023298 0.4089581
33 0.4711126 0.3407377 0.4551976 0.0149099
19 0.4692521 0.3977149 0.0272871 0.0159749
25 0.2621186 0.4552247 0.0272871 0.0159749
13 0.4010345 0.4552247 0.0272871 0.0159749
7 0.5399504 0.4552247 0.0272871 0.0159749
14 0.3315765 0.5127344 0.0272871 0.0159749
17 0.4010345 0.5127344 0.0272871 0.0159749
10 0.4692521 0.5127344 0.0272871 0.0159749
8 0.6788663 0.5127344 0.0272871 0.0159749
12 0.3315765 0.5702441 0.0272871 0.0159749
15 0.4010345 0.5702441 0.0272871 0.0159749
11 0.6094083 0.5702441 0.0272871 0.0159749
24 0.3315765 0.6277539 0.0272871 0.0159749
31 0.4010345 0.6277539 0.0272871 0.0159749
18 0.5399504 0.6277539 0.0272871 0.0159749
26 0.3315765 0.6852636 0.0272871 0.0159749
29 0.4692521 0.6852636 0.0272871 0.0159749
34 0.5393302 0.6847312 0.0657370 0.0575097
