2 0.6981474 0.6112316 0.0286434 0.0167611
15 0.7710579 0.6112316 0.0286434 0.0167611
32 0.6271899 0.4352393 0.5272991 0.4290859
33 0.6258879 0.2497491 0.4778241 0.0156438
30 0.4794160 0.3095306 0.0286434 0.0167612
1 0.5523265 0.3095306 0.0286434 0.0167612
4 0.6239350 0.3095306 0.0286434 0.0167612
22 0.5523265 0.3698707 0.0286434 0.0167612
13 0.6239350 0.3698707 0.0286434 0.0167612
9 0.7710579 0.3698707 0.0286434 0.0167612
11 0.4065055 0.4302110 0.0286434 0.0167612
34 0.5523265 0.4296523 0.0677026 0.0603402
14 0.5523265 0.4302110 0.0286434 0.0167612
31 0.6239350 0.4302110 0.0286434 0.0167612
21 0.7710579 0.4302110 0.0286434 0.0167612
12 0.8439684 0.4302110 0.0286433 0.0167612
24 0.4794160 0.4905512 0.0286434 0.0167611
5 0.7710579 0.4905512 0.0286434 0.0167611
19 0.5523265 0.5508914 0.0286434 0.0167612
20 0.6239350 0.5508914 0.0286434 0.0167612
6 0.7710579 0.5508914 0.0286434 0.0167612
