26 0.3481553 0.7585693 0.0280170 0.0168530
10 0.4194714 0.7585693 0.0280170 0.0168530
32 0.2787494 0.5816125 0.5157685 0.4314376
33 0.2774759 0.3951056 0.4673754 0.0157295
19 0.0628908 0.4552148 0.0280171 0.0168531
5 0.2055230 0.4552148 0.0280171 0.0168531
34 0.3475185 0.4546530 0.0674956 0.0606709
7 0.3481553 0.4552148 0.0280170 0.0168531
23 0.4194714 0.4552148 0.0280170 0.0168531
3 0.2755656 0.5158857 0.0280171 0.0168530
15 0.2055230 0.5765566 0.0280171 0.0168530
2 0.4194714 0.5765566 0.0280170 0.0168530
13 0.4907876 0.5765566 0.0280171 0.0168530
22 0.0628908 0.6372275 0.0280171 0.0168530
4 0.3481553 0.6372275 0.0280170 0.0168530
8 0.0628908 0.6978984 0.0280171 0.0168530
27 0.1342069 0.6978984 0.0280171 0.0168530
30 0.2755656 0.6978984 0.0280171 0.0168530
25 0.3481553 0.6978984 0.0280170 0.0168530
14 0.4907876 0.6978984 0.0280171 0.0168530
24 0.2755656 0.7585693 0.0280171 0.0168530
