26 0.4724578 0.4955735 0.0262874 0.0169418
3 0.2705227 0.5565641 0.0262874 0.0169419
32 0.2735099 0.3786750 0.4839275 0.4337105
33 0.2723150 0.1911856 0.4385220 0.0158123
13 0.3386310 0.2516114 0.0262874 0.0169418
29 0.4055444 0.2516114 0.0262874 0.0169418
10 0.1378907 0.3126019 0.0262874 0.0169418
30 0.4724578 0.3126019 0.0262874 0.0169418
18 0.0709773 0.3735924 0.0262874 0.0169418
7 0.1378907 0.3735924 0.0262874 0.0169418
19 0.2048041 0.3735924 0.0262874 0.0169418
12 0.2705227 0.3735924 0.0262874 0.0169418
34 0.3380336 0.3730278 0.0633288 0.0609905
9 0.3386310 0.3735924 0.0262874 0.0169418
1 0.4055444 0.3735924 0.0262874 0.0169418
15 0.0709773 0.4345830 0.0262874 0.0169418
31 0.1378907 0.4345830 0.0262874 0.0169418
27 0.2048041 0.4345830 0.0262874 0.0169418
22 0.3386310 0.4345830 0.0262874 0.0169418
20 0.4055444 0.4345830 0.0262874 0.0169418
17 0.0709773 0.4955735 0.0262874 0.0169418
