30 0.2134803 0.5089459 0.0280629 0.0165690
23 0.2849130 0.5089459 0.0280629 0.0165690
32 0.3582592 0.3946201 0.5166119 0.4241654
33 0.3569836 0.2112569 0.4681397 0.0154644
25 0.2134803 0.2703529 0.0280629 0.0165689
5 0.3550702 0.2703529 0.0280629 0.0165689
22 0.4277785 0.2703529 0.0280629 0.0165689
11 0.4992113 0.2703529 0.0280629 0.0165689
7 0.5706441 0.2703529 0.0280629 0.0165689
34 0.2849130 0.3294489 0.0663304 0.0596483
17 0.2849130 0.3300012 0.0280629 0.0165690
26 0.4277785 0.3300012 0.0280629 0.0165690
6 0.4992113 0.3300012 0.0280629 0.0165690
16 0.1420475 0.3896494 0.0280629 0.0165689
19 0.2849130 0.3896494 0.0280629 0.0165689
15 0.4992113 0.3896494 0.0280629 0.0165689
21 0.1420475 0.4492977 0.0280629 0.0165689
10 0.2134803 0.4492977 0.0280629 0.0165689
17 0.4277785 0.4492977 0.0280629 0.0165689
4 0.4992113 0.4492977 0.0280629 0.0165689
18 0.1420475 0.5089459 0.0280629 0.0165690
