30 0.4081393 0.6841245 0.0265002 0.0170501
24 0.6779601 0.6841245 0.0265002 0.0170501
32 0.5448566 0.5050988 0.4878455 0.4364817
33 0.5436520 0.3164114 0.4420724 0.0159134
7 0.4081393 0.3772233 0.0265002 0.0170501
19 0.5418452 0.3772233 0.0265002 0.0170501
20 0.7454153 0.3772233 0.0265002 0.0170501
3 0.3406842 0.4386035 0.0265002 0.0170500
31 0.4755946 0.4386035 0.0265002 0.0170500
34 0.5418452 0.4380352 0.0626369 0.0613802
23 0.5418452 0.4386035 0.0265002 0.0170500
22 0.3406842 0.4999838 0.0265002 0.0170500
8 0.5418452 0.4999838 0.0265002 0.0170500
14 0.7454153 0.4999838 0.0265002 0.0170500
4 0.3406842 0.5613640 0.0265002 0.0170501
1 0.4755946 0.5613640 0.0265002 0.0170501
17 0.5418452 0.5613640 0.0265002 0.0170501
6 0.7454153 0.5613640 0.0265002 0.0170501
9 0.4081393 0.6227443 0.0265002 0.0170500
12 0.5418452 0.6227443 0.0265002 0.0170500
13 0.6105049 0.6227443 0.0265002 0.0170500
