34 0.4125647 0.5811148 0.0650259 0.0575500
21 0.4131782 0.5816477 0.0269918 0.0159861
32 0.3463120 0.4137932 0.4968959 0.4092451
33 0.3450850 0.2368799 0.4502735 0.0149204
18 0.1383518 0.2938972 0.0269919 0.0159862
12 0.2757650 0.2938972 0.0269919 0.0159862
17 0.3432447 0.3514472 0.0269919 0.0159861
23 0.4818848 0.3514472 0.0269918 0.0159861
10 0.4131782 0.4089974 0.0269918 0.0159861
21 0.4818848 0.4089974 0.0269918 0.0159861
1 0.1383518 0.4665474 0.0269919 0.0159862
4 0.2757650 0.4665474 0.0269919 0.0159862
14 0.4818848 0.4665474 0.0269918 0.0159862
27 0.5505914 0.4665474 0.0269918 0.0159862
9 0.1383518 0.5240975 0.0269919 0.0159861
8 0.2070584 0.5240975 0.0269919 0.0159861
7 0.3432447 0.5240975 0.0269919 0.0159861
5 0.4131782 0.5240975 0.0269918 0.0159861
15 0.4818848 0.5240975 0.0269918 0.0159861
22 0.5505914 0.5240975 0.0269918 0.0159861
31 0.2070584 0.5816477 0.0269919 0.0159861
