26 0.4528545 0.6706828 0.0281956 0.0169981
15 0.5976774 0.6706828 0.0281956 0.0169981
32 0.4560585 0.4922026 0.5190556 0.4351517
33 0.4547769 0.3040902 0.4703540 0.0158649
21 0.2388242 0.3647167 0.0281956 0.0169981
17 0.3823655 0.3647167 0.0281956 0.0169981
6 0.4528545 0.3647167 0.0281956 0.0169981
30 0.5976774 0.3647167 0.0281956 0.0169981
1 0.2388242 0.4259099 0.0281956 0.0169981
3 0.3105948 0.4259099 0.0281956 0.0169981
34 0.3823655 0.4253434 0.0666442 0.0611932
13 0.3823655 0.4259099 0.0281956 0.0169981
11 0.5976774 0.4259099 0.0281956 0.0169981
18 0.3105948 0.4871032 0.0281956 0.0169981
23 0.3823655 0.4871032 0.0281956 0.0169981
9 0.4528545 0.4871032 0.0281956 0.0169981
5 0.2388242 0.5482963 0.0281956 0.0169981
8 0.3105948 0.5482963 0.0281956 0.0169981
14 0.5259068 0.5482963 0.0281956 0.0169981
24 0.2388242 0.6094896 0.0281956 0.0169981
10 0.5976774 0.6094896 0.0281956 0.0169981
