13 0.3400662 0.6203780 0.0271802 0.0163339
31 0.4796736 0.6203780 0.0271802 0.0163339
32 0.3431549 0.4488720 0.5003627 0.4181479
33 0.3419194 0.2681102 0.4534151 0.0152450
2 0.1337438 0.3263678 0.0271802 0.0163339
17 0.3400662 0.3263678 0.0271802 0.0163339
34 0.4790559 0.3258233 0.0630087 0.0588020
2 0.4796736 0.3263678 0.0271802 0.0163339
23 0.3400662 0.3851698 0.0271802 0.0163339
9 0.4104877 0.3851698 0.0271802 0.0163339
4 0.5488596 0.3851698 0.0271802 0.0163339
30 0.1337438 0.4439719 0.0271802 0.0163339
8 0.2029298 0.4439719 0.0271802 0.0163339
29 0.2721157 0.4439719 0.0271802 0.0163339
15 0.3400662 0.4439719 0.0271802 0.0163339
24 0.4104877 0.4439719 0.0271802 0.0163339
1 0.5488596 0.4439719 0.0271802 0.0163339
6 0.1337438 0.5027739 0.0271802 0.0163340
21 0.2029298 0.5027739 0.0271802 0.0163340
11 0.1337438 0.5615760 0.0271802 0.0163339
3 0.4104877 0.5615760 0.0271802 0.0163339
