30 0.5632086 0.8087463 0.0268259 0.0168150
11 0.6314927 0.8087463 0.0268259 0.0168150
32 0.4284695 0.6321880 0.4938402 0.4304659
33 0.4272502 0.4461011 0.4475047 0.0156941
20 0.2217883 0.5060749 0.0268259 0.0168150
21 0.4949245 0.5060749 0.0268259 0.0168150
6 0.5632086 0.5060749 0.0268259 0.0168150
23 0.6314927 0.5060749 0.0268259 0.0168150
18 0.2217883 0.5666092 0.0268259 0.0168150
5 0.2900723 0.5666092 0.0268259 0.0168150
4 0.4254211 0.5666092 0.0268259 0.0168150
14 0.5632086 0.5666092 0.0268259 0.0168150
34 0.6314927 0.5660487 0.0634066 0.0605343
31 0.6314927 0.5666092 0.0268259 0.0168150
15 0.3583564 0.6271434 0.0268259 0.0168150
9 0.6314927 0.6271434 0.0268259 0.0168150
25 0.2217883 0.6876777 0.0268259 0.0168152
27 0.3583564 0.6876777 0.0268259 0.0168152
22 0.4949245 0.6876777 0.0268259 0.0168152
16 0.6314927 0.6876777 0.0268259 0.0168152
2 0.3583564 0.7482121 0.0268259 0.0168150
