18 0.7234473 0.6001275 0.0272794 0.0168520
14 0.7928854 0.6001275 0.0272793 0.0168520
32 0.5864307 0.4231817 0.5021874 0.4314107
33 0.5851907 0.2366865 0.4550686 0.0157285
3 0.3762560 0.2967919 0.0272793 0.0168520
6 0.5151324 0.2967919 0.0272793 0.0168520
2 0.5833308 0.2967919 0.0272793 0.0168520
10 0.6540089 0.2967919 0.0272793 0.0168520
29 0.5833308 0.3574590 0.0272793 0.0168520
12 0.7234473 0.3574590 0.0272794 0.0168520
16 0.6540089 0.4181261 0.0272793 0.0168520
25 0.3762560 0.4787933 0.0272793 0.0168519
24 0.4456942 0.4787933 0.0272793 0.0168519
20 0.5833308 0.4787933 0.0272793 0.0168519
34 0.6533890 0.4782315 0.0657183 0.0606671
8 0.6540089 0.4787933 0.0272793 0.0168519
7 0.7234473 0.4787933 0.0272794 0.0168519
22 0.5833308 0.5394604 0.0272793 0.0168519
9 0.4456942 0.6001275 0.0272793 0.0168520
27 0.5833308 0.6001275 0.0272793 0.0168520
4 0.6540089 0.6001275 0.0272793 0.0168520
