21 0.1516414 0.6585331 0.0263160 0.0166186
31 0.2186277 0.6585331 0.0263160 0.0166186
32 0.3543945 0.4840380 0.4844542 0.4254359
33 0.3531982 0.3001256 0.4389992 0.0155107
17 0.2856139 0.3593985 0.0263160 0.0166186
14 0.3514040 0.3593985 0.0263160 0.0166186
30 0.4195864 0.3593985 0.0263160 0.0166186
24 0.1516414 0.4192255 0.0263160 0.0166186
23 0.2856139 0.4192255 0.0263160 0.0166186
34 0.4189883 0.4186715 0.0633977 0.0598269
5 0.4195864 0.4192255 0.0263160 0.0166186
5 0.4865727 0.4192255 0.0263160 0.0166186
7 0.3514040 0.4790524 0.0263160 0.0166187
4 0.4195864 0.4790524 0.0263160 0.0166187
22 0.1516414 0.5388793 0.0263160 0.0166186
2 0.2186277 0.5388793 0.0263160 0.0166186
11 0.4865727 0.5388793 0.0263160 0.0166186
6 0.5535590 0.5388793 0.0263160 0.0166186
9 0.1516414 0.5987062 0.0263160 0.0166186
10 0.2186277 0.5987062 0.0263160 0.0166186
20 0.5535590 0.5987062 0.0263160 0.0166186
