14 0.3526786 0.7415488 0.0274272 0.0167137
8 0.4923080 0.7415488 0.0274272 0.0167137
32 0.2847340 0.5660552 0.5049096 0.4278702
33 0.2834873 0.3810905 0.4575354 0.0155994
31 0.2130493 0.4407027 0.0274272 0.0167137
30 0.2816173 0.4407027 0.0274272 0.0167137
34 0.4218700 0.4401455 0.0635812 0.0601692
2 0.4224933 0.4407027 0.0274272 0.0167137
5 0.4923080 0.4407027 0.0274272 0.0167137
4 0.0734200 0.5008719 0.0274272 0.0167137
17 0.2816173 0.5008719 0.0274272 0.0167137
23 0.3526786 0.5008719 0.0274272 0.0167137
21 0.4224933 0.5008719 0.0274272 0.0167137
16 0.1432347 0.5610411 0.0274272 0.0167137
25 0.1432347 0.6212104 0.0274272 0.0167137
24 0.2816173 0.6212104 0.0274272 0.0167137
15 0.3526786 0.6212104 0.0274272 0.0167137
18 0.2130493 0.6813797 0.0274272 0.0167137
22 0.4224933 0.6813797 0.0274272 0.0167137
27 0.0734200 0.7415488 0.0274272 0.0167137
10 0.2816173 0.7415488 0.0274272 0.0167137
