17 0.6854819 0.6877580 0.0279525 0.0174693
25 0.8277853 0.6877580 0.0279524 0.0174693
32 0.6162360 0.5043296 0.5145793 0.4472161
33 0.6149654 0.3110017 0.4662978 0.0163048
7 0.4008751 0.3733092 0.0279525 0.0174694
8 0.4720267 0.3733092 0.0279525 0.0174694
13 0.6130596 0.3733092 0.0279524 0.0174694
12 0.6854819 0.3733092 0.0279525 0.0174694
27 0.8277853 0.3733092 0.0279524 0.0174694
23 0.4008751 0.4361990 0.0279525 0.0174694
10 0.5431785 0.4361990 0.0279524 0.0174694
14 0.5431785 0.4990887 0.0279524 0.0174693
26 0.6130596 0.4990887 0.0279524 0.0174693
20 0.4008751 0.5619785 0.0279525 0.0174694
15 0.6854819 0.5619785 0.0279525 0.0174694
18 0.7566336 0.5619785 0.0279525 0.0174694
3 0.8277853 0.5619785 0.0279524 0.0174694
34 0.4008751 0.6242860 0.0660695 0.0628897
24 0.4008751 0.6248683 0.0279525 0.0174693
6 0.7566336 0.6248683 0.0279525 0.0174693
21 0.4008751 0.6877580 0.0279525 0.0174693
