20 0.5421810 0.5969358 0.0276364 0.0172062
10 0.6125282 0.5969358 0.0276364 0.0172062
32 0.4033710 0.4162708 0.5087607 0.4404784
33 0.4021148 0.2258556 0.4610252 0.0160591
19 0.2607924 0.2872243 0.0276364 0.0172062
26 0.4718339 0.2872243 0.0276364 0.0172062
18 0.6125282 0.2872243 0.0276364 0.0172062
11 0.4002305 0.3491666 0.0276364 0.0172061
34 0.4712057 0.3485931 0.0665786 0.0619422
18 0.4718339 0.3491666 0.0276364 0.0172061
31 0.6125282 0.3491666 0.0276364 0.0172061
25 0.3311395 0.4111089 0.0276364 0.0172062
6 0.4002305 0.4111089 0.0276364 0.0172062
30 0.1904452 0.4730512 0.0276364 0.0172062
4 0.2607924 0.4730512 0.0276364 0.0172062
3 0.3311395 0.4730512 0.0276364 0.0172062
1 0.2607924 0.5349935 0.0276364 0.0172062
5 0.4002305 0.5349935 0.0276364 0.0172062
27 0.6125282 0.5349935 0.0276364 0.0172062
7 0.2607924 0.5969358 0.0276364 0.0172062
8 0.4718339 0.5969358 0.0276364 0.0172062
