29 0.5511018 0.6782878 0.0263588 0.0174944
31 0.7535849 0.6782878 0.0263587 0.0174944
32 0.5540971 0.4945959 0.4852406 0.4478584
33 0.5528989 0.3009905 0.4397119 0.0163282
21 0.4181099 0.3633874 0.0263588 0.0174944
15 0.6193949 0.3633874 0.0263588 0.0174944
10 0.6864899 0.3633874 0.0263587 0.0174944
4 0.3510149 0.4263675 0.0263588 0.0174945
24 0.4181099 0.4263675 0.0263588 0.0174945
18 0.5511018 0.4263675 0.0263588 0.0174945
8 0.6864899 0.4263675 0.0263587 0.0174945
7 0.6193949 0.4893476 0.0263588 0.0174944
5 0.6864899 0.4893476 0.0263587 0.0174944
34 0.3510149 0.5517445 0.0623025 0.0629801
24 0.3510149 0.5523277 0.0263588 0.0174944
22 0.6864899 0.5523277 0.0263587 0.0174944
16 0.5511018 0.6153078 0.0263588 0.0174944
19 0.6193949 0.6153078 0.0263588 0.0174944
23 0.7535849 0.6153078 0.0263587 0.0174944
3 0.3510149 0.6782878 0.0263588 0.0174944
25 0.4181099 0.6782878 0.0263588 0.0174944
