15 0.4578421 0.8108630 0.0270505 0.0170037
8 0.5266978 0.8108630 0.0270505 0.0170037
32 0.3219750 0.6323239 0.4979745 0.4352953
33 0.3207454 0.4441494 0.4512510 0.0158701
7 0.2512749 0.5047960 0.0270505 0.0170037
29 0.3189011 0.5047960 0.0270505 0.0170037
9 0.4578421 0.5047960 0.0270505 0.0170037
24 0.5266978 0.5047960 0.0270505 0.0170037
20 0.1135634 0.5660093 0.0270505 0.0170037
34 0.2512749 0.5654426 0.0639375 0.0612134
23 0.2512749 0.5660093 0.0270505 0.0170037
30 0.3189011 0.5660093 0.0270505 0.0170037
16 0.5266978 0.5660093 0.0270505 0.0170037
11 0.1824192 0.6272227 0.0270505 0.0170037
25 0.5266978 0.6272227 0.0270505 0.0170037
12 0.3189011 0.6884361 0.0270505 0.0170037
19 0.4578421 0.6884361 0.0270505 0.0170037
14 0.5266978 0.6884361 0.0270505 0.0170037
23 0.2512749 0.7496495 0.0270505 0.0170037
21 0.3189011 0.7496495 0.0270505 0.0170037
26 0.2512749 0.8108630 0.0270505 0.0170037
