15 0.5177590 0.5068465 0.0274802 0.0162322
2 0.5177590 0.5652825 0.0274802 0.0162322
32 0.3097837 0.3948443 0.5058858 0.4155445
33 0.3085346 0.2152079 0.4584200 0.0151500
9 0.0980611 0.2731027 0.0274802 0.0162322
10 0.2379604 0.2731027 0.0274802 0.0162322
34 0.3066610 0.2725617 0.0649532 0.0584359
31 0.3066610 0.2731027 0.0274802 0.0162322
25 0.4478094 0.2731027 0.0274802 0.0162322
29 0.1680107 0.3315387 0.0274802 0.0162322
1 0.3778597 0.3315387 0.0274802 0.0162322
12 0.4478094 0.3315387 0.0274802 0.0162322
30 0.5177590 0.3315387 0.0274802 0.0162322
21 0.2379604 0.3899746 0.0274802 0.0162322
14 0.3066610 0.3899746 0.0274802 0.0162322
27 0.5177590 0.3899746 0.0274802 0.0162322
6 0.1680107 0.4484106 0.0274802 0.0162322
19 0.2379604 0.4484106 0.0274802 0.0162322
13 0.5177590 0.4484106 0.0274802 0.0162322
23 0.3066610 0.5068465 0.0274802 0.0162322
24 0.4478094 0.5068465 0.0274802 0.0162322
