30 0.4396217 0.5738374 0.0287598 0.0160346
31 0.5128284 0.5738374 0.0287598 0.0160346
32 0.3683759 0.4054742 0.5294413 0.4104855
33 0.3670686 0.2280247 0.4797653 0.0149656
20 0.2200016 0.2852148 0.0287598 0.0160346
1 0.2932083 0.2852148 0.0287598 0.0160346
34 0.3651077 0.2846803 0.0679776 0.0577245
25 0.3651077 0.2852148 0.0287598 0.0160346
2 0.4396217 0.2852148 0.0287598 0.0160346
8 0.5128284 0.2852148 0.0287598 0.0160346
21 0.2200016 0.3429393 0.0287598 0.0160346
24 0.4396217 0.3429393 0.0287598 0.0160346
17 0.4396217 0.4006639 0.0287598 0.0160346
15 0.5860350 0.4006639 0.0287598 0.0160346
26 0.3651077 0.4583884 0.0287598 0.0160345
5 0.5128284 0.4583884 0.0287598 0.0160345
16 0.5860350 0.4583884 0.0287598 0.0160345
7 0.1467949 0.5161129 0.0287598 0.0160345
10 0.4396217 0.5161129 0.0287598 0.0160345
11 0.5128284 0.5161129 0.0287598 0.0160345
25 0.3651077 0.5738374 0.0287598 0.0160346
