23 0.2888229 0.5793939 0.0264809 0.0158961
27 0.6932590 0.5793939 0.0264810 0.0158961
32 0.4928465 0.4124848 0.4874899 0.4069402
33 0.4916428 0.2365680 0.4417501 0.0148364
20 0.4898373 0.2932640 0.0264809 0.0158961
10 0.5584470 0.2932640 0.0264809 0.0158961
22 0.6258530 0.2932640 0.0264809 0.0158961
6 0.4236349 0.3504900 0.0264809 0.0158961
11 0.4898373 0.3504900 0.0264809 0.0158961
19 0.6932590 0.3504900 0.0264810 0.0158961
25 0.2888229 0.4077160 0.0264809 0.0158961
1 0.4236349 0.4077160 0.0264809 0.0158961
9 0.4898373 0.4077160 0.0264809 0.0158961
15 0.5584470 0.4077160 0.0264809 0.0158961
14 0.6258530 0.4077160 0.0264809 0.0158961
30 0.2888229 0.5221680 0.0264809 0.0158961
18 0.3562289 0.5221680 0.0264809 0.0158961
34 0.4898373 0.5216381 0.0625913 0.0572260
3 0.4898373 0.5221680 0.0264809 0.0158961
2 0.5584470 0.5221680 0.0264809 0.0158961
12 0.6932590 0.5221680 0.0264810 0.0158961
