8 0.5542809 0.7198497 0.0283740 0.0160367
9 0.6265057 0.7198497 0.0283741 0.0160367
32 0.4117660 0.5514645 0.5223399 0.4105393
33 0.4104762 0.3739917 0.4733302 0.0149676
12 0.2653818 0.4311893 0.0283740 0.0160367
10 0.1931570 0.4889214 0.0283740 0.0160367
29 0.2653818 0.4889214 0.0283740 0.0160367
30 0.5542809 0.4889214 0.0283740 0.0160367
21 0.6265057 0.4889214 0.0283741 0.0160367
2 0.1931570 0.5466535 0.0283740 0.0160367
4 0.4085416 0.5466535 0.0283740 0.0160367
14 0.5542809 0.5466535 0.0283740 0.0160367
15 0.6265057 0.5466535 0.0283741 0.0160367
17 0.1931570 0.6043856 0.0283740 0.0160366
23 0.3376066 0.6043856 0.0283740 0.0160366
34 0.4085416 0.6038510 0.0670659 0.0577321
6 0.4085416 0.6043856 0.0283740 0.0160366
31 0.6265057 0.6043856 0.0283741 0.0160366
19 0.1931570 0.6621176 0.0283740 0.0160367
6 0.5542809 0.6621176 0.0283740 0.0160367
16 0.6265057 0.6621176 0.0283741 0.0160367
