27 0.2915713 0.6821695 0.0281835 0.0162006
18 0.4363322 0.6821695 0.0281835 0.0162006
32 0.2947740 0.5120631 0.5188332 0.4147355
33 0.2934929 0.3327764 0.4701525 0.0151206
22 0.0776327 0.3905585 0.0281835 0.0162006
34 0.1487321 0.3900185 0.0653345 0.0583222
20 0.1493726 0.3905585 0.0281835 0.0162006
23 0.2915713 0.3905585 0.0281835 0.0162006
21 0.4363322 0.3905585 0.0281835 0.0162006
20 0.2915713 0.4488808 0.0281835 0.0162006
8 0.0776327 0.5072029 0.0281835 0.0162006
1 0.2211125 0.5072029 0.0281835 0.0162006
16 0.2915713 0.5072029 0.0281835 0.0162006
5 0.3645923 0.5072029 0.0281836 0.0162006
10 0.0776327 0.5655251 0.0281835 0.0162006
24 0.3645923 0.5655251 0.0281836 0.0162006
11 0.4363322 0.5655251 0.0281835 0.0162006
29 0.5080721 0.5655251 0.0281835 0.0162006
7 0.0776327 0.6238473 0.0281835 0.0162006
15 0.2915713 0.6238473 0.0281835 0.0162006
3 0.4363322 0.6238473 0.0281835 0.0162006
