8 0.3758820 0.6363930 0.0272466 0.0170997
13 0.6533022 0.6363930 0.0272466 0.0170997
32 0.5164498 0.4568464 0.5015855 0.4377516
33 0.5152114 0.2676100 0.4545232 0.0159597
12 0.6533022 0.3285988 0.0272466 0.0170997
31 0.3065270 0.3901576 0.0272466 0.0170997
7 0.5839471 0.3901576 0.0272466 0.0170997
25 0.7226572 0.3901576 0.0272466 0.0170997
2 0.4452371 0.4517165 0.0272466 0.0170997
4 0.5133536 0.4517165 0.0272466 0.0170997
21 0.4452371 0.5132753 0.0272466 0.0170997
23 0.5133536 0.5132753 0.0272466 0.0170997
19 0.5839471 0.5132753 0.0272466 0.0170997
20 0.7226572 0.5132753 0.0272466 0.0170997
18 0.3065270 0.5748341 0.0272466 0.0170997
22 0.4452371 0.5748341 0.0272466 0.0170997
16 0.5839471 0.5748341 0.0272466 0.0170997
3 0.6533022 0.5748341 0.0272466 0.0170997
34 0.7226572 0.5742641 0.0644011 0.0615588
8 0.7226572 0.5748341 0.0272466 0.0170997
17 0.3065270 0.6363930 0.0272466 0.0170997
