7 0.3442298 0.5087071 0.0279858 0.0165352
18 0.5592114 0.5682340 0.0279858 0.0165352
32 0.3474100 0.3946139 0.5151927 0.4233024
33 0.3461379 0.2116238 0.4668536 0.0154329
27 0.2742654 0.2705995 0.0279858 0.0165353
10 0.4167384 0.2705995 0.0279858 0.0165353
9 0.5592114 0.2705995 0.0279858 0.0165353
21 0.2030288 0.3301264 0.0279858 0.0165352
8 0.3442298 0.3301264 0.0279858 0.0165352
2 0.4167384 0.3301264 0.0279858 0.0165352
25 0.1317923 0.3896533 0.0279858 0.0165352
22 0.2030288 0.3896533 0.0279858 0.0165352
12 0.3442298 0.3896533 0.0279858 0.0165352
14 0.4167384 0.3896533 0.0279858 0.0165352
13 0.5592114 0.3896533 0.0279858 0.0165352
23 0.1317923 0.4491802 0.0279858 0.0165352
34 0.2023928 0.4486290 0.0648761 0.0595268
13 0.2030288 0.4491802 0.0279858 0.0165352
24 0.4879749 0.4491802 0.0279858 0.0165352
17 0.1317923 0.5087071 0.0279858 0.0165352
30 0.2742654 0.5087071 0.0279858 0.0165352
