2 0.1900613 0.5589889 0.0281584 0.0164255
19 0.5484409 0.5589889 0.0281584 0.0164255
32 0.3353330 0.3865210 0.5183706 0.4204931
33 0.3340531 0.2047453 0.4697334 0.0153305
12 0.1900613 0.2633297 0.0281584 0.0164255
14 0.2617372 0.2633297 0.0281584 0.0164255
25 0.3321332 0.2633297 0.0281584 0.0164255
16 0.4050890 0.2633297 0.0281584 0.0164255
27 0.4767650 0.2633297 0.0281584 0.0164255
4 0.1183853 0.3224615 0.0281584 0.0164255
7 0.1900613 0.3224615 0.0281584 0.0164255
1 0.4050890 0.3224615 0.0281584 0.0164255
18 0.5484409 0.3224615 0.0281584 0.0164255
8 0.2617372 0.3815934 0.0281584 0.0164255
23 0.3321332 0.3815934 0.0281584 0.0164255
5 0.1900613 0.4407252 0.0281584 0.0164255
3 0.3321332 0.4407252 0.0281584 0.0164255
2 0.4767650 0.4407252 0.0281584 0.0164255
11 0.1900613 0.4998570 0.0281584 0.0164255
9 0.4050890 0.4998570 0.0281584 0.0164255
34 0.1894213 0.5584414 0.0652763 0.0591318
