22 0.5299836 0.7738784 0.0263537 0.0169326
31 0.5958679 0.7738784 0.0263538 0.0169326
32 0.5988627 0.5960862 0.4851485 0.4334743
33 0.5976648 0.4086989 0.4396283 0.0158037
14 0.5958679 0.4690918 0.0263538 0.0169326
16 0.6641481 0.4690918 0.0263538 0.0169326
15 0.7983125 0.4690918 0.0263538 0.0169326
7 0.4629013 0.5300491 0.0263538 0.0169326
34 0.5299836 0.5294847 0.0622907 0.0609573
2 0.5299836 0.5300491 0.0263537 0.0169326
27 0.5958679 0.5300491 0.0263538 0.0169326
20 0.7312303 0.5300491 0.0263538 0.0169326
18 0.3958191 0.5910064 0.0263537 0.0169326
6 0.4629013 0.5910064 0.0263538 0.0169326
26 0.5299836 0.5910064 0.0263537 0.0169326
23 0.7312303 0.5910064 0.0263538 0.0169326
30 0.3958191 0.6519637 0.0263537 0.0169326
17 0.7312303 0.6519637 0.0263538 0.0169326
9 0.7983125 0.6519637 0.0263538 0.0169326
19 0.5299836 0.7129210 0.0263537 0.0169326
25 0.7312303 0.7129210 0.0263538 0.0169326
