12 0.5181423 0.6153429 0.0274489 0.0167192
5 0.6578821 0.6153429 0.0274489 0.0167192
32 0.4501440 0.4397915 0.5053089 0.4280110
33 0.4488963 0.2547659 0.4578971 0.0156046
23 0.2386629 0.3143977 0.0274489 0.0167192
7 0.3085327 0.3143977 0.0274489 0.0167192
20 0.4470248 0.3143977 0.0274488 0.0167192
30 0.5880122 0.3143977 0.0274489 0.0167192
24 0.6578821 0.3143977 0.0274489 0.0167192
11 0.2386629 0.3745867 0.0274489 0.0167192
14 0.3784026 0.3745867 0.0274488 0.0167192
8 0.2386629 0.4347757 0.0274489 0.0167192
31 0.3085327 0.4347757 0.0274489 0.0167192
12 0.3784026 0.4347757 0.0274488 0.0167192
2 0.3085327 0.4949648 0.0274489 0.0167192
10 0.3784026 0.4949648 0.0274488 0.0167192
16 0.5181423 0.4949648 0.0274489 0.0167192
29 0.6578821 0.4949648 0.0274489 0.0167192
18 0.3784026 0.5551538 0.0274488 0.0167192
4 0.3085327 0.6153429 0.0274489 0.0167192
34 0.5175185 0.6147856 0.0661268 0.0601891
