17 0.3683740 0.7705735 0.0275150 0.0174565
13 0.4384122 0.7705735 0.0275150 0.0174565
32 0.3002119 0.5872801 0.5065258 0.4468868
33 0.2989613 0.3940946 0.4589999 0.0162927
14 0.0882215 0.4563562 0.0275150 0.0174565
15 0.2282978 0.4563562 0.0275150 0.0174565
30 0.3683740 0.4563562 0.0275150 0.0174565
10 0.1582596 0.5191997 0.0275150 0.0174565
16 0.1582596 0.5820432 0.0275150 0.0174565
8 0.3683740 0.5820432 0.0275150 0.0174565
34 0.4377869 0.5814612 0.0637848 0.0628434
4 0.4384122 0.5820432 0.0275150 0.0174565
20 0.5084503 0.5820432 0.0275150 0.0174565
12 0.1582596 0.6448866 0.0275150 0.0174565
19 0.2282978 0.6448866 0.0275150 0.0174565
31 0.4384122 0.6448866 0.0275150 0.0174565
25 0.5084503 0.6448866 0.0275150 0.0174565
18 0.1582596 0.7077300 0.0275150 0.0174565
4 0.0882215 0.7705735 0.0275150 0.0174565
5 0.1582596 0.7705735 0.0275150 0.0174565
6 0.2282978 0.7705735 0.0275150 0.0174565
