17 0.5043359 0.7378956 0.0277396 0.0160532
23 0.6468166 0.7378956 0.0277396 0.0160532
32 0.5074881 0.5693375 0.5106606 0.4109606
33 0.5062273 0.3916827 0.4627468 0.0149829
18 0.3643771 0.4489389 0.0277396 0.0160531
29 0.5043359 0.4489389 0.0277396 0.0160531
5 0.3643771 0.5067302 0.0277396 0.0160532
34 0.5755762 0.5061951 0.0668272 0.0577913
6 0.5762067 0.5067302 0.0277396 0.0160532
7 0.7174265 0.5067302 0.0277396 0.0160532
14 0.2937672 0.5645216 0.0277396 0.0160531
4 0.3643771 0.5645216 0.0277396 0.0160531
2 0.3643771 0.6223129 0.0277396 0.0160532
10 0.5043359 0.6223129 0.0277396 0.0160532
27 0.5762067 0.6223129 0.0277396 0.0160532
8 0.7174265 0.6223129 0.0277396 0.0160532
24 0.3643771 0.6801042 0.0277396 0.0160532
11 0.5762067 0.6801042 0.0277396 0.0160532
1 0.6468166 0.6801042 0.0277396 0.0160532
13 0.7174265 0.6801042 0.0277396 0.0160532
25 0.4349870 0.7378956 0.0277396 0.0160532
