27 0.6225935 0.5534684 0.0285660 0.0161336
9 0.7680203 0.5534684 0.0285661 0.0161336
32 0.5518276 0.3840651 0.5258743 0.4130213
33 0.5505292 0.2055195 0.4765329 0.0150581
25 0.4771664 0.2630628 0.0285660 0.0161336
34 0.6946577 0.2625250 0.0662212 0.0580811
28 0.6953069 0.2630628 0.0285661 0.0161336
3 0.3317395 0.3211439 0.0285660 0.0161336
15 0.4044530 0.3211439 0.0285660 0.0161336
5 0.6225935 0.3211439 0.0285660 0.0161336
13 0.4771664 0.3792251 0.0285660 0.0161336
4 0.5485815 0.3792251 0.0285660 0.0161336
19 0.6225935 0.3792251 0.0285660 0.0161336
6 0.7680203 0.3792251 0.0285661 0.0161336
17 0.4044530 0.4373062 0.0285660 0.0161336
11 0.6225935 0.4373062 0.0285660 0.0161336
24 0.6953069 0.4373062 0.0285661 0.0161336
2 0.3317395 0.4953873 0.0285660 0.0161336
8 0.4771664 0.4953873 0.0285660 0.0161336
20 0.6953069 0.4953873 0.0285661 0.0161336
10 0.4044530 0.5534684 0.0285660 0.0161336
