8 0.6487660 0.7641322 0.0261708 0.0170924
5 0.7153827 0.7641322 0.0261709 0.0170924
32 0.5839337 0.5846621 0.4817813 0.4375653
33 0.5827441 0.3955063 0.4365771 0.0159529
31 0.3822993 0.4564691 0.0261708 0.0170924
14 0.5155327 0.4564691 0.0261708 0.0170924
16 0.6487660 0.4564691 0.0261708 0.0170924
19 0.7819994 0.4564691 0.0261709 0.0170924
4 0.5155327 0.5180018 0.0261708 0.0170924
10 0.5809597 0.5180018 0.0261709 0.0170924
2 0.7819994 0.5795344 0.0261709 0.0170924
6 0.4489160 0.6410670 0.0261708 0.0170924
21 0.5155327 0.6410670 0.0261708 0.0170924
3 0.7153827 0.6410670 0.0261709 0.0170924
20 0.7819994 0.6410670 0.0261709 0.0170924
12 0.6487660 0.7025996 0.0261708 0.0170924
23 0.7153827 0.7025996 0.0261709 0.0170924
26 0.3822993 0.7641322 0.0261708 0.0170924
15 0.4489160 0.7641322 0.0261708 0.0170924
34 0.5809597 0.7635625 0.0618583 0.0615327
11 0.5809597 0.7641322 0.0261709 0.0170924
