7 0.4090389 0.6402007 0.0261654 0.0171178
9 0.6100369 0.6402007 0.0261654 0.0171178
32 0.4120123 0.4604638 0.4816817 0.4382158
33 0.4108229 0.2710267 0.4364869 0.0159766
6 0.2104196 0.3320802 0.0261654 0.0171178
4 0.3436253 0.3320802 0.0261654 0.0171178
8 0.4090389 0.3320802 0.0261654 0.0171178
30 0.4090389 0.3937043 0.0261654 0.0171178
17 0.4768311 0.3937043 0.0261654 0.0171178
18 0.2104196 0.4553284 0.0261654 0.0171179
34 0.4762365 0.4547578 0.0630349 0.0616241
1 0.4768311 0.4553284 0.0261654 0.0171179
13 0.5434341 0.4553284 0.0261654 0.0171179
29 0.2104196 0.5169525 0.0261654 0.0171178
27 0.2770225 0.5169525 0.0261654 0.0171178
1 0.4768311 0.5169525 0.0261654 0.0171178
19 0.3436253 0.5785766 0.0261654 0.0171178
24 0.4768311 0.5785766 0.0261654 0.0171178
2 0.5434341 0.5785766 0.0261654 0.0171178
16 0.6100369 0.5785766 0.0261654 0.0171178
11 0.2770225 0.6402007 0.0261654 0.0171178
