15 0.3050006 0.6815440 0.0277034 0.0159086
4 0.3767776 0.6815440 0.0277034 0.0159086
32 0.3081487 0.5145037 0.5099939 0.4072601
33 0.3068895 0.3384485 0.4621426 0.0148480
14 0.0947068 0.3951892 0.0277034 0.0159086
27 0.1652245 0.3951892 0.0277034 0.0159086
18 0.3767776 0.3951892 0.0277034 0.0159086
20 0.4472952 0.3951892 0.0277034 0.0159086
34 0.5178129 0.3946589 0.0654807 0.0572709
8 0.5178129 0.3951892 0.0277034 0.0159086
3 0.3050006 0.4524601 0.0277034 0.0159086
10 0.2357422 0.5097311 0.0277034 0.0159086
21 0.3050006 0.5097311 0.0277034 0.0159086
16 0.0947068 0.5670020 0.0277034 0.0159086
26 0.1652245 0.5670020 0.0277034 0.0159086
29 0.3050006 0.5670020 0.0277034 0.0159086
11 0.5178129 0.5670020 0.0277034 0.0159086
5 0.2357422 0.6242730 0.0277034 0.0159086
22 0.3767776 0.6242730 0.0277034 0.0159086
9 0.4472952 0.6242730 0.0277034 0.0159086
2 0.5178129 0.6242730 0.0277034 0.0159086
