19 0.4156565 0.7710765 0.0282225 0.0166572
2 0.7030130 0.7710765 0.0282225 0.0166572
32 0.6330981 0.5961759 0.5195508 0.4264242
33 0.6318153 0.4118363 0.4708028 0.0155467
31 0.4874956 0.4712469 0.0282225 0.0166572
18 0.6298911 0.4712469 0.0282225 0.0166572
8 0.7748521 0.4712469 0.0282226 0.0166572
3 0.4156565 0.5312128 0.0282225 0.0166572
7 0.4874956 0.5312128 0.0282225 0.0166572
6 0.4874956 0.5911787 0.0282225 0.0166572
13 0.5593347 0.5911787 0.0282225 0.0166572
5 0.6298911 0.5911787 0.0282225 0.0166572
21 0.7030130 0.5911787 0.0282225 0.0166572
19 0.8466912 0.5911787 0.0282225 0.0166572
22 0.4156565 0.6511446 0.0282225 0.0166572
12 0.6298911 0.6511446 0.0282225 0.0166572
15 0.7748521 0.6511446 0.0282226 0.0166572
25 0.4156565 0.7111106 0.0282225 0.0166572
14 0.4874956 0.7111106 0.0282225 0.0166572
26 0.7748521 0.7111106 0.0282226 0.0166572
34 0.4156565 0.7705212 0.0667078 0.0599659
