4 0.0709260 0.6815472 0.0270045 0.0166688
21 0.2084035 0.6815472 0.0270045 0.0166688
32 0.2789834 0.5065241 0.4971284 0.4267228
33 0.2777560 0.3220554 0.4504842 0.0155576
2 0.2084035 0.3815077 0.0270045 0.0166689
6 0.4833585 0.3815077 0.0270045 0.0166689
1 0.1396647 0.4415156 0.0270045 0.0166688
11 0.2084035 0.4415156 0.0270045 0.0166688
9 0.3458810 0.4415156 0.0270045 0.0166688
8 0.4833585 0.4415156 0.0270045 0.0166688
23 0.2759147 0.5015235 0.0270045 0.0166688
31 0.3458810 0.5015235 0.0270045 0.0166688
15 0.4146197 0.5015235 0.0270045 0.0166688
34 0.0709260 0.5609757 0.0638288 0.0600079
9 0.0709260 0.5615314 0.0270045 0.0166688
17 0.1396647 0.5615314 0.0270045 0.0166688
10 0.2084035 0.5615314 0.0270045 0.0166688
13 0.2759147 0.5615314 0.0270045 0.0166688
18 0.4146197 0.5615314 0.0270045 0.0166688
25 0.4833585 0.5615314 0.0270045 0.0166688
14 0.2759147 0.6215393 0.0270045 0.0166689
