26 0.8220296 0.5253531 0.0279604 0.0172841
4 0.6796855 0.5875760 0.0279604 0.0172841
32 0.6104199 0.4060925 0.5147263 0.4424741
33 0.6091490 0.2148146 0.4664310 0.0161319
13 0.5373415 0.2764614 0.0279604 0.0172841
11 0.6072426 0.2764614 0.0279605 0.0172841
6 0.6796855 0.2764614 0.0279604 0.0172841
14 0.8220296 0.2764614 0.0279604 0.0172841
25 0.4661694 0.3386843 0.0279605 0.0172841
9 0.6072426 0.3386843 0.0279605 0.0172841
20 0.7508575 0.3386843 0.0279604 0.0172841
29 0.8220296 0.3386843 0.0279604 0.0172841
1 0.3949974 0.4009072 0.0279604 0.0172841
5 0.4661694 0.4009072 0.0279605 0.0172841
3 0.5373415 0.4009072 0.0279604 0.0172841
21 0.6796855 0.4009072 0.0279604 0.0172841
34 0.8220296 0.4003311 0.0660883 0.0622229
18 0.8220296 0.4009072 0.0279604 0.0172841
17 0.3949974 0.4631302 0.0279604 0.0172841
12 0.5373415 0.4631302 0.0279604 0.0172841
19 0.7508575 0.5253531 0.0279604 0.0172841
