2 0.5526091 0.6481501 0.0280998 0.0163094
11 0.4095554 0.7068639 0.0280999 0.0163093
32 0.3399445 0.5356152 0.5172924 0.4175207
33 0.3386672 0.3551245 0.4687563 0.0152221
34 0.1234480 0.4127511 0.0664178 0.0587139
24 0.1234480 0.4132947 0.0280998 0.0163094
10 0.1949748 0.4132947 0.0280998 0.0163094
21 0.2665017 0.4132947 0.0280998 0.0163094
16 0.4095554 0.4132947 0.0280999 0.0163094
30 0.4810822 0.4132947 0.0280998 0.0163094
6 0.3367513 0.4720085 0.0280998 0.0163094
18 0.4095554 0.4720085 0.0280999 0.0163094
31 0.5526091 0.4720085 0.0280998 0.0163094
15 0.2665017 0.5307224 0.0280998 0.0163094
3 0.3367513 0.5307224 0.0280998 0.0163094
29 0.1234480 0.5894362 0.0280998 0.0163094
1 0.4095554 0.5894362 0.0280999 0.0163094
12 0.1234480 0.6481501 0.0280998 0.0163094
17 0.1949748 0.6481501 0.0280998 0.0163094
24 0.2665017 0.6481501 0.0280998 0.0163094
23 0.3367513 0.6481501 0.0280998 0.0163094
