24 0.1409344 0.6766694 0.0272380 0.0167035
15 0.4875995 0.6766694 0.0272380 0.0167035
32 0.2814576 0.5614151 0.5014262 0.4276100
33 0.2802195 0.3765629 0.4543788 0.0155899
29 0.1409344 0.4361388 0.0272380 0.0167035
12 0.4875995 0.4361388 0.0272380 0.0167035
30 0.0716014 0.4962714 0.0272380 0.0167035
8 0.2102674 0.4962714 0.0272380 0.0167035
34 0.2783624 0.4957147 0.0643807 0.0601326
8 0.2783624 0.4962714 0.0272380 0.0167035
11 0.3489335 0.4962714 0.0272380 0.0167035
2 0.4875995 0.4962714 0.0272380 0.0167035
10 0.2783624 0.5564041 0.0272380 0.0167035
1 0.3489335 0.5564041 0.0272380 0.0167035
31 0.4875995 0.5564041 0.0272380 0.0167035
13 0.1409344 0.6165367 0.0272380 0.0167035
5 0.2102674 0.6165367 0.0272380 0.0167035
9 0.2783624 0.6165367 0.0272380 0.0167035
22 0.4182664 0.6165367 0.0272380 0.0167035
25 0.4875995 0.6165367 0.0272380 0.0167035
18 0.0716014 0.6766694 0.0272380 0.0167035
