12 0.6766992 0.7386728 0.0261604 0.0166486
31 0.7432892 0.7386728 0.0261604 0.0166486
32 0.5453028 0.5638625 0.4815884 0.4262041
33 0.5441137 0.3796180 0.4364024 0.0155387
34 0.4097446 0.4384431 0.0606445 0.0599350
8 0.4103392 0.4389980 0.0261604 0.0166486
19 0.6766992 0.4389980 0.0261604 0.0166486
27 0.3437492 0.4989330 0.0261604 0.0166486
1 0.7432892 0.4989330 0.0261604 0.0166486
2 0.3437492 0.5588679 0.0261604 0.0166486
10 0.4103392 0.5588679 0.0261604 0.0166486
14 0.4769292 0.5588679 0.0261604 0.0166486
15 0.5423301 0.5588679 0.0261604 0.0166486
11 0.6766992 0.5588679 0.0261604 0.0166486
16 0.3437492 0.6188029 0.0261604 0.0166486
24 0.6101092 0.6188029 0.0261604 0.0166486
20 0.3437492 0.6787378 0.0261604 0.0166486
3 0.4103392 0.6787378 0.0261604 0.0166486
22 0.5423301 0.6787378 0.0261604 0.0166486
23 0.6101092 0.7386728 0.0261604 0.0166486
