34 0.6094702 0.6678126 0.0642170 0.0596994
9 0.6094702 0.6683653 0.0271687 0.0165832
32 0.4038523 0.4942420 0.5001516 0.4245292
33 0.4026173 0.3107215 0.4532238 0.0154776
22 0.2636863 0.3698682 0.0271687 0.0165832
4 0.3328431 0.3698682 0.0271687 0.0165832
31 0.6094702 0.3698682 0.0271687 0.0165832
8 0.3328431 0.4295676 0.0271687 0.0165832
1 0.4711567 0.4295676 0.0271687 0.0165832
5 0.1945296 0.4892671 0.0271687 0.0165832
16 0.3328431 0.4892671 0.0271687 0.0165832
21 0.4007649 0.4892671 0.0271687 0.0165832
7 0.1945296 0.5489665 0.0271687 0.0165831
3 0.2636863 0.5489665 0.0271687 0.0165831
24 0.3328431 0.5489665 0.0271687 0.0165831
10 0.4711567 0.5489665 0.0271687 0.0165831
23 0.3328431 0.6086659 0.0271687 0.0165832
17 0.5403134 0.6086659 0.0271687 0.0165832
15 0.3328431 0.6683653 0.0271687 0.0165832
26 0.5403134 0.6683653 0.0271687 0.0165832
