34 0.7885179 0.5199151 0.0653363 0.0596210
12 0.7885179 0.5204671 0.0276423 0.0165613
32 0.5793161 0.3465726 0.5088694 0.4239713
33 0.5780596 0.1632933 0.4611237 0.0154573
18 0.4367070 0.2223622 0.0276423 0.0165614
15 0.7181557 0.2223622 0.0276424 0.0165614
17 0.3663448 0.2819832 0.0276423 0.0165613
4 0.4367070 0.2819832 0.0276423 0.0165613
23 0.7885179 0.2819832 0.0276423 0.0165613
27 0.4367070 0.3416042 0.0276423 0.0165613
10 0.5761749 0.3416042 0.0276423 0.0165613
6 0.3663448 0.4012251 0.0276423 0.0165613
21 0.4367070 0.4012251 0.0276423 0.0165613
3 0.5070692 0.4012251 0.0276423 0.0165613
19 0.5761749 0.4012251 0.0276423 0.0165613
29 0.7181557 0.4012251 0.0276424 0.0165613
12 0.5070692 0.4608461 0.0276423 0.0165613
20 0.7885179 0.4608461 0.0276423 0.0165613
30 0.5761749 0.5204671 0.0276423 0.0165613
24 0.7181557 0.5204671 0.0276424 0.0165613
