6 0.2007495 0.6784633 0.0274389 0.0174478
22 0.3404388 0.6784633 0.0274390 0.0174478
32 0.4121542 0.4952620 0.5051261 0.4466621
33 0.4109070 0.3021737 0.4577316 0.0162846
3 0.3404388 0.3644040 0.0274390 0.0174477
2 0.4801279 0.3644040 0.0274390 0.0174477
21 0.3404388 0.4272158 0.0274390 0.0174477
5 0.4090361 0.4272158 0.0274389 0.0174477
26 0.4801279 0.4272158 0.0274390 0.0174477
9 0.2705942 0.4900277 0.0274389 0.0174477
13 0.4090361 0.4900277 0.0274389 0.0174477
8 0.5499725 0.4900277 0.0274389 0.0174477
14 0.6198171 0.4900277 0.0274389 0.0174477
29 0.3404388 0.5528396 0.0274390 0.0174478
30 0.4090361 0.5528396 0.0274389 0.0174478
1 0.5499725 0.5528396 0.0274389 0.0174478
20 0.2705942 0.6156514 0.0274389 0.0174477
34 0.3404388 0.6150699 0.0648557 0.0628119
15 0.3404388 0.6156514 0.0274390 0.0174477
16 0.4090361 0.6156514 0.0274389 0.0174477
