34 0.8104318 0.7775448 0.0634347 0.0588154
7 0.8104318 0.7780894 0.0268378 0.0163376
32 0.6073190 0.6065445 0.4940583 0.4182428
33 0.6060991 0.4257416 0.4477021 0.0152484
31 0.6738034 0.4840124 0.0268377 0.0163376
11 0.7421176 0.4840124 0.0268378 0.0163376
9 0.8104318 0.4840124 0.0268378 0.0163376
23 0.5371749 0.5428278 0.0268378 0.0163376
4 0.6042693 0.5428278 0.0268377 0.0163376
8 0.6738034 0.5428278 0.0268377 0.0163376
13 0.4005465 0.6016432 0.0268377 0.0163376
2 0.8104318 0.6016432 0.0268378 0.0163376
15 0.4688607 0.6604586 0.0268377 0.0163376
3 0.5371749 0.6604586 0.0268378 0.0163376
21 0.6738034 0.6604586 0.0268377 0.0163376
25 0.4005465 0.7192740 0.0268377 0.0163376
12 0.8104318 0.7192740 0.0268378 0.0163376
18 0.4005465 0.7780894 0.0268377 0.0163376
20 0.5371749 0.7780894 0.0268378 0.0163376
22 0.6738034 0.7780894 0.0268377 0.0163376
