22 0.7130180 0.4521370 0.0271397 0.0161612
2 0.7821010 0.5103171 0.0271398 0.0161611
32 0.6457854 0.3406251 0.4996185 0.4137250
33 0.6445518 0.1617753 0.4527407 0.0150837
23 0.5057688 0.2194167 0.0271398 0.0161611
29 0.8511841 0.2194167 0.0271398 0.0161611
26 0.5057688 0.2775968 0.0271398 0.0161611
3 0.6427013 0.2775968 0.0271398 0.0161611
11 0.7821010 0.2775968 0.0271398 0.0161611
24 0.8511841 0.2775968 0.0271398 0.0161611
5 0.4366858 0.3357768 0.0271397 0.0161612
13 0.5057688 0.3357768 0.0271398 0.0161612
20 0.5748519 0.3357768 0.0271398 0.0161612
12 0.7821010 0.3357768 0.0271398 0.0161612
7 0.8511841 0.3357768 0.0271398 0.0161612
8 0.5057688 0.3939569 0.0271398 0.0161612
18 0.5748519 0.3939569 0.0271398 0.0161612
34 0.4366858 0.4515983 0.0641486 0.0581801
19 0.4366858 0.4521370 0.0271397 0.0161612
27 0.6427013 0.4521370 0.0271398 0.0161612
