30 0.3389876 0.6192046 0.0268916 0.0161934
16 0.5455640 0.6192046 0.0268916 0.0161934
32 0.3420435 0.4491746 0.4950500 0.4145494
33 0.3408211 0.2699683 0.4486008 0.0151138
3 0.1348559 0.3277245 0.0268916 0.0161933
23 0.3389876 0.3277245 0.0268916 0.0161933
1 0.4086613 0.3277245 0.0268916 0.0161933
26 0.1348559 0.3860206 0.0268916 0.0161933
19 0.3389876 0.3860206 0.0268916 0.0161933
14 0.4086613 0.3860206 0.0268916 0.0161933
31 0.5455640 0.3860206 0.0268916 0.0161933
15 0.3389876 0.4443166 0.0268916 0.0161934
13 0.4086613 0.4443166 0.0268916 0.0161934
8 0.1348559 0.5026126 0.0268916 0.0161934
25 0.2033072 0.5026126 0.0268916 0.0161934
5 0.3389876 0.5026126 0.0268916 0.0161934
34 0.4080501 0.5020728 0.0647843 0.0582960
24 0.4086613 0.5026126 0.0268916 0.0161934
6 0.5455640 0.5026126 0.0268916 0.0161934
7 0.2033072 0.5609086 0.0268916 0.0161933
