24 0.3094325 0.7731404 0.0285100 0.0173953
13 0.3832993 0.7731404 0.0285100 0.0173953
32 0.3126722 0.5904901 0.5248434 0.4453189
33 0.3113763 0.3979824 0.4755988 0.0162356
29 0.3832993 0.4600256 0.0285100 0.0173953
10 0.2381574 0.5226486 0.0285100 0.0173952
4 0.3094325 0.5226486 0.0285100 0.0173952
20 0.5284412 0.5226486 0.0285100 0.0173952
6 0.0930156 0.5852715 0.0285100 0.0173952
21 0.1655865 0.5852715 0.0285100 0.0173952
1 0.3094325 0.5852715 0.0285100 0.0173952
18 0.4558702 0.5852715 0.0285100 0.0173952
9 0.0930156 0.6478945 0.0285100 0.0173953
3 0.1655865 0.6478945 0.0285100 0.0173953
34 0.3826514 0.6473146 0.0686832 0.0626230
27 0.3832993 0.6478945 0.0285100 0.0173953
11 0.4558702 0.6478945 0.0285100 0.0173953
23 0.1655865 0.7105174 0.0285100 0.0173953
5 0.3094325 0.7105174 0.0285100 0.0173953
7 0.1655865 0.7731404 0.0285100 0.0173953
