23 0.3034606 0.7510137 0.0287951 0.0167063
6 0.3780660 0.7510137 0.0287951 0.0167063
32 0.3067328 0.5755987 0.5300909 0.4276785
33 0.3054239 0.3907168 0.4803539 0.0155924
14 0.2314730 0.4503022 0.0287951 0.0167062
34 0.3774116 0.4497453 0.0693699 0.0601423
6 0.3780660 0.4503022 0.0287951 0.0167062
2 0.5246590 0.4503022 0.0287951 0.0167062
29 0.1581765 0.5104445 0.0287951 0.0167062
10 0.3780660 0.5104445 0.0287951 0.0167062
5 0.4513625 0.5104445 0.0287951 0.0167062
25 0.0848800 0.5705868 0.0287951 0.0167062
12 0.1581765 0.5705868 0.0287951 0.0167062
15 0.3034606 0.5705868 0.0287951 0.0167062
24 0.5246590 0.5705868 0.0287951 0.0167062
13 0.1581765 0.6908714 0.0287951 0.0167063
26 0.2314730 0.6908714 0.0287951 0.0167063
4 0.3780660 0.6908714 0.0287951 0.0167063
7 0.4513625 0.6908714 0.0287951 0.0167063
3 0.0848800 0.7510137 0.0287951 0.0167063
