29 0.1906006 0.6167885 0.0267811 0.0158978
18 0.3951108 0.6167885 0.0267811 0.0158978
32 0.3287667 0.4498612 0.4930156 0.4069845
33 0.3275494 0.2739252 0.4467574 0.0148380
14 0.4632809 0.3306275 0.0267811 0.0158978
2 0.1224306 0.3878597 0.0267811 0.0158978
27 0.1906006 0.3878597 0.0267811 0.0158978
6 0.3257234 0.3878597 0.0267811 0.0158978
34 0.4626722 0.3873297 0.0620834 0.0572322
15 0.4632809 0.3878597 0.0267811 0.0158978
12 0.3257234 0.4450919 0.0267811 0.0158978
1 0.3951108 0.4450919 0.0267811 0.0158978
24 0.4632809 0.4450919 0.0267811 0.0158978
13 0.5314509 0.4450919 0.0267811 0.0158978
19 0.1906006 0.5023241 0.0267811 0.0158978
7 0.5314509 0.5023241 0.0267811 0.0158978
15 0.3257234 0.5595563 0.0267811 0.0158978
10 0.3951108 0.5595563 0.0267811 0.0158978
11 0.5314509 0.5595563 0.0267811 0.0158978
30 0.1224306 0.6167885 0.0267811 0.0158978
