27 0.4280474 0.6620443 0.0287946 0.0165552
30 0.6492420 0.6620443 0.0287946 0.0165552
32 0.4313195 0.4882154 0.5300818 0.4238113
33 0.4300107 0.3050053 0.4803458 0.0154515
34 0.2094705 0.3635001 0.0680599 0.0595985
27 0.2094705 0.3640520 0.0287946 0.0165551
4 0.4280474 0.3640520 0.0287946 0.0165551
16 0.5026515 0.3640520 0.0287946 0.0165551
5 0.2094705 0.4236504 0.0287946 0.0165551
17 0.4280474 0.4236504 0.0287946 0.0165551
14 0.5026515 0.4236504 0.0287946 0.0165551
20 0.2827657 0.4832489 0.0287946 0.0165551
1 0.3560610 0.4832489 0.0287946 0.0165551
2 0.4280474 0.4832489 0.0287946 0.0165551
9 0.2827657 0.5428473 0.0287946 0.0165551
24 0.5026515 0.5428473 0.0287946 0.0165551
21 0.6492420 0.5428473 0.0287946 0.0165551
26 0.2094705 0.6024457 0.0287946 0.0165551
18 0.2827657 0.6024457 0.0287946 0.0165551
19 0.5759468 0.6024457 0.0287946 0.0165551
