4 0.1670822 0.7110494 0.0288319 0.0169069
16 0.3138630 0.7110494 0.0288319 0.0169069
32 0.3892192 0.5335274 0.5307699 0.4328157
33 0.3879087 0.3464248 0.4809692 0.0157797
29 0.1670822 0.4067259 0.0288319 0.0169069
34 0.2398174 0.4061624 0.0668377 0.0608647
24 0.2404726 0.4067259 0.0288320 0.0169069
23 0.3859428 0.4067259 0.0288320 0.0169069
19 0.5340342 0.4067259 0.0288319 0.0169069
21 0.3859428 0.4675906 0.0288320 0.0169069
6 0.4606438 0.4675906 0.0288319 0.0169069
17 0.6074246 0.4675906 0.0288319 0.0169069
12 0.4606438 0.5284553 0.0288319 0.0169069
7 0.6074246 0.5284553 0.0288319 0.0169069
30 0.2404726 0.5893200 0.0288320 0.0169069
14 0.3138630 0.5893200 0.0288319 0.0169069
13 0.3859428 0.5893200 0.0288320 0.0169069
1 0.4606438 0.5893200 0.0288319 0.0169069
22 0.1670822 0.6501847 0.0288319 0.0169069
24 0.5340342 0.6501847 0.0288319 0.0169069
