34 0.5239781 0.7470152 0.0637283 0.0589505
6 0.5239781 0.7475610 0.0269619 0.0163752
32 0.5270419 0.5756220 0.4963449 0.4192037
33 0.5258164 0.3944037 0.4497743 0.0152835
19 0.4565733 0.4528084 0.0269619 0.0163752
17 0.5239781 0.4528084 0.0269619 0.0163752
6 0.4565733 0.5117590 0.0269619 0.0163752
9 0.5938341 0.5117590 0.0269619 0.0163752
2 0.3193124 0.5707095 0.0269620 0.0163751
13 0.4565733 0.5707095 0.0269619 0.0163751
14 0.5239781 0.5707095 0.0269619 0.0163751
20 0.7310948 0.5707095 0.0269619 0.0163751
10 0.3879428 0.6296600 0.0269620 0.0163751
3 0.4565733 0.6296600 0.0269619 0.0163751
18 0.5938341 0.6296600 0.0269619 0.0163751
30 0.6624644 0.6296600 0.0269620 0.0163751
7 0.3193124 0.6886105 0.0269620 0.0163752
16 0.5239781 0.6886105 0.0269619 0.0163752
4 0.6624644 0.6886105 0.0269620 0.0163752
25 0.3879428 0.7475610 0.0269620 0.0163752
