7 0.3538298 0.7519390 0.0269976 0.0165177
22 0.4237781 0.7519390 0.0269976 0.0165177
32 0.3568977 0.5785026 0.4970007 0.4228545
33 0.3556706 0.3957061 0.4503686 0.0154166
6 0.1488937 0.4546194 0.0269976 0.0165178
17 0.3538298 0.4546194 0.0269976 0.0165178
23 0.4237781 0.4546194 0.0269976 0.0165178
21 0.5612202 0.4546194 0.0269976 0.0165178
30 0.3538298 0.5140834 0.0269976 0.0165178
31 0.4924992 0.5140834 0.0269976 0.0165178
3 0.5612202 0.5140834 0.0269976 0.0165178
27 0.1488937 0.5735473 0.0269976 0.0165177
9 0.1488937 0.6330112 0.0269976 0.0165177
1 0.2863359 0.6330112 0.0269976 0.0165177
24 0.4237781 0.6330112 0.0269976 0.0165177
11 0.4924992 0.6330112 0.0269976 0.0165177
8 0.1488937 0.6924751 0.0269976 0.0165177
34 0.2863359 0.6919245 0.0638124 0.0594639
9 0.2863359 0.6924751 0.0269976 0.0165177
13 0.2863359 0.7519390 0.0269976 0.0165177
