5 0.6872937 0.6602694 0.0280608 0.0158641
16 0.8301487 0.6602694 0.0280608 0.0158641
32 0.6177794 0.4936972 0.5165739 0.4061189
33 0.6165039 0.3181354 0.4681052 0.0148064
4 0.4015836 0.3747171 0.0280608 0.0158640
3 0.6145907 0.3747171 0.0280608 0.0158640
8 0.7587212 0.3747171 0.0280608 0.0158640
34 0.5444387 0.4312988 0.0663255 0.0571105
15 0.5444387 0.4318275 0.0280608 0.0158640
15 0.6872937 0.4318275 0.0280608 0.0158640
14 0.8301487 0.4318275 0.0280608 0.0158640
7 0.4730112 0.4889380 0.0280608 0.0158640
23 0.6145907 0.4889380 0.0280608 0.0158640
10 0.7587212 0.4889380 0.0280608 0.0158640
12 0.4015836 0.5460485 0.0280608 0.0158641
19 0.6145907 0.5460485 0.0280608 0.0158641
9 0.4015836 0.6031589 0.0280608 0.0158641
20 0.6872937 0.6031589 0.0280608 0.0158641
21 0.8301487 0.6031589 0.0280608 0.0158641
30 0.4730112 0.6602694 0.0280608 0.0158641
