7 0.5391083 0.6659201 0.0264002 0.0171738
12 0.7419096 0.6659201 0.0264002 0.0171738
32 0.5421083 0.4855951 0.4860033 0.4396495
33 0.5409083 0.2955383 0.4404029 0.0160289
26 0.4059074 0.3567916 0.0264002 0.0171738
3 0.5391083 0.3567916 0.0264002 0.0171738
34 0.3387069 0.4180448 0.0624004 0.0618257
1 0.3387070 0.4186173 0.0264002 0.0171738
30 0.5391083 0.4186173 0.0264002 0.0171738
6 0.6747092 0.4186173 0.0264002 0.0171738
9 0.7419096 0.4186173 0.0264002 0.0171738
8 0.4059074 0.4804430 0.0264002 0.0171738
31 0.5391083 0.4804430 0.0264002 0.0171738
14 0.4731078 0.5422687 0.0264002 0.0171738
11 0.6747092 0.5422687 0.0264002 0.0171738
24 0.4731078 0.6040944 0.0264002 0.0171739
15 0.5391083 0.6040944 0.0264002 0.0171739
20 0.7419096 0.6040944 0.0264002 0.0171739
10 0.3387070 0.6659201 0.0264002 0.0171738
22 0.4059074 0.6659201 0.0264002 0.0171738
