27 0.3719380 0.7470421 0.0284029 0.0172759
20 0.6611308 0.7470421 0.0284029 0.0172759
32 0.4461728 0.5656451 0.5228708 0.4422631
33 0.4448817 0.3744585 0.4738113 0.0161242
9 0.3719380 0.4360759 0.0284029 0.0172759
15 0.4429452 0.4360759 0.0284029 0.0172759
14 0.5165344 0.4360759 0.0284029 0.0172759
23 0.5888326 0.4360759 0.0284029 0.0172759
6 0.6611308 0.4360759 0.0284029 0.0172759
18 0.3719380 0.4982691 0.0284029 0.0172759
17 0.6611308 0.4982691 0.0284029 0.0172759
11 0.2273417 0.5604624 0.0284028 0.0172759
4 0.5888326 0.5604624 0.0284029 0.0172759
16 0.3719380 0.6226556 0.0284029 0.0172759
34 0.5881871 0.6220798 0.0658430 0.0621933
15 0.5888326 0.6226556 0.0284029 0.0172759
2 0.5165344 0.6848489 0.0284029 0.0172759
26 0.5888326 0.6848489 0.0284029 0.0172759
29 0.6611308 0.6848489 0.0284029 0.0172759
30 0.2273417 0.7470421 0.0284028 0.0172759
