30 0.6656528 0.5340665 0.0266426 0.0165679
15 0.8012883 0.5340665 0.0266427 0.0165679
32 0.5996517 0.3601038 0.4904673 0.4241377
33 0.5984407 0.1767526 0.4444481 0.0154634
17 0.5966241 0.2358447 0.0266426 0.0165679
21 0.8012883 0.2358447 0.0266427 0.0165679
8 0.3943821 0.2954891 0.0266426 0.0165679
11 0.4621998 0.2954891 0.0266426 0.0165679
22 0.5966241 0.2954891 0.0266426 0.0165679
3 0.7334705 0.2954891 0.0266426 0.0165679
14 0.8012883 0.2954891 0.0266427 0.0165679
9 0.3943821 0.3551334 0.0266426 0.0165679
34 0.5966241 0.3545812 0.0629736 0.0596444
10 0.5966241 0.3551334 0.0266426 0.0165679
12 0.6656528 0.3551334 0.0266426 0.0165679
10 0.7334705 0.3551334 0.0266426 0.0165679
16 0.5966241 0.4147778 0.0266426 0.0165679
6 0.4621998 0.4744222 0.0266426 0.0165679
31 0.7334705 0.4744222 0.0266426 0.0165679
4 0.3943821 0.5340665 0.0266426 0.0165679
