26 0.7374384 0.6447487 0.0288725 0.0163059
14 0.8109319 0.6447487 0.0288725 0.0163059
32 0.5924202 0.4735373 0.5315146 0.4174297
33 0.5911078 0.2930859 0.4816442 0.0152188
6 0.3699715 0.3512434 0.0288724 0.0163058
24 0.7374384 0.3512434 0.0288725 0.0163058
2 0.3699715 0.4099445 0.0288724 0.0163058
22 0.5891393 0.4099445 0.0288724 0.0163058
3 0.8109319 0.4099445 0.0288725 0.0163058
27 0.8109319 0.4686455 0.0288725 0.0163058
18 0.6639450 0.5273466 0.0288724 0.0163058
13 0.7374384 0.5273466 0.0288725 0.0163058
16 0.8109319 0.5273466 0.0288725 0.0163058
1 0.3699715 0.5860476 0.0288724 0.0163058
4 0.4434649 0.5860476 0.0288724 0.0163058
7 0.5169582 0.5860476 0.0288724 0.0163058
30 0.5891393 0.5860476 0.0288724 0.0163058
34 0.6632888 0.5855041 0.0695562 0.0587010
18 0.6639450 0.5860476 0.0288724 0.0163058
20 0.5891393 0.6447487 0.0288724 0.0163059
