23 0.5890612 0.4471440 0.0268734 0.0158476
1 0.4522507 0.5041954 0.0268735 0.0158476
32 0.5224883 0.3377957 0.4947162 0.4056982
33 0.5212667 0.1624157 0.4482985 0.0147911
24 0.3154403 0.2189388 0.0268735 0.0158476
34 0.5884504 0.2184105 0.0647406 0.0570513
14 0.5890612 0.2189388 0.0268734 0.0158476
19 0.6574664 0.2189388 0.0268735 0.0158476
27 0.7258716 0.2189388 0.0268735 0.0158476
29 0.5194344 0.2759901 0.0268735 0.0158476
11 0.5890612 0.2759901 0.0268734 0.0158476
20 0.3154403 0.3330414 0.0268735 0.0158476
14 0.4522507 0.3330414 0.0268735 0.0158476
7 0.5890612 0.3330414 0.0268734 0.0158476
15 0.7258716 0.3330414 0.0268735 0.0158476
25 0.3154403 0.3900927 0.0268735 0.0158476
5 0.3838456 0.3900927 0.0268735 0.0158476
13 0.4522507 0.3900927 0.0268735 0.0158476
30 0.6574664 0.3900927 0.0268735 0.0158476
6 0.5194344 0.4471440 0.0268735 0.0158476
