3 0.4316065 0.6164514 0.0285099 0.0164661
2 0.4316065 0.6757294 0.0285099 0.0164661
32 0.4348463 0.5028352 0.5248414 0.4215324
33 0.4335504 0.3206103 0.4755970 0.0153684
4 0.2151905 0.3793394 0.0285099 0.0164661
1 0.3603318 0.3793394 0.0285099 0.0164661
9 0.4316065 0.4386174 0.0285099 0.0164661
30 0.5054731 0.4386174 0.0285099 0.0164661
7 0.2151905 0.4978954 0.0285099 0.0164661
12 0.2877611 0.4978954 0.0285099 0.0164661
18 0.4316065 0.4978954 0.0285099 0.0164661
15 0.5054731 0.4978954 0.0285099 0.0164661
34 0.5773958 0.4973465 0.0660911 0.0592780
13 0.5780437 0.4978954 0.0285099 0.0164661
13 0.2877611 0.5571734 0.0285099 0.0164661
6 0.5054731 0.5571734 0.0285099 0.0164661
20 0.6506144 0.5571734 0.0285099 0.0164661
8 0.2151905 0.6164514 0.0285099 0.0164661
17 0.2877611 0.6164514 0.0285099 0.0164661
19 0.3603318 0.6164514 0.0285099 0.0164661
