15 0.5399571 0.6877146 0.0278719 0.0160636
1 0.6109039 0.6877146 0.0278719 0.0160636
32 0.4709107 0.5190472 0.5130972 0.4112271
33 0.4696438 0.3412772 0.4649547 0.0149926
2 0.2561700 0.3985706 0.0278719 0.0160635
6 0.4677434 0.3985706 0.0278719 0.0160635
16 0.6109039 0.3985706 0.0278719 0.0160635
19 0.6818506 0.3985706 0.0278719 0.0160635
3 0.6818506 0.4563993 0.0278719 0.0160635
31 0.6818506 0.5142281 0.0278719 0.0160636
22 0.2561700 0.5720570 0.0278719 0.0160636
8 0.3271168 0.5720570 0.0278719 0.0160636
30 0.4677434 0.5720570 0.0278719 0.0160636
7 0.6109039 0.5720570 0.0278719 0.0160636
34 0.6818506 0.5715215 0.0658791 0.0578288
26 0.6818506 0.5720570 0.0278719 0.0160636
11 0.6818506 0.6298858 0.0278719 0.0160636
13 0.3271168 0.6877146 0.0278719 0.0160636
26 0.3980636 0.6877146 0.0278720 0.0160636
10 0.4677434 0.6877146 0.0278719 0.0160636
