7 0.4729012 0.5491043 0.0271088 0.0172689
15 0.6811459 0.5491043 0.0271088 0.0172689
32 0.4759817 0.3677806 0.4990480 0.4420844
33 0.4747495 0.1766712 0.4522237 0.0161177
13 0.2671209 0.2382637 0.0271088 0.0172689
26 0.4051292 0.2382637 0.0271088 0.0172689
4 0.5431375 0.2382637 0.0271088 0.0172689
30 0.6811459 0.2382637 0.0271088 0.0172689
34 0.2671209 0.2998562 0.0640753 0.0621681
26 0.2671209 0.3004318 0.0271088 0.0172689
25 0.4051292 0.3004318 0.0271088 0.0172689
18 0.4729012 0.3004318 0.0271088 0.0172689
16 0.5431375 0.3004318 0.0271088 0.0172689
21 0.2671209 0.3625999 0.0271088 0.0172689
10 0.3361250 0.3625999 0.0271088 0.0172689
17 0.2671209 0.4247680 0.0271088 0.0172689
29 0.3361250 0.4869361 0.0271088 0.0172689
20 0.4051292 0.4869361 0.0271088 0.0172689
1 0.6121417 0.4869361 0.0271088 0.0172689
8 0.6811459 0.4869361 0.0271088 0.0172689
