19 0.3645345 0.7108792 0.0283863 0.0159331
1 0.5090467 0.7108792 0.0283863 0.0159331
32 0.2942138 0.5435816 0.5225665 0.4078875
33 0.2929235 0.3672552 0.4735356 0.0148709
11 0.0755100 0.4240833 0.0283863 0.0159331
34 0.1471210 0.4235522 0.0658047 0.0573592
28 0.1477661 0.4240833 0.0283863 0.0159331
26 0.2200222 0.4240833 0.0283863 0.0159331
25 0.3645345 0.4240833 0.0283863 0.0159331
17 0.2200222 0.4814425 0.0283863 0.0159331
18 0.2909880 0.4814425 0.0283863 0.0159331
8 0.5090467 0.4814425 0.0283863 0.0159331
10 0.1477661 0.5388016 0.0283863 0.0159331
30 0.3645345 0.5388016 0.0283863 0.0159331
21 0.2200222 0.5961609 0.0283863 0.0159331
6 0.2909880 0.5961609 0.0283863 0.0159331
24 0.1477661 0.6535200 0.0283863 0.0159332
7 0.2909880 0.6535200 0.0283863 0.0159332
15 0.3645345 0.6535200 0.0283863 0.0159332
27 0.0755100 0.7108792 0.0283863 0.0159331
