17 0.2947291 0.7809551 0.0266268 0.0174520
11 0.4992712 0.7809551 0.0266268 0.0174520
32 0.2977548 0.5977098 0.4901751 0.4467694
33 0.2965445 0.4045751 0.4441833 0.0162885
22 0.4314939 0.4668204 0.0266268 0.0174519
26 0.3637167 0.5296473 0.0266268 0.0174520
34 0.4992712 0.5290656 0.0629360 0.0628269
14 0.4992712 0.5296473 0.0266268 0.0174520
16 0.1603848 0.5924742 0.0266268 0.0174520
7 0.2281621 0.5924742 0.0266268 0.0174520
6 0.4992712 0.5924742 0.0266268 0.0174520
27 0.0926075 0.6553012 0.0266268 0.0174520
30 0.2281621 0.6553012 0.0266268 0.0174520
1 0.2947291 0.6553012 0.0266268 0.0174520
9 0.4314939 0.6553012 0.0266268 0.0174520
18 0.1603848 0.7181281 0.0266268 0.0174520
23 0.2947291 0.7181281 0.0266268 0.0174520
8 0.3637167 0.7181281 0.0266268 0.0174520
2 0.1603848 0.7809551 0.0266268 0.0174520
19 0.2281621 0.7809551 0.0266268 0.0174520
