34 0.2831046 0.6025122 0.0622485 0.0621655
10 0.2831046 0.6030878 0.0263359 0.0172682
32 0.2860973 0.4217719 0.4848202 0.4420655
33 0.2849002 0.2306707 0.4393309 0.0161170
16 0.0831910 0.2922605 0.0263359 0.0172682
19 0.1502279 0.2922605 0.0263359 0.0172682
17 0.2831046 0.2922605 0.0263359 0.0172682
20 0.0831910 0.3544260 0.0263359 0.0172682
24 0.1502279 0.3544260 0.0263359 0.0172682
21 0.2831046 0.3544260 0.0263359 0.0172682
30 0.4183754 0.3544260 0.0263359 0.0172682
14 0.1502279 0.4165915 0.0263359 0.0172682
27 0.1502279 0.4787569 0.0263359 0.0172682
25 0.2831046 0.4787569 0.0263359 0.0172682
23 0.4854122 0.4787569 0.0263359 0.0172682
26 0.0831910 0.5409224 0.0263359 0.0172682
11 0.2172648 0.5409224 0.0263359 0.0172682
2 0.2831046 0.5409224 0.0263359 0.0172682
1 0.3513385 0.5409224 0.0263359 0.0172682
9 0.2172648 0.6030878 0.0263359 0.0172682
