6 0.6801035 0.7937134 0.0261671 0.0173863
27 0.7467107 0.7937134 0.0261671 0.0173863
32 0.5486733 0.6111572 0.4817126 0.4450895
33 0.5474839 0.4187487 0.4365149 0.0162272
10 0.4136749 0.4807599 0.0261671 0.0173863
20 0.5456998 0.4807599 0.0261671 0.0173863
11 0.6134964 0.4807599 0.0261671 0.0173863
30 0.5456998 0.5433506 0.0261671 0.0173863
17 0.6134964 0.5433506 0.0261671 0.0173863
24 0.6801035 0.5433506 0.0261671 0.0173863
15 0.3470676 0.6059413 0.0261671 0.0173863
3 0.6134964 0.6059413 0.0261671 0.0173863
14 0.6801035 0.6059413 0.0261671 0.0173863
29 0.5456998 0.6685320 0.0261671 0.0173863
34 0.6129016 0.6679525 0.0630389 0.0625907
14 0.6134964 0.6685320 0.0261671 0.0173863
26 0.3470676 0.7311227 0.0261671 0.0173863
19 0.3470676 0.7937134 0.0261671 0.0173863
21 0.4136749 0.7937134 0.0261671 0.0173863
4 0.5456998 0.7937134 0.0261671 0.0173863
