20 0.6434875 0.6862866 0.0286316 0.0163354
1 0.7163680 0.6862866 0.0286316 0.0163354
32 0.5725594 0.5147641 0.5270813 0.4181881
33 0.5712579 0.3339849 0.4776268 0.0152464
10 0.4248464 0.3922481 0.0286316 0.0163355
24 0.5693058 0.3922481 0.0286316 0.0163355
18 0.3519660 0.4510558 0.0286316 0.0163355
5 0.3519660 0.5098635 0.0286316 0.0163354
22 0.4977268 0.5098635 0.0286316 0.0163354
11 0.5693058 0.5098635 0.0286316 0.0163354
34 0.6428369 0.5093189 0.0689761 0.0588077
24 0.6434875 0.5098635 0.0286316 0.0163354
23 0.7892484 0.5098635 0.0286316 0.0163354
16 0.4248464 0.5686712 0.0286316 0.0163355
14 0.5693058 0.5686712 0.0286316 0.0163355
31 0.7892484 0.5686712 0.0286316 0.0163355
2 0.6434875 0.6274788 0.0286316 0.0163354
26 0.4248464 0.6862866 0.0286316 0.0163354
7 0.4977268 0.6862866 0.0286316 0.0163354
12 0.5693058 0.6862866 0.0286316 0.0163354
