24 0.6109319 0.7730931 0.0270638 0.0163972
2 0.6798216 0.7730931 0.0270639 0.0163972
32 0.5438874 0.6009225 0.4982204 0.4197685
33 0.5426572 0.4194600 0.4514738 0.0153041
20 0.3353730 0.4779435 0.0270638 0.0163972
16 0.4731524 0.4779435 0.0270638 0.0163972
19 0.7487114 0.4779435 0.0270638 0.0163972
18 0.5408120 0.5369734 0.0270638 0.0163972
11 0.7487114 0.5369734 0.0270638 0.0163972
8 0.3353730 0.5960033 0.0270638 0.0163972
27 0.6109319 0.5960033 0.0270638 0.0163972
31 0.7487114 0.5960033 0.0270638 0.0163972
29 0.3353730 0.6550332 0.0270638 0.0163972
1 0.4042627 0.6550332 0.0270638 0.0163972
4 0.4731524 0.6550332 0.0270638 0.0163972
5 0.6109319 0.6550332 0.0270638 0.0163972
15 0.3353730 0.7140632 0.0270638 0.0163972
17 0.5408120 0.7140632 0.0270638 0.0163972
30 0.4731524 0.7730931 0.0270638 0.0163972
34 0.6103168 0.7725466 0.0651992 0.0590299
