25 0.4408735 0.7054111 0.0271365 0.0167058
11 0.6480974 0.7054111 0.0271365 0.0167058
32 0.5808730 0.5300002 0.4995579 0.4276685
33 0.5796395 0.3451226 0.4526857 0.0155921
27 0.3717988 0.4047067 0.0271365 0.0167058
3 0.5777893 0.4047067 0.0271365 0.0167058
26 0.3717988 0.4648475 0.0271365 0.0167058
7 0.5777893 0.4648475 0.0271365 0.0167058
24 0.6480974 0.4648475 0.0271365 0.0167058
12 0.7171721 0.4648475 0.0271365 0.0167058
13 0.3717988 0.5249884 0.0271365 0.0167058
18 0.4408735 0.5249884 0.0271365 0.0167058
4 0.3717988 0.5851293 0.0271365 0.0167058
34 0.6474807 0.5845725 0.0653743 0.0601409
22 0.6480974 0.5851293 0.0271365 0.0167058
31 0.7171721 0.5851293 0.0271365 0.0167058
30 0.3717988 0.6452702 0.0271365 0.0167058
17 0.6480974 0.6452702 0.0271365 0.0167058
10 0.7171721 0.6452702 0.0271365 0.0167058
9 0.3717988 0.7054111 0.0271365 0.0167058
