23 0.6322652 0.5521701 0.0284465 0.0168175
21 0.7770837 0.5521701 0.0284465 0.0168175
32 0.5617955 0.3755868 0.5236742 0.4305270
33 0.5605025 0.1894735 0.4745394 0.0156963
27 0.3426281 0.2494558 0.0284465 0.0168175
2 0.7046745 0.2494558 0.0284465 0.0168175
7 0.5585629 0.3099986 0.0284465 0.0168175
6 0.6322652 0.3099986 0.0284465 0.0168175
22 0.7770837 0.3099986 0.0284465 0.0168175
14 0.3426281 0.3705415 0.0284465 0.0168175
17 0.4874467 0.3705415 0.0284465 0.0168175
34 0.5585629 0.3699810 0.0672372 0.0605429
14 0.5585629 0.3705415 0.0284465 0.0168175
8 0.6322652 0.3705415 0.0284465 0.0168175
31 0.7770837 0.3705415 0.0284465 0.0168175
4 0.4874467 0.4310844 0.0284465 0.0168175
29 0.7046745 0.4310844 0.0284465 0.0168175
16 0.7770837 0.4310844 0.0284465 0.0168175
10 0.5585629 0.4916273 0.0284465 0.0168175
24 0.7770837 0.4916273 0.0284465 0.0168175
