31 0.4593539 0.7126505 0.0278926 0.0172214
22 0.7433512 0.7126505 0.0278926 0.0172214
32 0.6032543 0.5318260 0.5134774 0.4408673
33 0.6019865 0.3412427 0.4652992 0.0160733
21 0.3883545 0.4026656 0.0278926 0.0172214
5 0.4593539 0.4026656 0.0278926 0.0172214
3 0.8143505 0.4026656 0.0278926 0.0172214
7 0.4593539 0.4646626 0.0278926 0.0172214
20 0.5303532 0.4646626 0.0278926 0.0172214
2 0.7433512 0.4646626 0.0278926 0.0172214
26 0.6723519 0.5266596 0.0278926 0.0172213
24 0.7433512 0.5266596 0.0278926 0.0172213
6 0.8143505 0.5266596 0.0278926 0.0172213
9 0.4593539 0.5886565 0.0278926 0.0172214
23 0.6000847 0.5886565 0.0278926 0.0172214
30 0.7433512 0.5886565 0.0278926 0.0172214
15 0.3883545 0.6506535 0.0278926 0.0172213
29 0.4593539 0.6506535 0.0278926 0.0172213
34 0.3883545 0.7120764 0.0659280 0.0619970
28 0.3883545 0.7126505 0.0278926 0.0172214
