19 0.6594397 0.6758464 0.0268567 0.0165932
8 0.7278022 0.6758464 0.0268567 0.0165932
32 0.5929084 0.5016176 0.4944072 0.4247863
33 0.5916876 0.3179860 0.4480184 0.0154870
29 0.3859898 0.3771684 0.0268567 0.0165932
7 0.5227148 0.3771684 0.0268567 0.0165932
9 0.5898565 0.3771684 0.0268567 0.0165932
27 0.7278022 0.3771684 0.0268567 0.0165932
4 0.4543523 0.4369040 0.0268567 0.0165933
25 0.6594397 0.4369040 0.0268567 0.0165933
1 0.3859898 0.4966396 0.0268567 0.0165932
17 0.5227148 0.4966396 0.0268567 0.0165932
13 0.3859898 0.5563752 0.0268567 0.0165932
34 0.4537419 0.5558221 0.0622587 0.0597356
31 0.4543523 0.5563752 0.0268567 0.0165932
26 0.5227148 0.5563752 0.0268567 0.0165932
20 0.7278022 0.5563752 0.0268567 0.0165932
10 0.7278022 0.6161108 0.0268567 0.0165932
22 0.7961647 0.6161108 0.0268567 0.0165932
24 0.5898565 0.6758464 0.0268567 0.0165932
