34 0.5149545 0.7065645 0.0628764 0.0598162
29 0.5149545 0.7071183 0.0266016 0.0166157
32 0.5844813 0.5924705 0.4897106 0.4253599
33 0.5832721 0.4085910 0.4437624 0.0155079
13 0.4472414 0.4678533 0.0266016 0.0166156
5 0.5149545 0.4678533 0.0266016 0.0166156
2 0.5814584 0.4678533 0.0266016 0.0166156
26 0.7180936 0.4678533 0.0266016 0.0166156
12 0.7858067 0.4678533 0.0266016 0.0166156
30 0.3795283 0.5276696 0.0266016 0.0166156
31 0.4472414 0.5276696 0.0266016 0.0166156
24 0.6503806 0.5276696 0.0266016 0.0166156
22 0.7180936 0.5276696 0.0266016 0.0166156
27 0.3795283 0.5874858 0.0266016 0.0166157
6 0.7180936 0.5874858 0.0266016 0.0166157
16 0.3795283 0.6473021 0.0266016 0.0166156
29 0.4472414 0.6473021 0.0266016 0.0166156
21 0.5814584 0.6473021 0.0266016 0.0166156
4 0.7180936 0.6473021 0.0266016 0.0166156
25 0.3795283 0.7071183 0.0266016 0.0166157
