18 0.7581171 0.5742495 0.0279761 0.0168474
21 0.8293291 0.5742495 0.0279762 0.0168474
32 0.6176006 0.3973521 0.5150151 0.4312929
33 0.6163290 0.2109077 0.4666927 0.0157242
24 0.4020573 0.2709967 0.0279762 0.0168474
26 0.4732692 0.2709967 0.0279762 0.0168474
20 0.6144215 0.2709967 0.0279762 0.0168474
29 0.7581171 0.2709967 0.0279761 0.0168474
23 0.5444812 0.3316473 0.0279761 0.0168474
4 0.6869051 0.3316473 0.0279762 0.0168474
1 0.8293291 0.3316473 0.0279762 0.0168474
34 0.4020573 0.3917363 0.0661254 0.0606506
4 0.4020573 0.3922979 0.0279762 0.0168474
3 0.7581171 0.3922979 0.0279761 0.0168474
14 0.8293291 0.3922979 0.0279762 0.0168474
16 0.8293291 0.4529484 0.0279762 0.0168474
30 0.4020573 0.5135990 0.0279762 0.0168474
31 0.4020573 0.5742495 0.0279762 0.0168474
5 0.4732692 0.5742495 0.0279762 0.0168474
22 0.5444812 0.5742495 0.0279761 0.0168474
