2 0.7745239 0.6661071 0.0273412 0.0164437
12 0.8441196 0.6661071 0.0273411 0.0164437
32 0.6371968 0.4934491 0.5033255 0.4209568
33 0.6359541 0.3114729 0.4561000 0.0153474
21 0.4961414 0.3701219 0.0273412 0.0164436
29 0.7049283 0.3701219 0.0273412 0.0164436
5 0.5657370 0.4293189 0.0273411 0.0164437
19 0.8441196 0.4293189 0.0273411 0.0164437
13 0.7049283 0.4885160 0.0273412 0.0164436
9 0.5657370 0.5477130 0.0273411 0.0164436
11 0.7745239 0.5477130 0.0273412 0.0164436
25 0.8441196 0.5477130 0.0273411 0.0164436
24 0.4265458 0.6069101 0.0273411 0.0164437
20 0.4961414 0.6069101 0.0273412 0.0164437
1 0.7049283 0.6069101 0.0273412 0.0164437
16 0.4265458 0.6661071 0.0273411 0.0164437
6 0.4961414 0.6661071 0.0273412 0.0164437
23 0.6340899 0.6661071 0.0273412 0.0164437
31 0.7049283 0.6661071 0.0273412 0.0164437
34 0.7739025 0.6655590 0.0633818 0.0591970
