19 0.5261617 0.7325424 0.0272345 0.0161707
4 0.7341339 0.7325424 0.0272344 0.0161707
32 0.5973426 0.5627503 0.5013615 0.4139693
33 0.5961047 0.3837948 0.4543202 0.0150926
21 0.5942478 0.4414702 0.0272345 0.0161707
1 0.7341339 0.4414702 0.0272344 0.0161707
20 0.8034579 0.4414702 0.0272345 0.0161707
3 0.5942478 0.4996847 0.0272345 0.0161707
5 0.7341339 0.4996847 0.0272344 0.0161707
24 0.3875135 0.5578991 0.0272345 0.0161707
23 0.4568376 0.5578991 0.0272345 0.0161707
34 0.6641908 0.5573601 0.0656103 0.0582144
6 0.6648098 0.5578991 0.0272345 0.0161707
15 0.8034579 0.5578991 0.0272345 0.0161707
12 0.5261617 0.6161135 0.0272345 0.0161707
11 0.5942478 0.6161135 0.0272345 0.0161707
31 0.6648098 0.6161135 0.0272345 0.0161707
27 0.7341339 0.6161135 0.0272344 0.0161707
7 0.3875135 0.6743280 0.0272345 0.0161707
17 0.8034579 0.6743280 0.0272345 0.0161707
