24 0.4588354 0.6424082 0.0283209 0.0172512
6 0.7471938 0.6424082 0.0283208 0.0172512
32 0.5328560 0.4612699 0.5213620 0.4416324
33 0.5315686 0.2703560 0.4724441 0.0161012
17 0.4588354 0.3318854 0.0283209 0.0172513
5 0.5296377 0.3318854 0.0283209 0.0172513
22 0.6030146 0.3318854 0.0283209 0.0172513
15 0.6751041 0.3318854 0.0283209 0.0172513
9 0.7471938 0.3318854 0.0283208 0.0172513
7 0.3867458 0.3939900 0.0283209 0.0172512
19 0.3146563 0.4560946 0.0283209 0.0172512
12 0.4588354 0.4560946 0.0283209 0.0172512
2 0.5296377 0.4560946 0.0283209 0.0172512
20 0.7471938 0.4560946 0.0283208 0.0172512
11 0.3867458 0.5803037 0.0283209 0.0172513
1 0.5296377 0.5803037 0.0283209 0.0172513
34 0.6023709 0.5797286 0.0682276 0.0621046
13 0.6030146 0.5803037 0.0283209 0.0172513
21 0.7471938 0.5803037 0.0283208 0.0172513
3 0.3867458 0.6424082 0.0283209 0.0172512
