4 0.4119577 0.5279811 0.0275341 0.0160299
20 0.5521313 0.5279811 0.0275341 0.0160299
32 0.3437482 0.4173751 0.5068777 0.4103645
33 0.3424967 0.2399779 0.4593188 0.0149612
14 0.1316105 0.2971511 0.0275341 0.0160299
34 0.5521313 0.2966168 0.0650806 0.0577075
23 0.5521313 0.2971511 0.0275341 0.0160299
27 0.1316105 0.3548586 0.0275341 0.0160299
8 0.2717841 0.3548586 0.0275341 0.0160299
23 0.3406194 0.3548586 0.0275341 0.0160299
31 0.4820445 0.3548586 0.0275341 0.0160299
30 0.1316105 0.4125661 0.0275341 0.0160299
5 0.2016973 0.4125661 0.0275341 0.0160299
12 0.3406194 0.4125661 0.0275341 0.0160299
7 0.4820445 0.4125661 0.0275341 0.0160299
15 0.5521313 0.4125661 0.0275341 0.0160299
11 0.2016973 0.4702736 0.0275341 0.0160299
1 0.2717841 0.4702736 0.0275341 0.0160299
25 0.4119577 0.4702736 0.0275341 0.0160299
21 0.4820445 0.4702736 0.0275341 0.0160299
