25 0.2389300 0.5497550 0.0266743 0.0173922
23 0.3747266 0.5497550 0.0266743 0.0173922
32 0.3086470 0.3671373 0.4910504 0.4452395
33 0.3074345 0.1746640 0.4449765 0.0162327
6 0.3056158 0.2366960 0.0266743 0.0173921
22 0.3747266 0.2366960 0.0266743 0.0173921
27 0.1031333 0.2993079 0.0266743 0.0173922
13 0.1710316 0.2993079 0.0266743 0.0173922
26 0.2389300 0.2993079 0.0266743 0.0173922
8 0.3747266 0.2993079 0.0266743 0.0173922
12 0.5105233 0.2993079 0.0266743 0.0173922
19 0.1031333 0.3619196 0.0266743 0.0173922
17 0.4426249 0.3619196 0.0266743 0.0173922
30 0.1031333 0.4245315 0.0266743 0.0173922
34 0.3056158 0.4239517 0.0630485 0.0626118
31 0.3056158 0.4245315 0.0266743 0.0173922
5 0.4426249 0.4245315 0.0266743 0.0173922
29 0.5105233 0.4245315 0.0266743 0.0173922
14 0.2389300 0.4871432 0.0266743 0.0173922
16 0.4426249 0.4871432 0.0266743 0.0173922
