19 0.5287605 0.4588420 0.0282215 0.0163367
6 0.5287605 0.5176541 0.0282215 0.0163367
32 0.3870113 0.3461188 0.5195329 0.4182194
33 0.3857286 0.1653260 0.4707867 0.0152476
5 0.2414138 0.2235936 0.0282215 0.0163367
12 0.3132505 0.2235936 0.0282216 0.0163367
23 0.5287605 0.2235936 0.0282215 0.0163367
29 0.3132505 0.2824057 0.0282216 0.0163367
34 0.4562824 0.2818612 0.0679883 0.0588121
15 0.4569238 0.2824057 0.0282215 0.0163367
22 0.2414138 0.3412178 0.0282215 0.0163367
3 0.3838044 0.3412178 0.0282215 0.0163367
31 0.4569238 0.3412178 0.0282215 0.0163367
10 0.1695772 0.4000299 0.0282215 0.0163367
17 0.3838044 0.4000299 0.0282215 0.0163367
25 0.4569238 0.4000299 0.0282215 0.0163367
11 0.5287605 0.4000299 0.0282215 0.0163367
7 0.6005972 0.4000299 0.0282215 0.0163367
30 0.2414138 0.4588420 0.0282215 0.0163367
4 0.3132505 0.4588420 0.0282216 0.0163367
