9 0.0799123 0.6011990 0.0281089 0.0159937
8 0.2230120 0.6011990 0.0281089 0.0159937
32 0.2964783 0.4332647 0.5174586 0.4094397
33 0.2952007 0.2562674 0.4689070 0.0149275
20 0.0799123 0.3133117 0.0281089 0.0159937
25 0.3661117 0.3133117 0.0281089 0.0159937
19 0.0799123 0.3708891 0.0281089 0.0159938
13 0.1514622 0.3708891 0.0281089 0.0159938
30 0.4376615 0.3708891 0.0281089 0.0159938
31 0.5092113 0.3708891 0.0281089 0.0159938
15 0.0799123 0.4284666 0.0281089 0.0159937
12 0.3661117 0.4284666 0.0281089 0.0159937
27 0.1514622 0.4860441 0.0281089 0.0159937
34 0.2230120 0.4855109 0.0664391 0.0575774
29 0.2230120 0.4860441 0.0281089 0.0159937
4 0.2932841 0.4860441 0.0281089 0.0159937
24 0.1514622 0.5436215 0.0281089 0.0159937
17 0.2230120 0.5436215 0.0281089 0.0159937
18 0.2932841 0.5436215 0.0281089 0.0159937
23 0.3661117 0.5436215 0.0281089 0.0159937
