10 0.7655483 0.6290331 0.0281850 0.0161591
23 0.8372919 0.6290331 0.0281850 0.0161591
32 0.6239828 0.4593629 0.5188600 0.4136718
33 0.6227017 0.2805360 0.4701768 0.0150818
11 0.4068303 0.3381700 0.0281850 0.0161591
17 0.5503175 0.3381700 0.0281850 0.0161591
9 0.6938047 0.3381700 0.0281850 0.0161591
5 0.4068303 0.3963426 0.0281850 0.0161591
20 0.4785739 0.3963426 0.0281850 0.0161591
22 0.6207800 0.3963426 0.0281850 0.0161591
6 0.8372919 0.4545152 0.0281850 0.0161591
8 0.6207800 0.5126878 0.0281850 0.0161591
10 0.7655483 0.5126878 0.0281850 0.0161591
4 0.4068303 0.5708605 0.0281850 0.0161591
25 0.4785739 0.5708605 0.0281850 0.0161591
12 0.6207800 0.5708605 0.0281850 0.0161591
2 0.7655483 0.5708605 0.0281850 0.0161591
16 0.5503175 0.6290331 0.0281850 0.0161591
29 0.6938047 0.6290331 0.0281850 0.0161591
34 0.7649078 0.6284944 0.0653380 0.0581726
