6 0.3584614 0.5558782 0.0266995 0.0168909
23 0.4252101 0.5558782 0.0266995 0.0168909
32 0.4282442 0.3785236 0.4915138 0.4324072
33 0.4270306 0.1915976 0.4453965 0.0157648
26 0.2225365 0.2518419 0.0266995 0.0168909
34 0.4252102 0.2512788 0.0631080 0.0608073
25 0.4252101 0.2518419 0.0266995 0.0168909
22 0.4943862 0.2518419 0.0266995 0.0168909
20 0.2904989 0.3126491 0.0266995 0.0168909
21 0.3584614 0.3126491 0.0266995 0.0168909
3 0.6303110 0.3126491 0.0266995 0.0168909
25 0.2904989 0.3734564 0.0266995 0.0168909
16 0.4252101 0.3734564 0.0266995 0.0168909
11 0.4943862 0.3734564 0.0266995 0.0168909
8 0.3584614 0.4342636 0.0266995 0.0168909
17 0.4252101 0.4342636 0.0266995 0.0168909
1 0.6303110 0.4342636 0.0266995 0.0168909
10 0.2904989 0.4950709 0.0266995 0.0168909
5 0.6303110 0.4950709 0.0266995 0.0168909
30 0.2225365 0.5558782 0.0266995 0.0168909
