18 0.5150082 0.5374807 0.0262985 0.0171083
8 0.5819500 0.5374807 0.0262986 0.0171083
32 0.4498595 0.4194337 0.4841322 0.4379718
33 0.4486642 0.2301021 0.4387074 0.0159677
34 0.5144106 0.2905514 0.0633556 0.0615898
5 0.5150082 0.2911216 0.0262985 0.0171083
16 0.5819500 0.2911216 0.0262986 0.0171083
24 0.6488918 0.2911216 0.0262986 0.0171083
10 0.2472413 0.3527114 0.0262985 0.0171083
29 0.3141830 0.3527114 0.0262986 0.0171083
27 0.4468711 0.3527114 0.0262985 0.0171083
3 0.5819500 0.3527114 0.0262986 0.0171083
7 0.2472413 0.4143012 0.0262985 0.0171082
5 0.4468711 0.4143012 0.0262985 0.0171082
14 0.5819500 0.4143012 0.0262986 0.0171082
15 0.2472413 0.4758910 0.0262985 0.0171083
2 0.3811247 0.4758910 0.0262986 0.0171083
6 0.5819500 0.4758910 0.0262986 0.0171083
23 0.6488918 0.4758910 0.0262986 0.0171083
