27 0.2827509 0.7709007 0.0281534 0.0166701
19 0.4273567 0.7709007 0.0281533 0.0166701
32 0.2859501 0.5958651 0.5182775 0.4267532
33 0.2846704 0.4113833 0.4696490 0.0155587
2 0.0690414 0.4708398 0.0281533 0.0166701
16 0.1407045 0.4708398 0.0281534 0.0166701
12 0.3556937 0.4708398 0.0281533 0.0166701
18 0.0690414 0.5308520 0.0281533 0.0166701
21 0.2827509 0.5308520 0.0281534 0.0166701
31 0.4273567 0.5308520 0.0281533 0.0166701
30 0.1407045 0.5908641 0.0281534 0.0166701
17 0.3556937 0.5908641 0.0281533 0.0166701
24 0.3556937 0.6508763 0.0281533 0.0166701
10 0.0690414 0.7108885 0.0281533 0.0166701
15 0.1407045 0.7108885 0.0281534 0.0166701
20 0.2123675 0.7108885 0.0281533 0.0166701
34 0.4267168 0.7103328 0.0652645 0.0600121
9 0.4273567 0.7108885 0.0281533 0.0166701
29 0.1407045 0.7709007 0.0281534 0.0166701
