26 0.6981232 0.5920043 0.0279001 0.0170268
12 0.7691417 0.5920043 0.0279002 0.0170268
32 0.5579885 0.4132235 0.5136160 0.4358845
33 0.5567203 0.2247943 0.4654249 0.0158916
17 0.4140492 0.2855230 0.0279001 0.0170267
20 0.4850677 0.2855230 0.0279002 0.0170267
31 0.6271047 0.2855230 0.0279001 0.0170267
27 0.3430307 0.3468193 0.0279001 0.0170268
18 0.4850677 0.3468193 0.0279002 0.0170268
3 0.5548180 0.3468193 0.0279001 0.0170268
14 0.4850677 0.4081155 0.0279002 0.0170268
6 0.7691417 0.4081155 0.0279002 0.0170268
16 0.3430307 0.4694118 0.0279001 0.0170268
19 0.4140492 0.4694118 0.0279001 0.0170268
34 0.4850677 0.4688442 0.0659458 0.0612963
26 0.4850677 0.4694118 0.0279002 0.0170268
23 0.4140492 0.5307080 0.0279001 0.0170268
1 0.6271047 0.5307080 0.0279001 0.0170268
22 0.4850677 0.5920043 0.0279002 0.0170268
