17 0.4904659 0.6022051 0.0267880 0.0163111
29 0.6256234 0.6022051 0.0267879 0.0163111
32 0.6286675 0.4309390 0.4931422 0.4175632
33 0.6274499 0.2504299 0.4468721 0.0152237
13 0.4222784 0.3086060 0.0267879 0.0163111
5 0.4904659 0.3086060 0.0267880 0.0163111
2 0.5586535 0.3086060 0.0267880 0.0163111
12 0.6256234 0.3086060 0.0267879 0.0163111
9 0.6950287 0.3673258 0.0267879 0.0163111
8 0.8314038 0.3673258 0.0267879 0.0163111
20 0.4222784 0.4260457 0.0267879 0.0163110
26 0.4904659 0.4260457 0.0267880 0.0163110
34 0.6944199 0.4255019 0.0645347 0.0587198
10 0.6950287 0.4260457 0.0267879 0.0163110
16 0.7632162 0.4260457 0.0267879 0.0163110
21 0.6256234 0.4847655 0.0267879 0.0163110
27 0.7632162 0.4847655 0.0267879 0.0163110
18 0.6256234 0.5434853 0.0267879 0.0163110
15 0.8314038 0.5434853 0.0267879 0.0163110
