29 0.2979551 0.5855963 0.0268285 0.0170490
15 0.5028276 0.6469727 0.0268285 0.0170490
32 0.4363660 0.4679582 0.4938891 0.4364544
33 0.4351466 0.2792826 0.4475490 0.0159124
17 0.2979551 0.3400907 0.0268285 0.0170490
12 0.4333173 0.3400907 0.0268285 0.0170490
19 0.5028276 0.3400907 0.0268285 0.0170490
11 0.3662460 0.4014671 0.0268286 0.0170490
2 0.4333173 0.4014671 0.0268285 0.0170490
34 0.5705088 0.4008988 0.0621935 0.0613764
5 0.5711185 0.4014671 0.0268286 0.0170490
8 0.2296642 0.4628435 0.0268286 0.0170490
4 0.3662460 0.4628435 0.0268286 0.0170490
7 0.4333173 0.4628435 0.0268285 0.0170490
6 0.5028276 0.4628435 0.0268285 0.0170490
20 0.5711185 0.4628435 0.0268286 0.0170490
27 0.5028276 0.5242199 0.0268285 0.0170490
31 0.6394093 0.5242199 0.0268286 0.0170490
18 0.2296642 0.5855963 0.0268286 0.0170490
