26 0.1907590 0.5775132 0.0263981 0.0163469
24 0.3911449 0.5775132 0.0263981 0.0163469
32 0.3941447 0.4058713 0.4859658 0.4184793
33 0.3929448 0.2249662 0.4403691 0.0152571
4 0.1907590 0.2832699 0.0263981 0.0163469
5 0.3911449 0.2832699 0.0263981 0.0163469
30 0.4595401 0.3421186 0.0263982 0.0163468
10 0.5267354 0.3421186 0.0263982 0.0163468
2 0.2579543 0.4009673 0.0263981 0.0163468
27 0.3911449 0.4009673 0.0263981 0.0163468
19 0.5267354 0.4009673 0.0263982 0.0163468
12 0.5939307 0.4009673 0.0263982 0.0163468
21 0.3911449 0.4598159 0.0263981 0.0163468
6 0.5267354 0.4598159 0.0263982 0.0163468
17 0.5939307 0.4598159 0.0263982 0.0163468
20 0.1907590 0.5186646 0.0263981 0.0163468
29 0.4595401 0.5186646 0.0263982 0.0163468
34 0.5939307 0.5181196 0.0623956 0.0588486
4 0.5939307 0.5186646 0.0263982 0.0163468
