34 0.4551810 0.6880849 0.0609301 0.0612895
1 0.4557784 0.6886523 0.0262836 0.0170248
32 0.5913776 0.5098915 0.4838563 0.4358361
33 0.5901830 0.3214832 0.4384576 0.0158899
11 0.3888748 0.3822051 0.0262835 0.0170248
17 0.4557784 0.3822051 0.0262836 0.0170248
24 0.5883909 0.3822051 0.0262835 0.0170248
31 0.6564893 0.3822051 0.0262836 0.0170248
7 0.5226820 0.4434945 0.0262836 0.0170249
8 0.5883909 0.4434945 0.0262835 0.0170249
5 0.7902964 0.4434945 0.0262836 0.0170249
18 0.4557784 0.5047840 0.0262836 0.0170249
30 0.7233928 0.5047840 0.0262836 0.0170249
29 0.5226820 0.5660735 0.0262836 0.0170249
15 0.5883909 0.5660735 0.0262835 0.0170249
23 0.6564893 0.5660735 0.0262836 0.0170249
16 0.4557784 0.6273629 0.0262836 0.0170248
26 0.6564893 0.6273629 0.0262836 0.0170248
2 0.3888748 0.6886523 0.0262835 0.0170248
