30 0.7816621 0.7471726 0.0274734 0.0160744
24 0.8515945 0.7471726 0.0274734 0.0160744
32 0.6436707 0.5783915 0.5057607 0.4115043
33 0.6424219 0.4005016 0.4583065 0.0150028
21 0.5718652 0.4578336 0.0274734 0.0160744
12 0.5718652 0.5157014 0.0274734 0.0160744
26 0.6405487 0.5157014 0.0274734 0.0160744
22 0.7816621 0.5157014 0.0274734 0.0160744
11 0.6405487 0.5735692 0.0274734 0.0160744
4 0.8515945 0.5735692 0.0274734 0.0160744
18 0.5019328 0.6314369 0.0274734 0.0160744
6 0.5718652 0.6314369 0.0274734 0.0160744
16 0.6405487 0.6314369 0.0274734 0.0160744
34 0.7810378 0.6309012 0.0636884 0.0578678
8 0.7816621 0.6314369 0.0274734 0.0160744
31 0.6405487 0.6893047 0.0274734 0.0160744
8 0.7117299 0.6893047 0.0274734 0.0160744
20 0.8515945 0.6893047 0.0274734 0.0160744
2 0.5718652 0.7471726 0.0274734 0.0160744
