20 0.4292044 0.7508184 0.0264174 0.0170221
22 0.5636930 0.7508184 0.0264174 0.0170221
32 0.3637614 0.5720870 0.4863202 0.4357643
33 0.3625606 0.3837097 0.4406902 0.0158872
15 0.1602274 0.4444217 0.0264174 0.0170221
4 0.3607594 0.4444217 0.0264174 0.0170221
34 0.1602274 0.5051336 0.0624411 0.0612794
17 0.1602274 0.5057010 0.0264174 0.0170220
14 0.2947159 0.5057010 0.0264174 0.0170220
26 0.4964487 0.5057010 0.0264174 0.0170220
7 0.5636930 0.5057010 0.0264174 0.0170220
10 0.5636930 0.5669804 0.0264174 0.0170220
27 0.1602274 0.6282598 0.0264174 0.0170220
31 0.4292044 0.6282598 0.0264174 0.0170220
1 0.4964487 0.6282598 0.0264174 0.0170220
5 0.2947159 0.6895391 0.0264174 0.0170220
25 0.3607594 0.6895391 0.0264174 0.0170220
18 0.5636930 0.6895391 0.0264174 0.0170220
9 0.3607594 0.7508184 0.0264174 0.0170221
