26 0.0881321 0.6872984 0.0279512 0.0169240
20 0.2304292 0.6872984 0.0279512 0.0169240
32 0.3034834 0.5095966 0.5145562 0.4332540
33 0.3022129 0.3223046 0.4662769 0.0157957
18 0.0881321 0.3826668 0.0279512 0.0169240
7 0.1592807 0.3826668 0.0279512 0.0169240
2 0.4438747 0.3826668 0.0279512 0.0169240
10 0.1592807 0.4435931 0.0279512 0.0169240
34 0.2304292 0.4430290 0.0660665 0.0609264
26 0.2304292 0.4435931 0.0279512 0.0169240
9 0.3727262 0.4435931 0.0279512 0.0169240
6 0.5150232 0.4435931 0.0279512 0.0169240
27 0.1592807 0.5045194 0.0279512 0.0169240
12 0.3727262 0.5045194 0.0279512 0.0169240
11 0.3003072 0.5654458 0.0279512 0.0169240
3 0.3727262 0.5654458 0.0279512 0.0169240
29 0.1592807 0.6263721 0.0279512 0.0169240
31 0.2304292 0.6263721 0.0279512 0.0169240
30 0.4438747 0.6263721 0.0279512 0.0169240
