4 0.5197817 0.5696223 0.0271685 0.0164613
23 0.5889378 0.5696223 0.0271685 0.0164613
32 0.3833218 0.3967786 0.5001471 0.4214096
33 0.3820869 0.2146067 0.4532197 0.0153639
1 0.2431572 0.2733187 0.0271685 0.0164613
2 0.5197817 0.2733187 0.0271685 0.0164613
31 0.5889378 0.2733187 0.0271685 0.0164613
7 0.1740010 0.3325795 0.0271685 0.0164614
15 0.4506255 0.3325795 0.0271685 0.0164614
9 0.5197817 0.3325795 0.0271685 0.0164614
12 0.1740010 0.3918402 0.0271685 0.0164613
22 0.3802345 0.3918402 0.0271685 0.0164613
21 0.5197817 0.4511009 0.0271685 0.0164612
20 0.5889378 0.4511009 0.0271685 0.0164612
5 0.3123133 0.5103616 0.0271685 0.0164613
34 0.4500081 0.5098129 0.0654514 0.0592607
18 0.4506255 0.5103616 0.0271685 0.0164613
17 0.1740010 0.5696223 0.0271685 0.0164613
29 0.3123133 0.5696223 0.0271685 0.0164613
