24 0.3719825 0.6754867 0.0264315 0.0161239
7 0.4380613 0.7335323 0.0264315 0.0161239
32 0.4410649 0.5642324 0.4865801 0.4127695
33 0.4398634 0.3857955 0.4409258 0.0150489
25 0.4380613 0.4433038 0.0264315 0.0161238
10 0.5065429 0.4433038 0.0264315 0.0161238
31 0.5738231 0.4433038 0.0264315 0.0161238
1 0.3047023 0.5013495 0.0264315 0.0161238
24 0.3719825 0.5013495 0.0264315 0.0161238
13 0.5738231 0.5013495 0.0264315 0.0161238
5 0.6411034 0.5013495 0.0264315 0.0161238
2 0.2374221 0.5593952 0.0264315 0.0161238
15 0.3047023 0.5593952 0.0264315 0.0161238
4 0.6411034 0.5593952 0.0264315 0.0161238
8 0.3719825 0.6174409 0.0264315 0.0161237
30 0.4380613 0.6174409 0.0264315 0.0161237
29 0.5738231 0.6174409 0.0264315 0.0161237
18 0.3047023 0.6754867 0.0264315 0.0161239
34 0.3719825 0.6749492 0.0624745 0.0580457
