12 0.6199469 0.7379087 0.0262826 0.0164140
11 0.2185400 0.7969990 0.0262826 0.0164139
32 0.4210354 0.6246524 0.4838387 0.4201975
33 0.4198408 0.4430045 0.4384415 0.0153197
8 0.2185400 0.5015476 0.0262826 0.0164139
25 0.4861446 0.5015476 0.0262826 0.0164139
24 0.2854411 0.5606379 0.0262826 0.0164139
22 0.4180488 0.5606379 0.0262826 0.0164139
2 0.4861446 0.5606379 0.0262826 0.0164139
16 0.2854411 0.6197282 0.0262826 0.0164140
30 0.3523423 0.6197282 0.0262826 0.0164140
23 0.4180488 0.6197282 0.0262826 0.0164140
4 0.2185400 0.6788185 0.0262826 0.0164139
7 0.4180488 0.6788185 0.0262826 0.0164139
6 0.4861446 0.6788185 0.0262826 0.0164139
13 0.5530457 0.6788185 0.0262826 0.0164139
34 0.6199469 0.6782713 0.0621225 0.0590902
31 0.6199469 0.6788185 0.0262826 0.0164139
18 0.5530457 0.7379087 0.0262826 0.0164140
