26 0.6398455 0.4890834 0.0283812 0.0174023
23 0.7120885 0.4890834 0.0283812 0.0174023
32 0.5695375 0.3690076 0.5224719 0.4454984
33 0.5682475 0.1764224 0.4734499 0.0162421
5 0.4231164 0.2384905 0.0283812 0.0174023
6 0.4953594 0.2384905 0.0283812 0.0174023
2 0.3508733 0.3011387 0.0283812 0.0174023
4 0.6398455 0.3011387 0.0283812 0.0174023
24 0.7120885 0.3011387 0.0283812 0.0174023
34 0.7843315 0.3005587 0.0670828 0.0626482
11 0.7843316 0.3011387 0.0283812 0.0174023
19 0.4953594 0.3637870 0.0283812 0.0174023
8 0.7120885 0.3637870 0.0283812 0.0174023
29 0.4231164 0.4264352 0.0283812 0.0174023
21 0.4953594 0.4264352 0.0283812 0.0174023
12 0.5663124 0.4264352 0.0283812 0.0174023
16 0.7120885 0.4264352 0.0283812 0.0174023
7 0.7843316 0.4264352 0.0283812 0.0174023
14 0.5663124 0.4890834 0.0283812 0.0174023
