9 0.1670403 0.7572526 0.0282054 0.0171105
16 0.2388358 0.7572526 0.0282054 0.0171105
32 0.3125545 0.5775917 0.5192358 0.4380305
33 0.3112724 0.3882347 0.4705173 0.0159699
29 0.2388358 0.4492624 0.0282054 0.0171106
7 0.4542225 0.4492624 0.0282054 0.0171106
2 0.1670403 0.5108604 0.0282054 0.0171105
26 0.3093494 0.5108604 0.0282054 0.0171105
34 0.3817860 0.5102901 0.0679493 0.0615980
24 0.3824270 0.5108604 0.0282054 0.0171105
18 0.5260181 0.5108604 0.0282054 0.0171105
15 0.1670403 0.5724585 0.0282054 0.0171105
14 0.3093494 0.5724585 0.0282054 0.0171105
22 0.3824270 0.5724585 0.0282054 0.0171105
8 0.5260181 0.5724585 0.0282054 0.0171105
20 0.3824270 0.6340565 0.0282054 0.0171105
12 0.4542225 0.6340565 0.0282054 0.0171105
4 0.3093494 0.6956546 0.0282054 0.0171105
10 0.5260181 0.6956546 0.0282054 0.0171105
