34 0.6222498 0.8131661 0.0623297 0.0624105
10 0.6228608 0.8137440 0.0268874 0.0173363
32 0.4878131 0.6317133 0.4949714 0.4438080
33 0.4865909 0.4398589 0.4485296 0.0161805
14 0.4847577 0.5016915 0.0268874 0.0173363
9 0.6913013 0.5016915 0.0268874 0.0173363
29 0.2806584 0.5641020 0.0268873 0.0173362
6 0.3490989 0.5641020 0.0268873 0.0173362
1 0.4847577 0.5641020 0.0268874 0.0173362
16 0.2806584 0.6265125 0.0268873 0.0173362
2 0.4175394 0.6265125 0.0268874 0.0173362
13 0.3490989 0.6889229 0.0268873 0.0173362
27 0.4847577 0.6889229 0.0268874 0.0173362
15 0.6228608 0.6889229 0.0268874 0.0173362
12 0.6913013 0.6889229 0.0268874 0.0173362
19 0.2806584 0.7513334 0.0268873 0.0173362
7 0.4175394 0.7513334 0.0268874 0.0173362
18 0.3490989 0.8137440 0.0268873 0.0173363
11 0.4847577 0.8137440 0.0268874 0.0173363
