21 0.6718180 0.6455491 0.0281729 0.0169223
23 0.6001051 0.7064694 0.0281729 0.0169223
32 0.4586003 0.5287853 0.5186377 0.4332109
33 0.4573197 0.3415118 0.4699754 0.0157941
19 0.3132537 0.4018680 0.0281729 0.0169223
13 0.4553988 0.4018680 0.0281729 0.0169223
16 0.2415408 0.4627883 0.0281729 0.0169223
26 0.3132537 0.4627883 0.0281729 0.0169223
24 0.3849665 0.4627883 0.0281729 0.0169223
3 0.6001051 0.4627883 0.0281729 0.0169223
31 0.2415408 0.5237086 0.0281729 0.0169223
18 0.4553988 0.5237086 0.0281729 0.0169223
8 0.2415408 0.5846288 0.0281729 0.0169223
20 0.4553988 0.5846288 0.0281729 0.0169223
34 0.5994648 0.5840647 0.0653100 0.0609203
14 0.6001051 0.5846288 0.0281729 0.0169223
9 0.3849665 0.6455491 0.0281729 0.0169223
30 0.5283923 0.6455491 0.0281729 0.0169223
7 0.6001051 0.6455491 0.0281729 0.0169223
