18 0.5700456 0.7508601 0.0275211 0.0159794
24 0.6400994 0.7508601 0.0275211 0.0159794
32 0.4318145 0.5830762 0.5066389 0.4090731
33 0.4305635 0.4062373 0.4591024 0.0149141
26 0.2197768 0.4632305 0.0275211 0.0159794
34 0.2892050 0.4626979 0.0637989 0.0575259
6 0.2898305 0.4632305 0.0275211 0.0159794
15 0.3598843 0.4632305 0.0275211 0.0159794
3 0.4286871 0.4632305 0.0275211 0.0159794
9 0.3598843 0.5207564 0.0275211 0.0159794
8 0.4286871 0.5207564 0.0275211 0.0159794
1 0.6400994 0.5782823 0.0275211 0.0159794
20 0.4286871 0.6358082 0.0275211 0.0159794
7 0.4999918 0.6358082 0.0275211 0.0159794
25 0.3598843 0.6933341 0.0275211 0.0159794
6 0.4999918 0.6933341 0.0275211 0.0159794
5 0.5700456 0.6933341 0.0275211 0.0159794
30 0.2197768 0.7508601 0.0275211 0.0159794
31 0.4999918 0.7508601 0.0275211 0.0159794
