9 0.6005558 0.6743717 0.0286085 0.0163009
18 0.6733773 0.6743717 0.0286086 0.0163009
32 0.5296848 0.5032120 0.5266558 0.4173037
33 0.5283844 0.3228151 0.4772412 0.0152142
3 0.3092696 0.3809551 0.0286085 0.0163009
4 0.3820911 0.3809551 0.0286084 0.0163009
24 0.6733773 0.3809551 0.0286086 0.0163009
2 0.3820911 0.4396384 0.0286084 0.0163009
20 0.4549127 0.4396384 0.0286085 0.0163009
13 0.6733773 0.4396384 0.0286086 0.0163009
7 0.3092696 0.4983218 0.0286085 0.0163009
12 0.5264338 0.4983218 0.0286085 0.0163009
21 0.6005558 0.4983218 0.0286085 0.0163009
6 0.7461989 0.4983218 0.0286085 0.0163009
34 0.7461989 0.5564617 0.0676200 0.0586833
31 0.7461989 0.5570051 0.0286085 0.0163009
29 0.6005558 0.6156884 0.0286085 0.0163009
1 0.6733773 0.6156884 0.0286086 0.0163009
16 0.3820911 0.6743717 0.0286084 0.0163009
