34 0.7070916 0.5394904 0.0661517 0.0585629
10 0.7070915 0.5400326 0.0279873 0.0162675
32 0.4952787 0.3692241 0.5152206 0.4164475
33 0.4940065 0.1891973 0.4668789 0.0151830
7 0.4920983 0.2472180 0.0279873 0.0162675
26 0.5646108 0.2472180 0.0279873 0.0162675
25 0.6358512 0.2472180 0.0279874 0.0162675
31 0.2796493 0.3057809 0.0279873 0.0162675
4 0.3508897 0.3057809 0.0279873 0.0162675
8 0.4920983 0.3057809 0.0279873 0.0162675
27 0.5646108 0.3057809 0.0279873 0.0162675
30 0.4221301 0.3643439 0.0279873 0.0162675
11 0.4920983 0.4229068 0.0279873 0.0162675
6 0.7070915 0.4229068 0.0279873 0.0162675
23 0.4221301 0.4814697 0.0279873 0.0162675
3 0.4920983 0.4814697 0.0279873 0.0162675
29 0.4221301 0.5400326 0.0279873 0.0162675
24 0.4920983 0.5400326 0.0279873 0.0162675
22 0.5646108 0.5400326 0.0279873 0.0162675
