3 0.2379669 0.8136941 0.0275598 0.0172724
1 0.5887283 0.8136941 0.0275599 0.0172724
32 0.3801506 0.6323350 0.5073514 0.4421708
33 0.3788979 0.4411883 0.4597480 0.0161208
18 0.3081192 0.5027928 0.0275598 0.0172723
31 0.3770187 0.5027928 0.0275599 0.0172723
21 0.4484238 0.5027928 0.0275598 0.0172723
11 0.3770187 0.5649731 0.0275599 0.0172723
20 0.4484238 0.5649731 0.0275598 0.0172723
2 0.1678146 0.6271533 0.0275598 0.0172724
30 0.3770187 0.6271533 0.0275599 0.0172724
7 0.4484238 0.6271533 0.0275598 0.0172724
10 0.5185760 0.6271533 0.0275599 0.0172724
27 0.5887283 0.6271533 0.0275599 0.0172724
29 0.1678146 0.6893336 0.0275598 0.0172723
24 0.2379669 0.7515139 0.0275598 0.0172723
34 0.5179497 0.7509381 0.0638887 0.0621803
5 0.5185760 0.7515139 0.0275599 0.0172723
17 0.5887283 0.7515139 0.0275599 0.0172723
