8 0.0566090 0.6505846 0.0270423 0.0161841
22 0.4696194 0.6505846 0.0270424 0.0161841
32 0.2649580 0.4806517 0.4978250 0.4143129
33 0.2637288 0.3015476 0.4511155 0.0151052
2 0.0566090 0.3592709 0.0270423 0.0161841
23 0.1254440 0.3592709 0.0270423 0.0161841
34 0.2618850 0.3587315 0.0639183 0.0582627
9 0.2618850 0.3592709 0.0270424 0.0161841
3 0.4007843 0.3592709 0.0270424 0.0161841
9 0.4696194 0.3592709 0.0270424 0.0161841
21 0.1254440 0.4175337 0.0270423 0.0161841
19 0.4696194 0.4175337 0.0270424 0.0161841
4 0.2618850 0.4757964 0.0270424 0.0161841
14 0.3319492 0.4757964 0.0270424 0.0161841
24 0.2618850 0.5340592 0.0270424 0.0161841
16 0.3319492 0.5340592 0.0270424 0.0161841
6 0.4007843 0.5340592 0.0270424 0.0161841
13 0.2618850 0.5923219 0.0270424 0.0161841
26 0.4696194 0.5923219 0.0270424 0.0161841
