25 0.7366948 0.4574940 0.0266220 0.0168450
26 0.8044598 0.4574940 0.0266219 0.0168450
32 0.6029799 0.3412639 0.4900861 0.4312305
33 0.6017699 0.1548466 0.4441028 0.0157219
1 0.4656348 0.2149269 0.0266219 0.0168450
34 0.5333998 0.2143654 0.0629247 0.0606418
25 0.5333998 0.2149269 0.0266220 0.0168450
6 0.5999547 0.2149269 0.0266219 0.0168450
27 0.3978698 0.2755686 0.0266220 0.0168449
20 0.4656348 0.2755686 0.0266219 0.0168449
7 0.5333998 0.2755686 0.0266220 0.0168449
15 0.5999547 0.2755686 0.0266219 0.0168449
13 0.6689297 0.2755686 0.0266219 0.0168449
12 0.5333998 0.3362104 0.0266220 0.0168450
10 0.6689297 0.3362104 0.0266219 0.0168450
17 0.7366948 0.3362104 0.0266220 0.0168450
29 0.6689297 0.3968522 0.0266219 0.0168449
24 0.7366948 0.3968522 0.0266220 0.0168449
19 0.6689297 0.4574940 0.0266219 0.0168450
