3 0.5531886 0.5328401 0.0272913 0.0165122
27 0.6226572 0.5328401 0.0272912 0.0165122
32 0.4161122 0.3594618 0.5024067 0.4227127
33 0.4148717 0.1767266 0.4552673 0.0154114
17 0.2058457 0.2356202 0.0272912 0.0165122
19 0.4130109 0.2356202 0.0272912 0.0165122
11 0.6226572 0.2356202 0.0272912 0.0165122
22 0.2058457 0.2950642 0.0272912 0.0165122
31 0.3447829 0.2950642 0.0272912 0.0165122
24 0.4837200 0.2950642 0.0272912 0.0165122
8 0.6226572 0.2950642 0.0272912 0.0165122
13 0.2753143 0.3545082 0.0272912 0.0165122
15 0.3447829 0.3545082 0.0272912 0.0165122
25 0.6226572 0.3545082 0.0272912 0.0165122
6 0.4130109 0.4139521 0.0272912 0.0165122
34 0.4830997 0.4728457 0.0657471 0.0594440
30 0.4837200 0.4733961 0.0272912 0.0165122
9 0.2058457 0.5328401 0.0272912 0.0165122
30 0.3447829 0.5328401 0.0272912 0.0165122
