19 0.5243639 0.6584803 0.0267834 0.0159368
13 0.5925399 0.6584803 0.0267834 0.0159368
32 0.4580140 0.4911437 0.4930589 0.4079826
33 0.4567966 0.3147762 0.4467966 0.0148744
27 0.2516597 0.3716175 0.0267834 0.0159368
9 0.3880118 0.3716175 0.0267834 0.0159368
34 0.4549704 0.3710863 0.0633063 0.0573725
29 0.4549704 0.3716175 0.0267834 0.0159368
30 0.6607160 0.3716175 0.0267834 0.0159368
26 0.2516597 0.4289901 0.0267834 0.0159368
15 0.3198357 0.4863626 0.0267834 0.0159368
29 0.5243639 0.4863626 0.0267834 0.0159368
23 0.6607160 0.4863626 0.0267834 0.0159368
4 0.3880118 0.5437351 0.0267834 0.0159368
18 0.4549704 0.5437351 0.0267834 0.0159368
1 0.5243639 0.5437351 0.0267834 0.0159368
10 0.3198357 0.6011077 0.0267834 0.0159368
2 0.5925399 0.6011077 0.0267834 0.0159368
25 0.3880118 0.6584803 0.0267834 0.0159368
