4 0.3798850 0.7631691 0.0281828 0.0163238
30 0.6668369 0.7631691 0.0281828 0.0163238
32 0.5252825 0.5917690 0.5188192 0.4178900
33 0.5240015 0.4111186 0.4701399 0.0152356
31 0.4516230 0.4693403 0.0281828 0.0163238
34 0.6661964 0.4687961 0.0653328 0.0587658
24 0.6668369 0.4693403 0.0281828 0.0163238
20 0.7385748 0.4693403 0.0281828 0.0163238
27 0.5950990 0.5281060 0.0281828 0.0163239
21 0.3798850 0.5868718 0.0281828 0.0163238
8 0.5950990 0.5868718 0.0281828 0.0163238
25 0.6668369 0.5868718 0.0281828 0.0163238
16 0.7385748 0.5868718 0.0281828 0.0163238
10 0.3081471 0.6456376 0.0281828 0.0163239
12 0.5220799 0.6456376 0.0281828 0.0163239
23 0.6668369 0.6456376 0.0281828 0.0163239
9 0.5950990 0.7044033 0.0281828 0.0163239
3 0.7385748 0.7044033 0.0281828 0.0163239
17 0.3081471 0.7631691 0.0281828 0.0163238
