19 0.4539799 0.6066458 0.0282734 0.0165434
25 0.5979175 0.6066458 0.0282734 0.0165434
32 0.3839389 0.4329406 0.5204884 0.4235098
33 0.3826538 0.2498608 0.4716524 0.0154405
9 0.2380737 0.3088654 0.0282734 0.0165433
6 0.4539799 0.3088654 0.0282734 0.0165433
13 0.5979175 0.3088654 0.0282734 0.0165433
22 0.1661049 0.3684215 0.0282734 0.0165433
10 0.3807261 0.3684215 0.0282734 0.0165433
23 0.4539799 0.3684215 0.0282734 0.0165433
34 0.5979175 0.3678701 0.0668281 0.0595561
15 0.5979175 0.3684215 0.0282734 0.0165433
15 0.5979175 0.4875336 0.0282734 0.0165434
18 0.1661049 0.5470897 0.0282734 0.0165434
4 0.2380737 0.5470897 0.0282734 0.0165434
26 0.3100424 0.5470897 0.0282734 0.0165434
30 0.5979175 0.5470897 0.0282734 0.0165434
2 0.3100424 0.6066458 0.0282734 0.0165434
3 0.3807261 0.6066458 0.0282734 0.0165434
