2 0.3793621 0.7425916 0.0265228 0.0160803
5 0.4468745 0.7425916 0.0265227 0.0160803
32 0.3136581 0.5737491 0.4882592 0.4116544
33 0.3124525 0.3957943 0.4424473 0.0150082
25 0.2443374 0.4531472 0.0265227 0.0160802
20 0.3793621 0.4531472 0.0265228 0.0160802
1 0.4468745 0.4531472 0.0265227 0.0160802
19 0.3106442 0.5110361 0.0265228 0.0160803
34 0.2443374 0.5683889 0.0626901 0.0578890
19 0.2443374 0.5689250 0.0265227 0.0160802
16 0.3106442 0.5689250 0.0265228 0.0160802
18 0.4468745 0.5689250 0.0265227 0.0160802
21 0.3793621 0.6268138 0.0265228 0.0160802
15 0.5143869 0.6268138 0.0265227 0.0160802
27 0.3106442 0.6847028 0.0265228 0.0160803
23 0.5143869 0.6847028 0.0265227 0.0160803
24 0.1093126 0.7425916 0.0265227 0.0160803
26 0.1768250 0.7425916 0.0265227 0.0160803
4 0.2443374 0.7425916 0.0265227 0.0160803
