2 0.4344168 0.7786873 0.0273177 0.0174061
17 0.5722470 0.7786873 0.0273177 0.0174061
32 0.5753513 0.5959227 0.5028941 0.4455974
33 0.5741096 0.4032947 0.4557090 0.0162458
34 0.3648808 0.4647964 0.0645691 0.0626622
7 0.3648808 0.4653766 0.0273177 0.0174061
6 0.4344168 0.4653766 0.0273177 0.0174061
12 0.7820966 0.4653766 0.0273177 0.0174061
25 0.5722470 0.5280387 0.0273177 0.0174061
5 0.3648808 0.5907008 0.0273177 0.0174061
29 0.6430247 0.5907008 0.0273177 0.0174061
21 0.7820966 0.5907008 0.0273177 0.0174061
7 0.5039528 0.6533630 0.0273177 0.0174061
9 0.5722470 0.6533630 0.0273177 0.0174061
18 0.6430247 0.6533630 0.0273177 0.0174061
8 0.7820966 0.6533630 0.0273177 0.0174061
3 0.3648808 0.7160251 0.0273177 0.0174061
1 0.5039528 0.7160251 0.0273177 0.0174061
19 0.6430247 0.7160251 0.0273177 0.0174061
