18 0.5495638 0.7384268 0.0262951 0.0164304
8 0.6164969 0.7384268 0.0262951 0.0164304
32 0.4844236 0.5659082 0.4840694 0.4206169
33 0.4832284 0.3840790 0.4386507 0.0153350
1 0.4156977 0.4426805 0.0262951 0.0164304
3 0.4814355 0.4426805 0.0262951 0.0164304
25 0.2818315 0.5018298 0.0262951 0.0164304
14 0.3487646 0.5018298 0.0262951 0.0164304
4 0.4814355 0.5018298 0.0262951 0.0164304
31 0.6834299 0.5018298 0.0262951 0.0164304
7 0.3487646 0.5609791 0.0262951 0.0164303
26 0.6164969 0.5609791 0.0262951 0.0164303
30 0.4814355 0.6201283 0.0262951 0.0164304
12 0.5495638 0.6201283 0.0262951 0.0164304
2 0.6164969 0.6201283 0.0262951 0.0164304
34 0.2818316 0.6787299 0.0621521 0.0591493
16 0.2818315 0.6792776 0.0262951 0.0164304
15 0.6164969 0.6792776 0.0262951 0.0164304
23 0.2818315 0.7384268 0.0262951 0.0164304
