25 0.6643553 0.5638517 0.0283848 0.0161417
21 0.3753461 0.6219618 0.0283848 0.0161417
32 0.4495337 0.4524741 0.5225389 0.4132272
33 0.4482435 0.2738394 0.4735106 0.0150656
3 0.4463082 0.3314114 0.0283848 0.0161417
11 0.5198507 0.3314114 0.0283849 0.0161417
29 0.6643553 0.3314114 0.0283848 0.0161417
7 0.2308415 0.3895215 0.0283848 0.0161417
30 0.6643553 0.3895215 0.0283848 0.0161417
5 0.3753461 0.4476315 0.0283848 0.0161417
14 0.5198507 0.4476315 0.0283849 0.0161417
23 0.5921030 0.4476315 0.0283849 0.0161417
8 0.2308415 0.5057416 0.0283848 0.0161417
12 0.5198507 0.5057416 0.0283849 0.0161417
34 0.2308415 0.5633137 0.0670914 0.0581101
15 0.2308415 0.5638517 0.0283848 0.0161417
1 0.3030938 0.5638517 0.0283848 0.0161417
19 0.3753461 0.5638517 0.0283848 0.0161417
10 0.5198507 0.5638517 0.0283849 0.0161417
