6 0.4082014 0.5220542 0.0275853 0.0168849
24 0.5486360 0.5220542 0.0275854 0.0168849
32 0.4802995 0.3447628 0.5078214 0.4322535
33 0.4790457 0.1579032 0.4601740 0.0157592
17 0.3379842 0.2181260 0.0275853 0.0168849
34 0.4082014 0.2175632 0.0652017 0.0607856
6 0.4082014 0.2181260 0.0275853 0.0168849
4 0.6188533 0.2181260 0.0275853 0.0168849
21 0.6890706 0.2181260 0.0275854 0.0168849
9 0.4082014 0.2789117 0.0275853 0.0168849
10 0.4771648 0.2789117 0.0275853 0.0168849
18 0.4771648 0.3396973 0.0275853 0.0168849
30 0.5486360 0.3396973 0.0275854 0.0168849
3 0.5486360 0.4004829 0.0275854 0.0168849
5 0.6188533 0.4004829 0.0275853 0.0168849
26 0.2677669 0.4612686 0.0275854 0.0168849
27 0.5486360 0.4612686 0.0275854 0.0168849
23 0.6188533 0.4612686 0.0275853 0.0168849
14 0.2677669 0.5220542 0.0275854 0.0168849
