13 0.3959716 0.5315314 0.0267306 0.0173726
11 0.6013110 0.5315314 0.0267305 0.0173726
32 0.3990092 0.3491191 0.4920854 0.4447388
33 0.3977942 0.1568622 0.4459145 0.0162144
5 0.1930623 0.2188245 0.0267306 0.0173726
1 0.3959716 0.2188245 0.0267306 0.0173726
7 0.4652281 0.2188245 0.0267306 0.0173726
23 0.6013110 0.2188245 0.0267305 0.0173726
19 0.3291452 0.2813659 0.0267306 0.0173726
26 0.4652281 0.3439073 0.0267306 0.0173726
34 0.1930623 0.4058696 0.0631813 0.0625414
4 0.1930623 0.4064487 0.0267306 0.0173726
17 0.3291452 0.4064487 0.0267306 0.0173726
30 0.3959716 0.4064487 0.0267306 0.0173726
24 0.3291452 0.4689901 0.0267306 0.0173726
20 0.4652281 0.4689901 0.0267306 0.0173726
25 0.5332695 0.4689901 0.0267306 0.0173726
21 0.2611037 0.5315314 0.0267306 0.0173726
