6 0.3725883 0.5594798 0.0270463 0.0161458
17 0.6479691 0.5594798 0.0270463 0.0161458
32 0.4432776 0.3899483 0.4978983 0.4133342
33 0.4420482 0.2112673 0.4511819 0.0150695
9 0.3725883 0.2688543 0.0270463 0.0161459
23 0.5791239 0.2688543 0.0270463 0.0161459
18 0.2348979 0.3269794 0.0270463 0.0161459
20 0.4402041 0.3269794 0.0270463 0.0161459
13 0.3037431 0.3851045 0.0270463 0.0161458
30 0.3725883 0.3851045 0.0270463 0.0161458
10 0.5791239 0.3851045 0.0270463 0.0161458
34 0.6479691 0.3845663 0.0639277 0.0581251
17 0.6479691 0.3851045 0.0270463 0.0161458
21 0.6479691 0.4432296 0.0270463 0.0161459
24 0.2348979 0.5013547 0.0270463 0.0161459
2 0.3725883 0.5013547 0.0270463 0.0161459
29 0.5102787 0.5013547 0.0270464 0.0161459
16 0.5791239 0.5013547 0.0270463 0.0161459
