5 0.5568353 0.7772136 0.0265257 0.0167729
4 0.7606007 0.7772136 0.0265257 0.0167729
32 0.5598496 0.6010989 0.4883136 0.4293845
33 0.5586439 0.4154795 0.4424966 0.0156547
22 0.6255610 0.4753026 0.0265257 0.0167728
12 0.6930809 0.4753026 0.0265257 0.0167728
6 0.7606007 0.4753026 0.0265257 0.0167728
10 0.3554813 0.5356848 0.0265257 0.0167728
16 0.5568353 0.5356848 0.0265257 0.0167728
34 0.7606007 0.5351257 0.0626971 0.0603822
12 0.7606007 0.5356848 0.0265257 0.0167728
19 0.7606007 0.5960670 0.0265257 0.0167727
23 0.5568353 0.6564492 0.0265257 0.0167729
18 0.6930809 0.6564492 0.0265257 0.0167729
2 0.4905212 0.7168314 0.0265257 0.0167729
25 0.5568353 0.7168314 0.0265257 0.0167729
17 0.3554813 0.7772136 0.0265257 0.0167729
15 0.4230013 0.7772136 0.0265257 0.0167729
