4 0.6629268 0.6218277 0.0284129 0.0161155
24 0.7352504 0.6218277 0.0284129 0.0161155
32 0.5202169 0.4526152 0.5230547 0.4125565
33 0.5189254 0.2742704 0.4739779 0.0150411
3 0.3736324 0.3317490 0.0284129 0.0161155
34 0.5899575 0.3312118 0.0684491 0.0580157
26 0.5906032 0.3317490 0.0284129 0.0161155
22 0.6629268 0.3317490 0.0284129 0.0161155
12 0.3013088 0.3897647 0.0284129 0.0161155
21 0.3736324 0.3897647 0.0284129 0.0161155
10 0.4459560 0.4477805 0.0284129 0.0161155
2 0.4459560 0.5057962 0.0284129 0.0161155
20 0.5906032 0.5057962 0.0284129 0.0161155
1 0.3736324 0.5638120 0.0284129 0.0161155
11 0.5906032 0.5638120 0.0284129 0.0161155
5 0.3013088 0.6218277 0.0284129 0.0161155
8 0.4459560 0.6218277 0.0284129 0.0161155
30 0.5906032 0.6218277 0.0284129 0.0161155
