24 0.3812885 0.7470080 0.0269513 0.0158533
31 0.5184953 0.7470080 0.0269513 0.0158533
32 0.3145228 0.5805487 0.4961494 0.4058438
33 0.3132977 0.4051058 0.4495971 0.0147964
9 0.1068750 0.4616491 0.0269513 0.0158533
21 0.2440818 0.5187209 0.0269513 0.0158533
1 0.4498919 0.5187209 0.0269513 0.0158533
22 0.1068750 0.5757927 0.0269513 0.0158533
20 0.1754784 0.5757927 0.0269513 0.0158533
17 0.2440818 0.5757927 0.0269513 0.0158533
4 0.3114601 0.5757927 0.0269513 0.0158533
23 0.3812885 0.5757927 0.0269513 0.0158533
3 0.4498919 0.5757927 0.0269513 0.0158533
15 0.1754784 0.6328645 0.0269513 0.0158533
34 0.2440818 0.6323360 0.0637031 0.0570717
25 0.2440818 0.6328645 0.0269513 0.0158533
11 0.2440818 0.6899362 0.0269513 0.0158533
14 0.5184953 0.6899362 0.0269513 0.0158533
