21 0.5074168 0.7552599 0.0273451 0.0158639
24 0.5770225 0.7552599 0.0273451 0.0158639
32 0.3700698 0.5886896 0.5033984 0.4061140
33 0.3688268 0.4131300 0.4561659 0.0148062
34 0.1593882 0.4691822 0.0646339 0.0571098
5 0.1593882 0.4697110 0.0273451 0.0158639
16 0.5074168 0.4697110 0.0273451 0.0158639
25 0.2289939 0.5268207 0.0273451 0.0158638
15 0.3669624 0.5268207 0.0273451 0.0158638
2 0.4378111 0.5268207 0.0273451 0.0158638
23 0.1593882 0.5839306 0.0273451 0.0158639
6 0.3669624 0.5839306 0.0273451 0.0158639
26 0.4378111 0.5839306 0.0273451 0.0158639
5 0.5074168 0.5839306 0.0273451 0.0158639
19 0.5770225 0.6410404 0.0273451 0.0158639
14 0.2289939 0.6981502 0.0273451 0.0158639
10 0.4378111 0.6981502 0.0273451 0.0158639
27 0.2985996 0.7552599 0.0273451 0.0158639
