9 0.3713976 0.6845181 0.0271827 0.0162325
14 0.4393545 0.6845181 0.0271828 0.0162325
32 0.4424434 0.5140768 0.5004093 0.4155521
33 0.4412078 0.3344371 0.4534574 0.0151503
23 0.4393545 0.3923330 0.0271828 0.0162325
25 0.5789749 0.3923330 0.0271827 0.0162325
11 0.6481673 0.3923330 0.0271828 0.0162325
7 0.4393545 0.4507701 0.0271828 0.0162325
6 0.2330128 0.5092071 0.0271827 0.0162325
21 0.3713976 0.5092071 0.0271827 0.0162325
29 0.4393545 0.5092071 0.0271828 0.0162325
16 0.5097824 0.5092071 0.0271827 0.0162325
12 0.6481673 0.5092071 0.0271828 0.0162325
30 0.3713976 0.5676441 0.0271827 0.0162325
19 0.5789749 0.5676441 0.0271827 0.0162325
34 0.3015874 0.6255400 0.0630145 0.0584370
8 0.3022053 0.6260811 0.0271827 0.0162325
8 0.3713976 0.6260811 0.0271827 0.0162325
