22 0.4889449 0.7301411 0.0268461 0.0167665
2 0.6951717 0.7301411 0.0268462 0.0167665
32 0.4919956 0.5540929 0.4942123 0.4292221
33 0.4907753 0.3685438 0.4478418 0.0156487
9 0.3534941 0.4283443 0.0268461 0.0167665
18 0.4218296 0.4283443 0.0268461 0.0167665
24 0.6268362 0.4283443 0.0268461 0.0167665
16 0.4889449 0.4887036 0.0268461 0.0167665
7 0.5585007 0.4887036 0.0268461 0.0167665
27 0.4218296 0.5490630 0.0268461 0.0167665
11 0.4889449 0.5490630 0.0268461 0.0167665
20 0.6268362 0.5490630 0.0268461 0.0167665
3 0.3534941 0.6094223 0.0268461 0.0167665
34 0.4218296 0.6088634 0.0634544 0.0603594
1 0.4218296 0.6094223 0.0268461 0.0167665
13 0.5585007 0.6094223 0.0268461 0.0167665
25 0.4218296 0.6697817 0.0268461 0.0167665
17 0.2851586 0.7301411 0.0268461 0.0167665
