3 0.5338241 0.6437017 0.0261526 0.0162755
6 0.4006837 0.7022934 0.0261526 0.0162754
32 0.3358966 0.5314010 0.4814452 0.4166519
33 0.3347079 0.3512859 0.4362726 0.0151905
14 0.1344029 0.4093351 0.0261526 0.0162755
18 0.2009731 0.4093351 0.0261526 0.0162755
16 0.4006837 0.4093351 0.0261526 0.0162755
12 0.2009731 0.4679267 0.0261526 0.0162755
11 0.2675433 0.4679267 0.0261526 0.0162755
26 0.4672539 0.4679267 0.0261526 0.0162755
31 0.5338241 0.4679267 0.0261526 0.0162755
1 0.1344029 0.5265184 0.0261526 0.0162754
13 0.2675433 0.5265184 0.0261526 0.0162754
25 0.3329248 0.5265184 0.0261526 0.0162754
8 0.2009731 0.5851101 0.0261526 0.0162755
34 0.4000893 0.5845675 0.0630040 0.0585917
29 0.4006837 0.5851101 0.0261526 0.0162755
27 0.5338241 0.5851101 0.0261526 0.0162755
