30 0.5307489 0.6716877 0.0275972 0.0161896
22 0.5307489 0.7299702 0.0275972 0.0161896
32 0.5338850 0.5599794 0.5080392 0.4144538
33 0.5326305 0.3808145 0.4603714 0.0151103
14 0.3915086 0.4385574 0.0275972 0.0161896
16 0.4617560 0.4385574 0.0275972 0.0161896
7 0.6022507 0.4385574 0.0275972 0.0161896
8 0.6724982 0.4385574 0.0275972 0.0161896
25 0.7427456 0.4385574 0.0275972 0.0161896
4 0.3915086 0.4968399 0.0275972 0.0161896
31 0.6724982 0.4968399 0.0275972 0.0161896
2 0.7427456 0.4968399 0.0275972 0.0161896
18 0.3212611 0.5551225 0.0275972 0.0161896
29 0.3915086 0.5551225 0.0275972 0.0161896
24 0.6724982 0.5551225 0.0275972 0.0161896
34 0.6016236 0.6128654 0.0664841 0.0582825
16 0.6022507 0.6134051 0.0275972 0.0161896
6 0.7427456 0.6134051 0.0275972 0.0161896
