31 0.4007078 0.7766747 0.0269244 0.0163848
19 0.5377775 0.7766747 0.0269244 0.0163848
32 0.4710784 0.6046339 0.4956538 0.4194516
33 0.4698545 0.4233085 0.4491480 0.0152925
30 0.4007078 0.4817477 0.0269244 0.0163848
12 0.4680188 0.4817477 0.0269244 0.0163848
27 0.6748473 0.4817477 0.0269244 0.0163848
22 0.5377775 0.5407331 0.0269244 0.0163848
25 0.3321729 0.5997184 0.0269244 0.0163848
15 0.5377775 0.5997184 0.0269244 0.0163848
34 0.6057005 0.5991723 0.0624157 0.0589853
24 0.6063123 0.5997184 0.0269244 0.0163848
10 0.4007078 0.6587039 0.0269244 0.0163848
18 0.5377775 0.6587039 0.0269244 0.0163848
2 0.6748473 0.6587039 0.0269244 0.0163848
1 0.3321729 0.7176892 0.0269244 0.0163848
17 0.6748473 0.7176892 0.0269244 0.0163848
29 0.3321729 0.7766747 0.0269244 0.0163848
