8 0.4944118 0.7077410 0.0279996 0.0171240
4 0.4944118 0.7693874 0.0279996 0.0171240
32 0.6388641 0.5895852 0.5154466 0.4383748
33 0.6375914 0.4000795 0.4670837 0.0159824
16 0.4944118 0.4611552 0.0279996 0.0171240
21 0.7794983 0.4611552 0.0279996 0.0171240
34 0.8507699 0.4605843 0.0661809 0.0616465
4 0.8507699 0.4611552 0.0279996 0.0171240
25 0.4944118 0.5228016 0.0279996 0.0171240
7 0.5656834 0.5228016 0.0279996 0.0171240
19 0.7082266 0.5228016 0.0279996 0.0171240
10 0.4231401 0.5844480 0.0279996 0.0171240
6 0.4944118 0.5844480 0.0279996 0.0171240
1 0.7794983 0.5844480 0.0279996 0.0171240
24 0.8507699 0.5844480 0.0279996 0.0171240
14 0.4944118 0.6460945 0.0279996 0.0171240
3 0.5656834 0.6460945 0.0279996 0.0171240
30 0.8507699 0.6460945 0.0279996 0.0171240
