10 0.5311701 0.5851255 0.0269938 0.0164971
21 0.5998817 0.5851255 0.0269938 0.0164971
32 0.3955873 0.4119065 0.4969323 0.4223244
33 0.3943604 0.2293392 0.4503065 0.0153972
8 0.2563236 0.2881786 0.0269938 0.0164971
15 0.4624585 0.2881786 0.0269938 0.0164971
29 0.5311701 0.2881786 0.0269938 0.0164971
7 0.5998817 0.3475680 0.0269938 0.0164970
25 0.2563236 0.4069574 0.0269938 0.0164971
6 0.3250352 0.4069574 0.0269938 0.0164971
27 0.4624585 0.4069574 0.0269938 0.0164971
9 0.5998817 0.4069574 0.0269938 0.0164971
30 0.2563236 0.4663467 0.0269938 0.0164971
34 0.3250352 0.4657968 0.0638036 0.0593894
14 0.3250352 0.4663467 0.0269938 0.0164971
16 0.1876120 0.5257361 0.0269938 0.0164971
1 0.3925198 0.5257361 0.0269939 0.0164971
18 0.4624585 0.5257361 0.0269938 0.0164971
