23 0.5888223 0.5774358 0.0277416 0.0173195
11 0.5182074 0.6397861 0.0277416 0.0173195
32 0.4494840 0.4579311 0.5106969 0.4433798
33 0.4482230 0.2662617 0.4627797 0.0161649
24 0.2357479 0.3280347 0.0277415 0.0173195
25 0.4463316 0.3280347 0.0277415 0.0173195
9 0.6594372 0.3280347 0.0277415 0.0173195
2 0.2357479 0.3903850 0.0277415 0.0173195
10 0.3769777 0.3903850 0.0277415 0.0173195
3 0.4463316 0.3903850 0.0277415 0.0173195
20 0.5888223 0.3903850 0.0277416 0.0173195
19 0.3769777 0.4527353 0.0277415 0.0173195
7 0.4463316 0.4527353 0.0277415 0.0173195
26 0.2357479 0.5150856 0.0277415 0.0173195
16 0.3769777 0.5150856 0.0277415 0.0173195
34 0.6594372 0.5145082 0.0655710 0.0623503
4 0.6594372 0.5150856 0.0277415 0.0173195
1 0.4463316 0.5774358 0.0277415 0.0173195
