5 0.5355711 0.6137901 0.0281853 0.0163089
7 0.8225486 0.6137901 0.0281853 0.0163089
32 0.6092372 0.4425461 0.5188654 0.4175092
33 0.6079561 0.2620603 0.4701817 0.0152217
9 0.7508042 0.3202289 0.0281853 0.0163089
31 0.8225486 0.3202289 0.0281853 0.0163089
6 0.4638268 0.3789412 0.0281853 0.0163089
5 0.5355711 0.3789412 0.0281853 0.0163089
24 0.6790598 0.3789412 0.0281853 0.0163089
10 0.8225486 0.3789412 0.0281853 0.0163089
27 0.3920824 0.4963656 0.0281853 0.0163090
15 0.4638268 0.4963656 0.0281853 0.0163090
30 0.6790598 0.4963656 0.0281853 0.0163090
23 0.7508042 0.4963656 0.0281853 0.0163090
1 0.6060344 0.5550779 0.0281853 0.0163090
20 0.6790598 0.5550779 0.0281853 0.0163090
29 0.3920824 0.6137901 0.0281853 0.0163089
34 0.5355711 0.6132465 0.0666198 0.0587123
