10 0.4624524 0.7763947 0.0288549 0.0168422
7 0.5359013 0.7763947 0.0288549 0.0168422
32 0.3175221 0.5995522 0.5311927 0.4311589
33 0.3162105 0.4131658 0.4813523 0.0157193
17 0.0952081 0.4732362 0.0288549 0.0168421
6 0.2421058 0.4732362 0.0288549 0.0168421
21 0.5359013 0.4732362 0.0288549 0.0168421
14 0.2421058 0.5338679 0.0288549 0.0168422
8 0.3142431 0.5338679 0.0288549 0.0168422
34 0.1680012 0.5939381 0.0668909 0.0606317
2 0.1686570 0.5944996 0.0288549 0.0168422
31 0.3142431 0.5944996 0.0288549 0.0168422
9 0.3890035 0.5944996 0.0288549 0.0168422
4 0.2421058 0.6551313 0.0288549 0.0168422
1 0.3142431 0.7157630 0.0288549 0.0168422
25 0.3890035 0.7157630 0.0288549 0.0168422
16 0.5359013 0.7157630 0.0288549 0.0168422
22 0.3890035 0.7763947 0.0288549 0.0168422
