11 0.3662156 0.7855351 0.0269916 0.0158573
19 0.5024006 0.7855351 0.0269917 0.0158573
32 0.5054679 0.6190324 0.4968914 0.4059495
33 0.5042410 0.4435438 0.4502694 0.0148002
23 0.6410394 0.5001018 0.0269917 0.0158574
21 0.7097455 0.5001018 0.0269917 0.0158574
24 0.2975096 0.5571885 0.0269916 0.0158574
15 0.5723335 0.5571885 0.0269917 0.0158574
34 0.7097454 0.5566599 0.0637984 0.0570866
20 0.7097455 0.5571885 0.0269917 0.0158574
8 0.4349216 0.6142752 0.0269916 0.0158575
2 0.7097455 0.6142752 0.0269917 0.0158575
30 0.4349216 0.6713618 0.0269916 0.0158573
22 0.5024006 0.6713618 0.0269917 0.0158573
7 0.3662156 0.7284485 0.0269916 0.0158575
17 0.4349216 0.7284485 0.0269916 0.0158575
4 0.5024006 0.7284485 0.0269917 0.0158575
16 0.6410394 0.7284485 0.0269917 0.0158575
