3 0.4411246 0.7949985 0.0288190 0.0159085
18 0.6625072 0.7949985 0.0288190 0.0159085
32 0.4443995 0.6279601 0.5305322 0.4072556
33 0.4430895 0.4519068 0.4807539 0.0148479
31 0.2957195 0.5086469 0.0288190 0.0159084
2 0.4411246 0.5086469 0.0288190 0.0159084
6 0.5157921 0.5086469 0.0288190 0.0159084
4 0.5891496 0.5086469 0.0288190 0.0159084
19 0.2957195 0.5659172 0.0288190 0.0159084
24 0.5891496 0.5659172 0.0288190 0.0159084
34 0.2950645 0.6226573 0.0668077 0.0572704
21 0.2957195 0.6231875 0.0288190 0.0159085
25 0.4411246 0.6231875 0.0288190 0.0159085
30 0.4411246 0.6804579 0.0288190 0.0159085
10 0.5157921 0.6804579 0.0288190 0.0159085
12 0.5891496 0.6804579 0.0288190 0.0159085
13 0.4411246 0.7377282 0.0288190 0.0159083
11 0.3690770 0.7949985 0.0288190 0.0159085
