12 0.5635890 0.5582209 0.0268073 0.0164788
5 0.6330443 0.5582209 0.0268073 0.0164788
32 0.5666353 0.3851928 0.4934984 0.4218588
33 0.5654168 0.2028268 0.4471948 0.0153803
19 0.4965707 0.2616014 0.0268073 0.0164788
10 0.5635890 0.2616014 0.0268073 0.0164788
34 0.6324351 0.2610521 0.0645813 0.0593239
31 0.6330443 0.2616014 0.0268073 0.0164788
20 0.3600971 0.3209253 0.0268073 0.0164788
30 0.4965707 0.3802492 0.0268073 0.0164789
8 0.3600971 0.4395731 0.0268073 0.0164788
29 0.7695180 0.4395731 0.0268073 0.0164788
4 0.3600971 0.4988970 0.0268073 0.0164789
18 0.4965707 0.4988970 0.0268073 0.0164789
23 0.5635890 0.4988970 0.0268073 0.0164789
31 0.6330443 0.4988970 0.0268073 0.0164789
15 0.7012811 0.4988970 0.0268073 0.0164789
22 0.7695180 0.4988970 0.0268073 0.0164789
