34 0.4679787 0.7679944 0.0681202 0.0626253
11 0.4679787 0.7685742 0.0288201 0.0173959
32 0.5433040 0.5859174 0.5305515 0.4453350
33 0.5419939 0.3934027 0.4807713 0.0162362
4 0.3946185 0.4554481 0.0288201 0.0173959
22 0.3946185 0.5180734 0.0288201 0.0173959
15 0.6146991 0.5180734 0.0288201 0.0173959
21 0.6880593 0.5180734 0.0288200 0.0173959
5 0.3212583 0.5806985 0.0288201 0.0173959
17 0.4679787 0.5806985 0.0288201 0.0173959
8 0.5400289 0.5806985 0.0288201 0.0173959
13 0.6146991 0.5806985 0.0288201 0.0173959
18 0.3212583 0.6433238 0.0288201 0.0173959
11 0.3946185 0.6433238 0.0288201 0.0173959
29 0.4679787 0.6433238 0.0288201 0.0173959
9 0.3946185 0.7059490 0.0288201 0.0173959
25 0.6146991 0.7059490 0.0288201 0.0173959
24 0.3212583 0.7685742 0.0288201 0.0173959
