22 0.4437175 0.6017971 0.0269258 0.0169699
2 0.5110320 0.6017971 0.0269258 0.0169699
32 0.5140917 0.4236136 0.4956792 0.4344286
33 0.5128678 0.2358136 0.4491710 0.0158385
29 0.3066408 0.2963395 0.0269258 0.0169699
17 0.3751791 0.2963395 0.0269258 0.0169699
25 0.4437175 0.2963395 0.0269258 0.0169699
4 0.5110320 0.2963395 0.0269258 0.0169699
14 0.6493326 0.2963395 0.0269257 0.0169699
20 0.7178709 0.2963395 0.0269257 0.0169699
7 0.6493326 0.3574311 0.0269257 0.0169699
5 0.3066408 0.4185226 0.0269258 0.0169699
15 0.3066408 0.4796141 0.0269258 0.0169699
13 0.5807942 0.4796141 0.0269258 0.0169699
34 0.7178709 0.4790484 0.0636428 0.0610915
19 0.7178709 0.4796141 0.0269257 0.0169699
30 0.5110320 0.5407056 0.0269258 0.0169699
9 0.7178709 0.5407056 0.0269257 0.0169699
