31 0.3412928 0.7988701 0.0285371 0.0161560
13 0.4139327 0.7988701 0.0285371 0.0161560
32 0.2705987 0.6292327 0.5253419 0.4135921
33 0.2693015 0.4504404 0.4760506 0.0150789
1 0.4139327 0.5080632 0.0285371 0.0161559
5 0.2673558 0.5662246 0.0285371 0.0161559
8 0.4865726 0.5662246 0.0285371 0.0161559
27 0.1233732 0.6243860 0.0285371 0.0161559
23 0.4865726 0.6825473 0.0285371 0.0161559
12 0.1233732 0.7407088 0.0285371 0.0161560
26 0.3412928 0.7407088 0.0285371 0.0161560
6 0.4139327 0.7407088 0.0285371 0.0161560
30 0.4865726 0.7407088 0.0285371 0.0161560
11 0.0507333 0.7988701 0.0285371 0.0161560
29 0.1233732 0.7988701 0.0285371 0.0161560
34 0.1960131 0.7983316 0.0674513 0.0581613
11 0.1960131 0.7988701 0.0285371 0.0161560
9 0.2673558 0.7988701 0.0285371 0.0161560
