31 0.2781747 0.7406744 0.0278466 0.0164859
9 0.4908219 0.7406744 0.0278466 0.0164859
32 0.3509557 0.5675720 0.5126315 0.4220401
33 0.3496900 0.3851276 0.4645327 0.0153869
19 0.1364100 0.4439274 0.0278467 0.0164859
2 0.2072924 0.4439274 0.0278467 0.0164859
5 0.2781747 0.4439274 0.0278466 0.0164859
34 0.1364100 0.5027273 0.0658193 0.0593494
12 0.1364100 0.5032768 0.0278467 0.0164859
16 0.4199395 0.5032768 0.0278467 0.0164859
25 0.5617043 0.5032768 0.0278466 0.0164859
18 0.2781747 0.5626262 0.0278466 0.0164859
6 0.2781747 0.6219756 0.0278466 0.0164859
10 0.3477914 0.6219756 0.0278467 0.0164859
30 0.4199395 0.6219756 0.0278467 0.0164859
12 0.5617043 0.6219756 0.0278466 0.0164859
29 0.4199395 0.6813250 0.0278467 0.0164859
7 0.2072924 0.7406744 0.0278467 0.0164859
