31 0.4052216 0.6063113 0.0275259 0.0165302
8 0.4765388 0.6063113 0.0275259 0.0165302
32 0.4083496 0.4327444 0.5067273 0.4231728
33 0.4070984 0.2498103 0.4591826 0.0154282
26 0.1962748 0.3087680 0.0275259 0.0165302
17 0.4052216 0.3087680 0.0275259 0.0165302
11 0.5466048 0.3087680 0.0275259 0.0165302
9 0.1962748 0.3682766 0.0275259 0.0165302
3 0.2663408 0.3682766 0.0275259 0.0165302
4 0.4052216 0.3682766 0.0275259 0.0165302
24 0.4052216 0.4277853 0.0275259 0.0165302
34 0.4759132 0.4272343 0.0663124 0.0595087
15 0.4765388 0.4277853 0.0275259 0.0165302
14 0.5466048 0.4277853 0.0275259 0.0165302
21 0.2663408 0.4872940 0.0275259 0.0165302
23 0.4765388 0.5468027 0.0275259 0.0165302
12 0.5466048 0.5468027 0.0275259 0.0165302
16 0.1962748 0.6063113 0.0275259 0.0165302
