17 0.5229223 0.6426669 0.0267191 0.0170406
25 0.6589466 0.6426669 0.0267191 0.0170406
32 0.4567319 0.4637404 0.4918737 0.4362399
33 0.4555174 0.2751576 0.4457224 0.0159046
6 0.3868980 0.3359358 0.0267191 0.0170406
7 0.5229223 0.3359358 0.0267191 0.0170406
11 0.5229223 0.3972820 0.0267191 0.0170406
2 0.5909344 0.3972820 0.0267191 0.0170406
3 0.3188858 0.4586282 0.0267191 0.0170406
8 0.3868980 0.4586282 0.0267191 0.0170406
31 0.6589466 0.4586282 0.0267191 0.0170406
4 0.3188858 0.5199744 0.0267191 0.0170406
30 0.5229223 0.5199744 0.0267191 0.0170406
16 0.3188858 0.5813207 0.0267191 0.0170406
23 0.3868980 0.5813207 0.0267191 0.0170406
24 0.5229223 0.5813207 0.0267191 0.0170406
34 0.2508737 0.6420989 0.0631541 0.0613462
30 0.2508737 0.6426669 0.0267191 0.0170406
