3 0.4107085 0.5365988 0.0262439 0.0158521
24 0.4787041 0.5365988 0.0262439 0.0158521
32 0.4136908 0.3701517 0.4831264 0.4058139
33 0.4124979 0.1947218 0.4377961 0.0147953
14 0.2782961 0.2512609 0.0262439 0.0158521
11 0.4787041 0.2512609 0.0262439 0.0158521
13 0.5455068 0.2512609 0.0262439 0.0158521
20 0.4107085 0.3083285 0.0262439 0.0158521
4 0.5455068 0.3083285 0.0262439 0.0158521
16 0.2114935 0.3653961 0.0262439 0.0158521
22 0.3450988 0.3653961 0.0262439 0.0158521
5 0.3450988 0.4224637 0.0262439 0.0158521
26 0.6123095 0.4224637 0.0262439 0.0158521
34 0.2114935 0.4790029 0.0620311 0.0570675
26 0.2114935 0.4795313 0.0262439 0.0158521
8 0.2782961 0.4795313 0.0262439 0.0158521
17 0.4787041 0.4795313 0.0262439 0.0158521
1 0.3450988 0.5365988 0.0262439 0.0158521
