34 0.6221638 0.7390038 0.0640349 0.0623822
23 0.6227679 0.7395814 0.0265805 0.0173284
32 0.5569206 0.5576333 0.4893234 0.4436067
33 0.5557124 0.3658658 0.4434116 0.0161732
8 0.4874488 0.4276704 0.0265805 0.0173284
31 0.7580870 0.4276704 0.0265805 0.0173284
9 0.4197893 0.4900526 0.0265805 0.0173284
17 0.4874488 0.4900526 0.0265805 0.0173284
30 0.5539001 0.4900526 0.0265805 0.0173284
2 0.6227679 0.4900526 0.0265805 0.0173284
29 0.7580870 0.4900526 0.0265805 0.0173284
10 0.4874488 0.6148170 0.0265805 0.0173284
19 0.5539001 0.6148170 0.0265805 0.0173284
4 0.6227679 0.6148170 0.0265805 0.0173284
7 0.7580870 0.6148170 0.0265805 0.0173284
26 0.4874488 0.6771992 0.0265805 0.0173284
13 0.6904274 0.6771992 0.0265805 0.0173284
3 0.7580870 0.6771992 0.0265805 0.0173284
