34 0.4153912 0.6975880 0.0685332 0.0577235
6 0.4160377 0.6981226 0.0284478 0.0160343
32 0.3455648 0.5297622 0.5236977 0.4104783
33 0.3442717 0.3523159 0.4745606 0.0149653
3 0.2712127 0.4095049 0.0284478 0.0160343
7 0.4884502 0.4095049 0.0284478 0.0160343
13 0.1263876 0.4672285 0.0284478 0.0160343
4 0.3423321 0.4672285 0.0284478 0.0160343
2 0.1263876 0.5249520 0.0284478 0.0160343
26 0.1988002 0.5249520 0.0284478 0.0160343
20 0.4160377 0.5249520 0.0284478 0.0160343
14 0.4884502 0.5249520 0.0284478 0.0160343
11 0.1988002 0.5826755 0.0284478 0.0160343
10 0.2712127 0.5826755 0.0284478 0.0160343
31 0.3423321 0.5826755 0.0284478 0.0160343
8 0.4160377 0.5826755 0.0284478 0.0160343
25 0.1988002 0.6403990 0.0284478 0.0160343
24 0.4884502 0.6403990 0.0284478 0.0160343
