27 0.2337355 0.7125695 0.0283981 0.0165232
16 0.4505938 0.7720530 0.0283981 0.0165232
32 0.3802439 0.5985596 0.5227833 0.4229933
33 0.3789531 0.4157031 0.4737320 0.0154217
12 0.1614495 0.4746358 0.0283981 0.0165232
31 0.3060216 0.4746358 0.0283981 0.0165232
10 0.3770169 0.4746358 0.0283981 0.0165232
34 0.4499484 0.4740850 0.0684136 0.0594834
18 0.4505938 0.4746358 0.0283981 0.0165232
17 0.5228799 0.4746358 0.0283981 0.0165232
13 0.5951659 0.4746358 0.0283981 0.0165232
6 0.4505938 0.5341192 0.0283981 0.0165231
15 0.5228799 0.5341192 0.0283981 0.0165231
22 0.2337355 0.5936026 0.0283981 0.0165232
19 0.3060216 0.5936026 0.0283981 0.0165232
11 0.1614495 0.6530861 0.0283981 0.0165232
1 0.3060216 0.6530861 0.0283981 0.0165232
29 0.5228799 0.6530861 0.0283981 0.0165232
