24 0.4075518 0.7222685 0.0281503 0.0161415
7 0.6237969 0.7222685 0.0281503 0.0161415
32 0.4107507 0.5527829 0.5182206 0.4132223
33 0.4094711 0.3741503 0.4695975 0.0150654
3 0.1938657 0.4317216 0.0281503 0.0161415
34 0.1938657 0.5474023 0.0665370 0.0581094
23 0.1938657 0.5479404 0.0281503 0.0161415
12 0.3371761 0.5479404 0.0281503 0.0161415
26 0.5521417 0.5479404 0.0281503 0.0161415
22 0.1938657 0.6060498 0.0281503 0.0161415
10 0.2655209 0.6060498 0.0281503 0.0161415
13 0.4804865 0.6060498 0.0281503 0.0161415
21 0.6237969 0.6060498 0.0281503 0.0161415
20 0.3371761 0.6641591 0.0281503 0.0161415
5 0.4075518 0.6641591 0.0281503 0.0161415
31 0.1938657 0.7222685 0.0281503 0.0161415
9 0.2655209 0.7222685 0.0281503 0.0161415
11 0.3371761 0.7222685 0.0281503 0.0161415
