3 0.4146145 0.6229153 0.0279552 0.0162192
15 0.5569318 0.6229153 0.0279551 0.0162192
32 0.4876791 0.4526137 0.5146292 0.4152116
33 0.4864085 0.2731212 0.4663431 0.0151379
4 0.6992490 0.3309697 0.0279552 0.0162192
19 0.3434559 0.3893588 0.0279552 0.0162192
8 0.4845024 0.3893588 0.0279552 0.0162192
24 0.6280904 0.3893588 0.0279552 0.0162192
26 0.6992490 0.3893588 0.0279552 0.0162192
18 0.3434559 0.4477479 0.0279552 0.0162192
34 0.4146145 0.4472073 0.0660759 0.0583891
31 0.4146145 0.4477479 0.0279552 0.0162192
20 0.6280904 0.4477479 0.0279552 0.0162192
10 0.2722973 0.5061371 0.0279552 0.0162192
21 0.6992490 0.5061371 0.0279552 0.0162192
12 0.6992490 0.5645262 0.0279552 0.0162191
5 0.2722973 0.6229153 0.0279552 0.0162192
27 0.3434559 0.6229153 0.0279552 0.0162192
