16 0.6762769 0.6411552 0.0268172 0.0159740
23 0.4032295 0.6986617 0.0268172 0.0159741
32 0.5415816 0.5309344 0.4936795 0.4089350
33 0.5403627 0.3541552 0.4473590 0.0149091
34 0.4714914 0.4105968 0.0633860 0.0575065
27 0.4714914 0.4111293 0.0268171 0.0159741
6 0.6080151 0.4111293 0.0268172 0.0159741
10 0.4714914 0.4686357 0.0268171 0.0159740
20 0.6080151 0.4686357 0.0268172 0.0159740
4 0.5385342 0.5261422 0.0268172 0.0159740
12 0.6080151 0.5261422 0.0268172 0.0159740
3 0.6762769 0.5261422 0.0268172 0.0159740
15 0.7445388 0.5261422 0.0268172 0.0159740
5 0.3349677 0.5836487 0.0268172 0.0159741
9 0.5385342 0.5836487 0.0268172 0.0159741
11 0.4714914 0.6411552 0.0268171 0.0159740
13 0.5385342 0.6411552 0.0268172 0.0159740
18 0.6080151 0.6411552 0.0268172 0.0159740
