8 0.4747552 0.7110065 0.0265873 0.0172032
26 0.6101089 0.7110065 0.0265874 0.0172032
32 0.5442448 0.5303736 0.4894490 0.4404005
33 0.5430363 0.3399921 0.4435254 0.0160562
20 0.4747552 0.4013500 0.0265873 0.0172031
34 0.7454628 0.4007766 0.0628428 0.0619313
6 0.7454627 0.4013500 0.0265874 0.0172031
22 0.4747552 0.4632813 0.0265873 0.0172031
15 0.7454627 0.4632813 0.0265874 0.0172031
7 0.6101089 0.5252126 0.0265874 0.0172032
25 0.3394013 0.5871440 0.0265873 0.0172032
1 0.6101089 0.5871440 0.0265874 0.0172032
6 0.7454627 0.5871440 0.0265874 0.0172032
23 0.3394013 0.6490752 0.0265873 0.0172031
12 0.4070782 0.6490752 0.0265874 0.0172031
19 0.4747552 0.6490752 0.0265873 0.0172031
3 0.5412235 0.6490752 0.0265874 0.0172031
13 0.6777859 0.6490752 0.0265874 0.0172031
