22 0.3556719 0.6796764 0.0281024 0.0170840
13 0.5702722 0.6796764 0.0281024 0.0170840
32 0.4291214 0.5002942 0.5173399 0.4373511
33 0.4278440 0.3112309 0.4687994 0.0159451
21 0.5702722 0.3721640 0.0281024 0.0170840
31 0.2126051 0.4336665 0.0281024 0.0170841
23 0.5702722 0.4336665 0.0281024 0.0170841
30 0.2126051 0.4951690 0.0281024 0.0170840
34 0.3556719 0.4945995 0.0664239 0.0615025
9 0.3556719 0.4951690 0.0281024 0.0170840
8 0.4987387 0.4951690 0.0281024 0.0170840
27 0.2126051 0.5566715 0.0281024 0.0170840
10 0.3556719 0.5566715 0.0281024 0.0170840
24 0.4259280 0.5566715 0.0281024 0.0170840
20 0.5702722 0.5566715 0.0281024 0.0170840
1 0.4987387 0.6181740 0.0281024 0.0170840
12 0.2126051 0.6796764 0.0281024 0.0170840
15 0.2841385 0.6796764 0.0281024 0.0170840
