11 0.4581406 0.7418858 0.0263516 0.0163435
10 0.6605688 0.7418858 0.0263516 0.0163435
32 0.4611351 0.5702791 0.4851091 0.4183937
33 0.4599373 0.3894109 0.4395927 0.0152539
19 0.3922616 0.4477028 0.0263516 0.0163435
3 0.4581406 0.4477028 0.0263516 0.0163435
1 0.4581406 0.5065394 0.0263516 0.0163435
18 0.5264152 0.5065394 0.0263515 0.0163435
22 0.6605688 0.5065394 0.0263516 0.0163435
31 0.2581079 0.5653760 0.0263516 0.0163436
34 0.5928931 0.5648312 0.0610878 0.0588366
20 0.5934921 0.5653760 0.0263516 0.0163436
26 0.6605688 0.5653760 0.0263516 0.0163436
24 0.3922616 0.6242126 0.0263516 0.0163435
30 0.4581406 0.6242126 0.0263516 0.0163435
6 0.3922616 0.6830492 0.0263516 0.0163436
15 0.4581406 0.6830492 0.0263516 0.0163436
4 0.3922616 0.7418858 0.0263516 0.0163435
