24 0.3464677 0.6633747 0.0273778 0.0170410
10 0.5555344 0.6633747 0.0273778 0.0170410
32 0.4180233 0.4844438 0.5040001 0.4362504
33 0.4167788 0.2958564 0.4567112 0.0159050
26 0.3464677 0.3566361 0.0273778 0.0170410
12 0.4149122 0.3566361 0.0273778 0.0170410
2 0.2767788 0.4179838 0.0273778 0.0170410
34 0.3464677 0.4174158 0.0647111 0.0613477
18 0.3464677 0.4179838 0.0273778 0.0170410
9 0.5555344 0.4179838 0.0273778 0.0170410
14 0.2070899 0.4793315 0.0273778 0.0170410
18 0.2767788 0.4793315 0.0273778 0.0170410
8 0.6252234 0.4793315 0.0273778 0.0170410
15 0.2767788 0.5406793 0.0273778 0.0170410
3 0.4858455 0.5406793 0.0273778 0.0170410
17 0.3464677 0.6020270 0.0273778 0.0170410
23 0.4149122 0.6020270 0.0273778 0.0170410
4 0.2767788 0.6633747 0.0273778 0.0170410
