4 0.1863691 0.5477962 0.0273350 0.0160963
30 0.3951093 0.5477962 0.0273350 0.0160963
32 0.3273930 0.3787857 0.5032129 0.4120635
33 0.3261504 0.2006541 0.4559978 0.0150232
25 0.1167890 0.2580640 0.0273350 0.0160963
11 0.2559491 0.2580640 0.0273350 0.0160963
7 0.3951093 0.2580640 0.0273350 0.0160963
5 0.4646893 0.2580640 0.0273350 0.0160963
31 0.1167890 0.3160105 0.0273350 0.0160962
15 0.2559491 0.3160105 0.0273350 0.0160962
27 0.3242867 0.3160105 0.0273350 0.0160962
34 0.4640680 0.3154739 0.0633675 0.0579464
29 0.4646893 0.3160105 0.0273350 0.0160962
8 0.1167890 0.3739569 0.0273350 0.0160963
21 0.1863691 0.3739569 0.0273350 0.0160963
22 0.2559491 0.3739569 0.0273350 0.0160963
19 0.1863691 0.4319033 0.0273350 0.0160963
18 0.1167890 0.5477962 0.0273350 0.0160963
