22 0.3005626 0.5367407 0.0280500 0.0163283
12 0.5861626 0.5367407 0.0280500 0.0163283
32 0.5166751 0.3652937 0.5163749 0.4180040
33 0.5154001 0.1845941 0.4679250 0.0152397
14 0.3719626 0.2428316 0.0280500 0.0163283
9 0.4433626 0.2428316 0.0280500 0.0163283
10 0.5134876 0.2428316 0.0280500 0.0163283
25 0.5861626 0.2428316 0.0280500 0.0163283
4 0.6575626 0.2428316 0.0280499 0.0163283
5 0.3719626 0.3016134 0.0280500 0.0163283
7 0.6575626 0.3016134 0.0280499 0.0163283
31 0.4433626 0.3603952 0.0280500 0.0163283
16 0.5861626 0.3603952 0.0280500 0.0163283
29 0.7289626 0.3603952 0.0280499 0.0163283
3 0.5134876 0.4191770 0.0280500 0.0163283
13 0.5861626 0.4191770 0.0280500 0.0163283
34 0.3005626 0.4774146 0.0663000 0.0587818
31 0.3005626 0.4779588 0.0280500 0.0163283
