20 0.6448227 0.7734433 0.0263987 0.0159682
15 0.7120193 0.7734433 0.0263986 0.0159682
32 0.5122292 0.6057776 0.4859761 0.4087849
33 0.5110292 0.4290633 0.4403784 0.0149036
7 0.3088391 0.4860164 0.0263987 0.0159682
13 0.3760358 0.5435018 0.0263987 0.0159682
31 0.4432325 0.5435018 0.0263987 0.0159682
34 0.5770260 0.5429695 0.0635969 0.0574854
11 0.5776260 0.5435018 0.0263987 0.0159682
2 0.3088391 0.6009871 0.0263987 0.0159682
21 0.5092293 0.6009871 0.0263987 0.0159682
30 0.5776260 0.6009871 0.0263987 0.0159682
23 0.6448227 0.6009871 0.0263987 0.0159682
12 0.3760358 0.6584726 0.0263987 0.0159682
6 0.6448227 0.6584726 0.0263987 0.0159682
10 0.4432325 0.7159579 0.0263987 0.0159682
25 0.5092293 0.7159579 0.0263987 0.0159682
24 0.3760358 0.7734433 0.0263987 0.0159682
