30 0.5718905 0.6614427 0.0277229 0.0158344
11 0.7835928 0.6614427 0.0277229 0.0158344
32 0.6443481 0.4951818 0.5103539 0.4053600
33 0.6430880 0.3199481 0.4624689 0.0147787
2 0.5718905 0.3764240 0.0277229 0.0158344
21 0.6411978 0.3764240 0.0277229 0.0158344
18 0.7130254 0.4334277 0.0277230 0.0158344
31 0.5013230 0.4904315 0.0277229 0.0158344
10 0.7835928 0.4904315 0.0277229 0.0158344
4 0.5013230 0.5474352 0.0277229 0.0158344
13 0.6411978 0.5474352 0.0277229 0.0158344
3 0.7835928 0.5474352 0.0277229 0.0158344
17 0.8541603 0.5474352 0.0277229 0.0158344
34 0.6411978 0.6039111 0.0655269 0.0570038
1 0.6411978 0.6044390 0.0277229 0.0158344
8 0.7130254 0.6044390 0.0277230 0.0158344
7 0.7835928 0.6044390 0.0277229 0.0158344
16 0.8541603 0.6044390 0.0277229 0.0158344
