7 0.3106342 0.6549604 0.0273806 0.0160181
3 0.5894188 0.6549604 0.0273806 0.0160181
32 0.5215895 0.4867708 0.5040524 0.4100622
33 0.5203449 0.3095043 0.4567586 0.0149502
14 0.3803304 0.3666354 0.0273806 0.0160181
34 0.5184781 0.3661015 0.0647179 0.0576650
15 0.5184781 0.3666354 0.0273806 0.0160181
17 0.7288110 0.3666354 0.0273807 0.0160181
4 0.3106342 0.4243004 0.0273806 0.0160181
12 0.3803304 0.4243004 0.0273806 0.0160181
25 0.4500265 0.4243004 0.0273806 0.0160181
11 0.7288110 0.4243004 0.0273807 0.0160181
26 0.3106342 0.4819654 0.0273806 0.0160181
30 0.4500265 0.4819654 0.0273806 0.0160181
16 0.3803304 0.5396304 0.0273806 0.0160181
2 0.5184781 0.5396304 0.0273806 0.0160181
31 0.7288110 0.5396304 0.0273807 0.0160181
18 0.3803304 0.5972954 0.0273806 0.0160181
