22 0.5585492 0.5419673 0.0266259 0.0166541
8 0.8296497 0.5419673 0.0266259 0.0166541
32 0.6281397 0.3670989 0.4901595 0.4263457
33 0.6269295 0.1827932 0.4441692 0.0155439
21 0.7618745 0.2421929 0.0266260 0.0166541
6 0.4229989 0.3021478 0.0266259 0.0166541
4 0.4907741 0.3021478 0.0266259 0.0166541
12 0.6940994 0.3021478 0.0266260 0.0166541
26 0.7618745 0.3021478 0.0266260 0.0166541
27 0.8296497 0.3621027 0.0266259 0.0166542
3 0.7618745 0.4220575 0.0266260 0.0166541
13 0.4229989 0.4820124 0.0266259 0.0166542
34 0.4901689 0.4814572 0.0617238 0.0599548
8 0.4907741 0.4820124 0.0266259 0.0166542
9 0.5585492 0.4820124 0.0266259 0.0166542
29 0.6251141 0.4820124 0.0266259 0.0166542
14 0.7618745 0.4820124 0.0266260 0.0166542
25 0.4907741 0.5419673 0.0266259 0.0166541
