24 0.2196377 0.7411825 0.0274623 0.0167329
1 0.3594457 0.7411825 0.0274623 0.0167329
32 0.4312222 0.5654877 0.5055558 0.4283608
33 0.4299739 0.3803109 0.4581209 0.0156173
27 0.3594457 0.4399914 0.0274623 0.0167329
11 0.4281014 0.4399914 0.0274623 0.0167329
31 0.6390617 0.4399914 0.0274623 0.0167329
22 0.2895417 0.5002296 0.0274623 0.0167328
15 0.6390617 0.5002296 0.0274623 0.0167328
21 0.3594457 0.5604678 0.0274623 0.0167328
3 0.6390617 0.5604678 0.0274623 0.0167328
34 0.5685336 0.6201482 0.0636626 0.0602382
25 0.5691578 0.6207061 0.0274623 0.0167328
12 0.6390617 0.6207061 0.0274623 0.0167328
17 0.2895417 0.6809443 0.0274623 0.0167328
7 0.3594457 0.6809443 0.0274623 0.0167328
19 0.5691578 0.6809443 0.0274623 0.0167328
26 0.6390617 0.6809443 0.0274623 0.0167328
