2 0.4539754 0.7185467 0.0277471 0.0173094
26 0.6658624 0.7185467 0.0277471 0.0173094
32 0.5971253 0.5367978 0.5107992 0.4431212
33 0.5958640 0.3452402 0.4628723 0.0161554
13 0.4539754 0.4692910 0.0277471 0.0173094
17 0.5939722 0.4692910 0.0277471 0.0173094
31 0.6658624 0.4692910 0.0277471 0.0173094
5 0.7364915 0.4692910 0.0277470 0.0173094
1 0.7364915 0.5316050 0.0277470 0.0173094
30 0.8071205 0.5316050 0.0277471 0.0173094
21 0.4539754 0.5939189 0.0277471 0.0173094
34 0.5939722 0.5933419 0.0655841 0.0623139
11 0.5939722 0.5939189 0.0277471 0.0173094
9 0.6658624 0.5939189 0.0277471 0.0173094
16 0.5246044 0.6562328 0.0277471 0.0173094
3 0.5939722 0.6562328 0.0277471 0.0173094
29 0.7364915 0.6562328 0.0277470 0.0173094
22 0.8071205 0.6562328 0.0277471 0.0173094
