21 0.4099161 0.7118810 0.0274808 0.0161065
6 0.6897203 0.7118810 0.0274808 0.0161065
32 0.4817409 0.5427633 0.5058960 0.4123253
33 0.4804917 0.3645185 0.4584292 0.0150327
11 0.2700140 0.4219649 0.0274808 0.0161065
24 0.5498182 0.4219649 0.0274808 0.0161065
16 0.6197692 0.4219649 0.0274808 0.0161065
17 0.6897203 0.4219649 0.0274808 0.0161065
25 0.2700140 0.4799481 0.0274808 0.0161064
1 0.3399651 0.4799481 0.0274808 0.0161064
30 0.5498182 0.4799481 0.0274808 0.0161064
13 0.5498182 0.5379313 0.0274808 0.0161065
27 0.6197692 0.5379313 0.0274808 0.0161065
4 0.2700140 0.5959146 0.0274808 0.0161064
34 0.6191447 0.5953777 0.0637054 0.0579833
2 0.6197692 0.5959146 0.0274808 0.0161064
12 0.4786180 0.6538978 0.0274808 0.0161064
26 0.6197692 0.6538978 0.0274808 0.0161064
