16 0.7006741 0.7079241 0.0284777 0.0160259
20 0.8456516 0.7079241 0.0284778 0.0160259
32 0.6301272 0.5396520 0.5242485 0.4102635
33 0.6288327 0.3622985 0.4750598 0.0149575
23 0.4107195 0.4194576 0.0284777 0.0160259
7 0.5556968 0.4194576 0.0284777 0.0160259
13 0.6268911 0.4194576 0.0284777 0.0160259
11 0.7731628 0.4194576 0.0284778 0.0160259
17 0.8456516 0.4194576 0.0284778 0.0160259
3 0.4107195 0.4771509 0.0284777 0.0160259
34 0.5556968 0.4766168 0.0673109 0.0576933
2 0.5556968 0.4771509 0.0284777 0.0160259
21 0.7731628 0.4771509 0.0284778 0.0160259
25 0.6268911 0.5348442 0.0284777 0.0160259
8 0.8456516 0.5348442 0.0284778 0.0160259
2 0.6268911 0.5925376 0.0284777 0.0160259
24 0.7731628 0.5925376 0.0284778 0.0160259
1 0.8456516 0.5925376 0.0284778 0.0160259
