5 0.2776609 0.5667228 0.0281843 0.0174197
2 0.3494028 0.5667228 0.0281843 0.0174197
32 0.4948082 0.3838164 0.5188476 0.4459433
33 0.4935271 0.1910388 0.4701656 0.0162583
1 0.3494028 0.3158797 0.0281843 0.0174196
4 0.6363704 0.3158797 0.0281843 0.0174196
6 0.2776609 0.3785905 0.0281843 0.0174196
15 0.5646284 0.3785905 0.0281844 0.0174196
17 0.6363704 0.3785905 0.0281843 0.0174196
7 0.4211447 0.4413012 0.0281843 0.0174196
29 0.5646284 0.4413012 0.0281844 0.0174196
34 0.6357298 0.4407206 0.0653364 0.0627108
30 0.6363704 0.4413012 0.0281843 0.0174196
22 0.7081122 0.4413012 0.0281843 0.0174196
25 0.2776609 0.5040120 0.0281843 0.0174197
13 0.4211447 0.5040120 0.0281843 0.0174197
21 0.6363704 0.5040120 0.0281843 0.0174197
10 0.7081122 0.5040120 0.0281843 0.0174197
