6 0.5660666 0.7676061 0.0286618 0.0165534
1 0.6377211 0.7676061 0.0286618 0.0165534
32 0.6409781 0.5937949 0.5276379 0.4237683
33 0.6396753 0.4106033 0.4781311 0.0154499
13 0.8578960 0.4696440 0.0286618 0.0165534
7 0.5660666 0.5292365 0.0286618 0.0165534
21 0.7849387 0.5292365 0.0286619 0.0165534
16 0.8578960 0.5292365 0.0286618 0.0165534
29 0.4931092 0.5888288 0.0286618 0.0165535
31 0.8578960 0.5888288 0.0286618 0.0165535
25 0.5660666 0.6484213 0.0286618 0.0165534
3 0.7849387 0.6484213 0.0286619 0.0165534
9 0.8578960 0.6484213 0.0286618 0.0165534
22 0.4201519 0.7080137 0.0286618 0.0165534
30 0.6377211 0.7080137 0.0286618 0.0165534
34 0.4201519 0.7670544 0.0677461 0.0595924
3 0.4201519 0.7676061 0.0286618 0.0165534
10 0.4931092 0.7676061 0.0286618 0.0165534
