1 0.2677026 0.7551408 0.0267450 0.0165275
19 0.4050743 0.7551408 0.0267450 0.0165275
32 0.2707418 0.5816024 0.4923501 0.4231031
33 0.2695261 0.3986984 0.4461543 0.0154256
13 0.0646841 0.4576464 0.0267449 0.0165275
4 0.2677026 0.4576464 0.0267450 0.0165275
10 0.0646841 0.5171453 0.0267449 0.0165274
26 0.0646841 0.5766442 0.0267449 0.0165275
7 0.1327622 0.5766442 0.0267449 0.0165275
17 0.2677026 0.6361430 0.0267450 0.0165275
22 0.4731524 0.6361430 0.0267450 0.0165275
21 0.1327622 0.6956419 0.0267449 0.0165274
2 0.2008402 0.6956419 0.0267449 0.0165274
34 0.3363885 0.6950909 0.0644310 0.0594988
22 0.3369963 0.6956419 0.0267450 0.0165274
5 0.4731524 0.6956419 0.0267450 0.0165274
30 0.0646841 0.7551408 0.0267449 0.0165275
31 0.2008402 0.7551408 0.0267449 0.0165275
