16 0.2385387 0.5280221 0.0270493 0.0164090
19 0.5139499 0.5280221 0.0270493 0.0164090
32 0.3780885 0.3557274 0.4979532 0.4200708
33 0.3768590 0.1741343 0.4512317 0.0153151
22 0.1696859 0.2326598 0.0270493 0.0164090
17 0.3750148 0.2326598 0.0270493 0.0164090
1 0.4450970 0.2326598 0.0270493 0.0164090
4 0.3073915 0.3508047 0.0270493 0.0164090
30 0.4450970 0.3508047 0.0270493 0.0164090
26 0.5828027 0.4098771 0.0270493 0.0164090
13 0.2385387 0.4689496 0.0270493 0.0164090
34 0.3073915 0.4684026 0.0639347 0.0590725
20 0.3073915 0.4689496 0.0270493 0.0164090
3 0.3750148 0.4689496 0.0270493 0.0164090
25 0.4450970 0.4689496 0.0270493 0.0164090
29 0.5139499 0.4689496 0.0270493 0.0164090
24 0.5828027 0.4689496 0.0270493 0.0164090
23 0.1696859 0.5280221 0.0270493 0.0164090
