23 0.4356294 0.5367615 0.0264204 0.0172726
1 0.7046371 0.5367615 0.0264204 0.0172726
32 0.5719346 0.3553986 0.4863755 0.4421800
33 0.5707337 0.1642479 0.4407403 0.0161211
34 0.3683775 0.2252779 0.0624482 0.0621816
2 0.3683775 0.2258537 0.0264204 0.0172727
21 0.4356294 0.2258537 0.0264204 0.0172727
11 0.6373851 0.2258537 0.0264204 0.0172727
14 0.4356294 0.2880352 0.0264204 0.0172726
25 0.5689323 0.2880352 0.0264204 0.0172726
22 0.6373851 0.2880352 0.0264204 0.0172726
16 0.3683775 0.3502168 0.0264204 0.0172727
15 0.4356294 0.3502168 0.0264204 0.0172727
3 0.3683775 0.4123984 0.0264204 0.0172726
5 0.5028813 0.4123984 0.0264204 0.0172726
26 0.5689323 0.4745799 0.0264204 0.0172727
9 0.6373851 0.4745799 0.0264204 0.0172727
10 0.7046371 0.4745799 0.0264204 0.0172727
