21 0.3020205 0.5273594 0.0284807 0.0161099
17 0.5920055 0.5273594 0.0284806 0.0161099
32 0.5214512 0.3582057 0.5243033 0.4124127
33 0.5201566 0.1799231 0.4751094 0.0150359
13 0.3020205 0.2373817 0.0284807 0.0161099
8 0.3745168 0.2373817 0.0284807 0.0161099
30 0.5182147 0.2373817 0.0284807 0.0161099
26 0.6645018 0.2373817 0.0284806 0.0161099
14 0.3745168 0.2953772 0.0284807 0.0161099
20 0.4470131 0.2953772 0.0284807 0.0161099
25 0.6645018 0.2953772 0.0284806 0.0161099
6 0.7369981 0.2953772 0.0284806 0.0161099
15 0.4470131 0.3533728 0.0284807 0.0161098
22 0.5920055 0.3533728 0.0284806 0.0161098
34 0.4470131 0.4108313 0.0673180 0.0579955
8 0.4470131 0.4113683 0.0284807 0.0161098
19 0.7369981 0.4693639 0.0284806 0.0161099
