7 0.4680902 0.5139648 0.0275431 0.0171273
11 0.6083094 0.5756234 0.0275431 0.0171273
32 0.3998585 0.3957858 0.5070428 0.4384612
33 0.3986065 0.2062427 0.4594685 0.0159855
4 0.6083094 0.2673304 0.0275431 0.0171274
13 0.3967286 0.3289890 0.0275431 0.0171273
30 0.3967286 0.3906476 0.0275431 0.0171273
20 0.5381998 0.3906476 0.0275431 0.0171273
3 0.2577613 0.4523062 0.0275431 0.0171273
2 0.3278709 0.4523062 0.0275430 0.0171273
34 0.3967286 0.4517353 0.0651018 0.0616587
4 0.3967286 0.4523062 0.0275431 0.0171273
8 0.5381998 0.4523062 0.0275431 0.0171273
17 0.6083094 0.4523062 0.0275431 0.0171273
10 0.1876517 0.5139648 0.0275431 0.0171273
23 0.2577613 0.5139648 0.0275431 0.0171273
9 0.3278709 0.5139648 0.0275430 0.0171273
