19 0.0737965 0.5249557 0.0269779 0.0161699
1 0.1424675 0.5249557 0.0269779 0.0161699
32 0.2816490 0.3551722 0.4966387 0.4139484
33 0.2804227 0.1762257 0.4500405 0.0150919
9 0.1424675 0.2921097 0.0269779 0.0161698
2 0.2111386 0.2921097 0.0269779 0.0161698
3 0.2785833 0.2921097 0.0269779 0.0161698
5 0.4171517 0.2921097 0.0269779 0.0161698
4 0.0737965 0.3503212 0.0269779 0.0161698
13 0.1424675 0.3503212 0.0269779 0.0161698
17 0.2111386 0.3503212 0.0269779 0.0161698
11 0.4171517 0.3503212 0.0269779 0.0161698
21 0.4171517 0.4085327 0.0269779 0.0161698
34 0.2111386 0.4662052 0.0637660 0.0582115
9 0.2111386 0.4667442 0.0269779 0.0161698
27 0.4171517 0.4667442 0.0269779 0.0161698
30 0.4858227 0.4667442 0.0269779 0.0161698
