29 0.4596724 0.5451706 0.0284655 0.0162261
23 0.6058813 0.5451706 0.0284654 0.0162261
32 0.4629071 0.3747965 0.5240231 0.4153882
33 0.4616132 0.1952276 0.4748554 0.0151443
15 0.2435937 0.2531007 0.0284655 0.0162261
30 0.3160512 0.2531007 0.0284655 0.0162261
24 0.5334238 0.2531007 0.0284654 0.0162261
19 0.6783388 0.2531007 0.0284654 0.0162261
6 0.3160512 0.3699287 0.0284655 0.0162261
12 0.4596724 0.3699287 0.0284655 0.0162261
16 0.3160512 0.4283426 0.0284655 0.0162261
34 0.5327768 0.4278018 0.0685759 0.0584140
5 0.5334238 0.4283426 0.0284654 0.0162261
25 0.6058813 0.4283426 0.0284654 0.0162261
2 0.6783388 0.4283426 0.0284654 0.0162261
1 0.2435937 0.4867566 0.0284655 0.0162261
26 0.6783388 0.4867566 0.0284654 0.0162261
