15 0.5828457 0.7061565 0.0282907 0.0172838
24 0.6548584 0.7061565 0.0282907 0.0172838
32 0.5127619 0.5246770 0.5208061 0.4424645
33 0.5114760 0.3334033 0.4719403 0.0161315
5 0.3668076 0.3950488 0.0282907 0.0172838
27 0.5095471 0.3950488 0.0282907 0.0172838
16 0.3668076 0.4572703 0.0282907 0.0172838
34 0.7268711 0.4566942 0.0668689 0.0622216
27 0.7268711 0.4572703 0.0282907 0.0172838
29 0.4388203 0.5194918 0.0282907 0.0172838
25 0.6548584 0.5194918 0.0282907 0.0172838
2 0.5095471 0.5817135 0.0282907 0.0172837
7 0.2947949 0.6439350 0.0282907 0.0172838
22 0.4388203 0.6439350 0.0282907 0.0172838
1 0.2947949 0.7061565 0.0282907 0.0172838
26 0.3668076 0.7061565 0.0282907 0.0172838
14 0.5095471 0.7061565 0.0282907 0.0172838
