34 0.8312737 0.7774706 0.0630164 0.0571527
21 0.8312737 0.7779998 0.0266608 0.0158758
32 0.6295000 0.6113044 0.4908006 0.4064192
33 0.6282882 0.4356128 0.4447502 0.0148174
24 0.4240909 0.4922363 0.0266608 0.0158758
26 0.6264704 0.4922363 0.0266608 0.0158758
25 0.7634099 0.4922363 0.0266608 0.0158758
13 0.6264704 0.5493890 0.0266608 0.0158758
5 0.6955461 0.5493890 0.0266608 0.0158758
15 0.8312737 0.5493890 0.0266608 0.0158758
6 0.4240909 0.6065417 0.0266608 0.0158758
18 0.5598185 0.6065417 0.0266608 0.0158758
4 0.6955461 0.6065417 0.0266608 0.0158758
20 0.4919547 0.6636944 0.0266608 0.0158758
3 0.7634099 0.6636944 0.0266608 0.0158758
10 0.6264704 0.7208471 0.0266608 0.0158758
27 0.6264704 0.7779998 0.0266608 0.0158758
