30 0.5159138 0.5697051 0.0277810 0.0167527
12 0.5878916 0.5697051 0.0277810 0.0167527
32 0.5190707 0.3938026 0.5114219 0.4288670
33 0.5178079 0.2084070 0.4634367 0.0156358
17 0.3050311 0.2681580 0.0277809 0.0167526
9 0.4464614 0.2681580 0.0277810 0.0167526
8 0.3050311 0.3887768 0.0277809 0.0167526
1 0.4464614 0.3887768 0.0277810 0.0167526
7 0.5878916 0.3887768 0.0277810 0.0167526
4 0.6586068 0.3887768 0.0277809 0.0167526
3 0.5878916 0.4490862 0.0277810 0.0167527
23 0.6586068 0.4490862 0.0277809 0.0167527
10 0.7293219 0.4490862 0.0277809 0.0167527
34 0.6579754 0.5088372 0.0644012 0.0603094
29 0.6586068 0.5093957 0.0277809 0.0167526
11 0.3757462 0.5697051 0.0277810 0.0167527
14 0.4464614 0.5697051 0.0277810 0.0167527
