7 0.3515771 0.7045357 0.0270695 0.0168287
15 0.4204812 0.7045357 0.0270695 0.0168287
32 0.2845185 0.5884176 0.4983249 0.4308150
33 0.2832881 0.4021799 0.4515685 0.0157068
6 0.0759604 0.4622023 0.0270695 0.0168287
2 0.4893854 0.4622023 0.0270695 0.0168287
24 0.1448645 0.5227856 0.0270695 0.0168287
11 0.2137687 0.5227856 0.0270695 0.0168287
25 0.2814425 0.5227856 0.0270695 0.0168287
27 0.4893854 0.5227856 0.0270695 0.0168287
29 0.2137687 0.5833690 0.0270695 0.0168287
26 0.2814425 0.5833690 0.0270695 0.0168287
8 0.0759604 0.6439524 0.0270695 0.0168287
12 0.2814425 0.6439524 0.0270695 0.0168287
23 0.3515771 0.6439524 0.0270695 0.0168287
34 0.4893854 0.6433914 0.0639825 0.0605834
9 0.4893854 0.6439524 0.0270695 0.0168287
