34 0.8339696 0.6851671 0.0640072 0.0578290
29 0.8339697 0.6857025 0.0270799 0.0160636
32 0.6290234 0.5170346 0.4985179 0.4112284
33 0.6277925 0.3392640 0.4517434 0.0149927
30 0.4893153 0.3965575 0.0270800 0.0160636
5 0.4893153 0.4543865 0.0270800 0.0160636
7 0.6259461 0.4543865 0.0270800 0.0160636
3 0.8339697 0.5122155 0.0270799 0.0160636
15 0.5582461 0.5700445 0.0270800 0.0160636
8 0.4203844 0.6278735 0.0270800 0.0160636
2 0.5582461 0.6278735 0.0270800 0.0160636
17 0.6259461 0.6278735 0.0270800 0.0160636
18 0.7650388 0.6278735 0.0270801 0.0160636
13 0.8339697 0.6278735 0.0270799 0.0160636
26 0.4893153 0.6857025 0.0270800 0.0160636
12 0.6259461 0.6857025 0.0270800 0.0160636
16 0.6961079 0.6857025 0.0270799 0.0160636
