20 0.4130963 0.7635555 0.0264346 0.0160902
15 0.4803843 0.7635555 0.0264346 0.0160902
32 0.2803226 0.5946087 0.4866365 0.4119083
33 0.2791211 0.4165442 0.4409768 0.0150175
6 0.1439442 0.4739324 0.0264346 0.0160902
14 0.2112323 0.4739324 0.0264346 0.0160902
26 0.3458083 0.4739324 0.0264346 0.0160902
34 0.1433434 0.5313207 0.0612802 0.0579246
23 0.1439442 0.5318571 0.0264346 0.0160902
3 0.1439442 0.5897817 0.0264346 0.0160901
5 0.4803843 0.5897817 0.0264346 0.0160901
9 0.2773187 0.6477063 0.0264346 0.0160902
4 0.1439442 0.7056309 0.0264346 0.0160901
17 0.2112323 0.7056309 0.0264346 0.0160901
8 0.4130963 0.7056309 0.0264346 0.0160901
2 0.4803843 0.7056309 0.0264346 0.0160901
7 0.2773187 0.7635555 0.0264346 0.0160902
