3 0.6526089 0.6449974 0.0276708 0.0169999
16 0.7934787 0.6449974 0.0276709 0.0169999
32 0.5840608 0.4664984 0.5093949 0.4351977
33 0.5828030 0.2783660 0.4615999 0.0158666
26 0.3708696 0.3389991 0.0276709 0.0169999
13 0.5117393 0.3389991 0.0276708 0.0169999
29 0.6526089 0.3389991 0.0276708 0.0169999
31 0.4413044 0.4001987 0.0276708 0.0169999
2 0.5117393 0.4001987 0.0276708 0.0169999
14 0.7934787 0.4001987 0.0276709 0.0169999
30 0.4413044 0.4613984 0.0276708 0.0169999
17 0.7230438 0.4613984 0.0276708 0.0169999
10 0.7934787 0.4613984 0.0276709 0.0169999
34 0.5117393 0.5220314 0.0654038 0.0611996
26 0.5117393 0.5225981 0.0276708 0.0169999
11 0.3708696 0.5837977 0.0276709 0.0169999
1 0.5117393 0.5837977 0.0276708 0.0169999
