29 0.5179108 0.7433915 0.0285395 0.0165262
15 0.5905568 0.7433915 0.0285395 0.0165262
32 0.4472106 0.5698672 0.5253865 0.4230688
33 0.4459134 0.3869781 0.4760910 0.0154244
5 0.2273266 0.4459213 0.0285395 0.0165261
30 0.5905568 0.4459213 0.0285395 0.0165261
12 0.4439675 0.5054154 0.0285395 0.0165262
34 0.5172622 0.5048645 0.0687543 0.0594941
19 0.5179108 0.5054154 0.0285395 0.0165262
4 0.5905568 0.5054154 0.0285395 0.0165262
3 0.4439675 0.5649094 0.0285395 0.0165262
25 0.5179108 0.5649094 0.0285395 0.0165262
14 0.3726187 0.6244035 0.0285395 0.0165261
21 0.5905568 0.6244035 0.0285395 0.0165261
6 0.3726187 0.6838975 0.0285395 0.0165262
18 0.5905568 0.6838975 0.0285395 0.0165262
2 0.6632028 0.6838975 0.0285395 0.0165262
