17 0.2123957 0.7571787 0.0275203 0.0174282
23 0.5626537 0.7571787 0.0275203 0.0174282
32 0.3543753 0.5741824 0.5066233 0.4461622
33 0.3531244 0.3813103 0.4590882 0.0162663
12 0.4225505 0.4434709 0.0275203 0.0174282
20 0.2824473 0.5062124 0.0275203 0.0174282
34 0.1423441 0.5683730 0.0650479 0.0627415
8 0.1423441 0.5689540 0.0275203 0.0174282
8 0.4926021 0.5689540 0.0275203 0.0174282
2 0.5626537 0.5689540 0.0275203 0.0174282
24 0.1423441 0.6316956 0.0275203 0.0174282
31 0.2123957 0.6316956 0.0275203 0.0174282
18 0.2123957 0.6944371 0.0275203 0.0174282
5 0.2824473 0.6944371 0.0275203 0.0174282
13 0.4225505 0.6944371 0.0275203 0.0174282
3 0.4926021 0.6944371 0.0275203 0.0174282
15 0.5626537 0.6944371 0.0275203 0.0174282
