4 0.4803638 0.5677441 0.0266421 0.0165711
24 0.5493910 0.5677441 0.0266421 0.0165711
32 0.4833913 0.3937479 0.4904567 0.4242193
33 0.4821803 0.2103614 0.4444386 0.0154663
34 0.3453368 0.2689125 0.0617612 0.0596559
2 0.3459423 0.2694649 0.0266421 0.0165711
21 0.4137585 0.2694649 0.0266421 0.0165711
29 0.4803638 0.2694649 0.0266421 0.0165711
2 0.5493910 0.2694649 0.0266421 0.0165711
27 0.4803638 0.3291208 0.0266421 0.0165711
22 0.6172072 0.3291208 0.0266421 0.0165711
19 0.5493910 0.3887766 0.0266421 0.0165710
9 0.6850235 0.3887766 0.0266421 0.0165710
1 0.5493910 0.5080882 0.0266421 0.0165710
23 0.6172072 0.5080882 0.0266421 0.0165710
30 0.2781261 0.5677441 0.0266421 0.0165711
8 0.4137585 0.5677441 0.0266421 0.0165711
