4 0.1118019 0.5074509 0.0265489 0.0161559
15 0.2469601 0.5074509 0.0265489 0.0161559
32 0.3163494 0.3378142 0.4887418 0.4135904
33 0.3151426 0.1590225 0.4428845 0.0150788
12 0.1118019 0.2166451 0.0265489 0.0161559
7 0.1793810 0.2166451 0.0265490 0.0161559
26 0.3133325 0.2166451 0.0265489 0.0161559
31 0.1118019 0.2748063 0.0265489 0.0161559
11 0.3133325 0.2748063 0.0265489 0.0161559
9 0.1793810 0.3329674 0.0265490 0.0161559
2 0.3133325 0.3329674 0.0265489 0.0161559
18 0.1118019 0.3911286 0.0265489 0.0161559
17 0.1793810 0.3911286 0.0265490 0.0161559
6 0.1118019 0.4492898 0.0265489 0.0161559
14 0.1793810 0.4492898 0.0265490 0.0161559
34 0.2469601 0.4487512 0.0627520 0.0581611
25 0.2469601 0.4492898 0.0265489 0.0161559
