3 0.3298566 0.8066570 0.0267609 0.0173165
14 0.3979753 0.8066570 0.0267609 0.0173165
32 0.4679186 0.6248336 0.4926442 0.4433026
33 0.4667022 0.4331976 0.4464208 0.0161621
23 0.3298566 0.4949599 0.0267609 0.0173165
16 0.4648776 0.4949599 0.0267609 0.0173165
4 0.2617379 0.5572993 0.0267609 0.0173165
10 0.3298566 0.5572993 0.0267609 0.0173165
7 0.6023314 0.5572993 0.0267609 0.0173165
34 0.6017232 0.6190615 0.0620367 0.0623394
25 0.6023314 0.6196387 0.0267609 0.0173166
1 0.6704501 0.6196387 0.0267609 0.0173166
22 0.3979753 0.6819781 0.0267609 0.0173165
8 0.6704501 0.6819781 0.0267609 0.0173165
6 0.2617379 0.7443176 0.0267609 0.0173166
5 0.3298566 0.7443176 0.0267609 0.0173166
25 0.3979753 0.7443176 0.0267609 0.0173166
