25 0.2096531 0.7296970 0.0282725 0.0165921
19 0.4975189 0.7296970 0.0282725 0.0165921
32 0.4274801 0.5554798 0.5204717 0.4247580
33 0.4261950 0.3718605 0.4716373 0.0154859
3 0.2816195 0.4310390 0.0282726 0.0165921
29 0.4975189 0.4310390 0.0282725 0.0165921
14 0.5694854 0.4310390 0.0282726 0.0165921
5 0.4242673 0.4907706 0.0282726 0.0165921
26 0.3535860 0.5505022 0.0282726 0.0165921
23 0.4975189 0.5505022 0.0282725 0.0165921
6 0.2096531 0.6102338 0.0282725 0.0165921
16 0.3535860 0.6102338 0.0282726 0.0165921
31 0.6414518 0.6102338 0.0282725 0.0165921
27 0.2096531 0.6699654 0.0282725 0.0165921
34 0.2809770 0.6694123 0.0655409 0.0597316
23 0.2816195 0.6699654 0.0282726 0.0165921
22 0.4242673 0.6699654 0.0282726 0.0165921
