31 0.6424312 0.6444305 0.0284344 0.0160953
11 0.6424312 0.7023736 0.0284344 0.0160953
32 0.5719913 0.5333727 0.5234520 0.4120404
33 0.5706989 0.3552511 0.4743380 0.0150223
7 0.3529170 0.4126577 0.0284344 0.0160953
13 0.4252956 0.4126577 0.0284344 0.0160953
20 0.3529170 0.4706009 0.0284344 0.0160953
34 0.4246493 0.4700644 0.0659162 0.0579432
20 0.4252956 0.4706009 0.0284344 0.0160953
3 0.4976741 0.4706009 0.0284344 0.0160953
25 0.7871883 0.4706009 0.0284344 0.0160953
4 0.4252956 0.5285441 0.0284344 0.0160953
6 0.7148097 0.5285441 0.0284344 0.0160953
18 0.3529170 0.5864872 0.0284344 0.0160953
9 0.5687601 0.5864872 0.0284344 0.0160953
22 0.7871883 0.5864872 0.0284344 0.0160953
24 0.3529170 0.6444305 0.0284344 0.0160953
