29 0.4364176 0.6581388 0.0287506 0.0159020
9 0.5096010 0.6581388 0.0287506 0.0159020
32 0.3651945 0.5484153 0.5292726 0.4070901
33 0.3638877 0.3724337 0.4796125 0.0148418
34 0.5089476 0.4286206 0.0666491 0.0572470
11 0.5096010 0.4291507 0.0287506 0.0159020
7 0.2900509 0.4863977 0.0287506 0.0159020
1 0.5827844 0.4863977 0.0287506 0.0159020
8 0.3619274 0.5436447 0.0287506 0.0159020
26 0.4364176 0.5436447 0.0287506 0.0159020
20 0.5096010 0.5436447 0.0287506 0.0159020
6 0.5827844 0.5436447 0.0287506 0.0159020
10 0.1436841 0.6008918 0.0287506 0.0159020
30 0.3619274 0.6008918 0.0287506 0.0159020
12 0.5827844 0.6008918 0.0287506 0.0159020
23 0.2168675 0.6581388 0.0287506 0.0159020
24 0.3619274 0.6581388 0.0287506 0.0159020
