34 0.7504149 0.5369222 0.0630975 0.0577317
24 0.7504149 0.5374567 0.0266952 0.0160366
32 0.5483813 0.4268043 0.4914329 0.4105366
33 0.5471679 0.2493327 0.4453233 0.0149675
18 0.3427075 0.3065298 0.0266951 0.0160366
7 0.4786100 0.3065298 0.0266951 0.0160366
15 0.5453477 0.3065298 0.0266951 0.0160366
2 0.6145124 0.3065298 0.0266951 0.0160366
26 0.5453477 0.3642616 0.0266951 0.0160366
1 0.6145124 0.3642616 0.0266951 0.0160366
16 0.4786100 0.4219933 0.0266951 0.0160366
21 0.5453477 0.4219933 0.0266951 0.0160366
5 0.7504149 0.4219933 0.0266952 0.0160366
12 0.3427075 0.4797250 0.0266951 0.0160366
22 0.4106587 0.4797250 0.0266951 0.0160366
29 0.6145124 0.4797250 0.0266951 0.0160366
6 0.6145124 0.5374567 0.0266951 0.0160366
