26 0.3729130 0.7107424 0.0283728 0.0165301
4 0.5173566 0.7107424 0.0283729 0.0165301
32 0.4470693 0.5371762 0.5223184 0.4231708
33 0.4457796 0.3542430 0.4733108 0.0154281
24 0.2284694 0.4132004 0.0283728 0.0165301
13 0.3006912 0.4132004 0.0283728 0.0165301
12 0.5895784 0.4132004 0.0283728 0.0165301
21 0.2284694 0.4727088 0.0283728 0.0165301
34 0.3000463 0.4721578 0.0657734 0.0595084
10 0.3006912 0.4727088 0.0283728 0.0165301
20 0.5173566 0.4727088 0.0283729 0.0165301
6 0.6618002 0.5322172 0.0283729 0.0165302
5 0.4438451 0.5917255 0.0283729 0.0165302
7 0.2284694 0.6512340 0.0283728 0.0165301
3 0.3006912 0.6512340 0.0283728 0.0165301
16 0.3729130 0.6512340 0.0283728 0.0165301
30 0.6618002 0.6512340 0.0283729 0.0165301
