14 0.3474874 0.7879987 0.0282796 0.0172139
1 0.4194720 0.7879987 0.0282797 0.0172139
32 0.2774309 0.6072520 0.5206030 0.4406775
33 0.2761455 0.4167508 0.4717563 0.0160664
24 0.0595489 0.4781473 0.0282797 0.0172140
17 0.4194720 0.4781473 0.0282797 0.0172140
18 0.2742173 0.5401176 0.0282797 0.0172139
27 0.1315335 0.6020879 0.0282797 0.0172139
25 0.4194720 0.6020879 0.0282797 0.0172139
12 0.0595489 0.6640581 0.0282797 0.0172139
26 0.3474874 0.6640581 0.0282796 0.0172139
8 0.0595489 0.7260284 0.0282797 0.0172141
9 0.2035181 0.7260284 0.0282797 0.0172141
19 0.2742173 0.7260284 0.0282797 0.0172141
20 0.4914566 0.7260284 0.0282797 0.0172141
16 0.2035181 0.7879987 0.0282797 0.0172139
34 0.3468447 0.7874249 0.0681283 0.0619702
