13 0.1355590 0.7924933 0.0279791 0.0171785
27 0.2067786 0.7924933 0.0279791 0.0171785
32 0.3511254 0.6121181 0.5150701 0.4397719
33 0.3498536 0.4220083 0.4667426 0.0160334
8 0.1355590 0.4832787 0.0279791 0.0171786
5 0.3479459 0.4832787 0.0279791 0.0171786
19 0.4204373 0.5451216 0.0279791 0.0171785
14 0.1355590 0.6069645 0.0279791 0.0171785
26 0.3479459 0.6069645 0.0279791 0.0171785
1 0.1355590 0.6688074 0.0279791 0.0171785
16 0.2779981 0.6688074 0.0279791 0.0171785
17 0.5628764 0.6688074 0.0279791 0.0171785
15 0.1355590 0.7306504 0.0279791 0.0171785
20 0.2779981 0.7306504 0.0279791 0.0171785
24 0.4916568 0.7306504 0.0279791 0.0171785
9 0.5628764 0.7306504 0.0279791 0.0171785
34 0.1355590 0.7919207 0.0661325 0.0618429
