26 0.4541258 0.5378396 0.0265526 0.0162047
22 0.5217143 0.5378396 0.0265526 0.0162047
32 0.3207593 0.3676904 0.4888096 0.4148398
33 0.3195523 0.1883587 0.4429460 0.0151243
20 0.1837719 0.2461554 0.0265526 0.0162047
18 0.3865374 0.2461554 0.0265527 0.0162047
3 0.1161834 0.3044922 0.0265526 0.0162047
15 0.3177419 0.3044922 0.0265526 0.0162047
13 0.1161834 0.3628290 0.0265526 0.0162047
12 0.1837719 0.3628290 0.0265526 0.0162047
19 0.5217143 0.3628290 0.0265526 0.0162047
23 0.1837719 0.4211659 0.0265526 0.0162047
6 0.3865374 0.4211659 0.0265527 0.0162047
9 0.5217143 0.4211659 0.0265526 0.0162047
34 0.3177419 0.4789626 0.0627607 0.0583368
22 0.3177419 0.4795027 0.0265526 0.0162046
16 0.1837719 0.5378396 0.0265526 0.0162047
