34 0.4148572 0.6030330 0.0632657 0.0575307
23 0.4148571 0.6035657 0.0267663 0.0159808
32 0.4178988 0.4357678 0.4927425 0.4091072
33 0.4166821 0.2589142 0.4465099 0.0149154
17 0.3479415 0.3159121 0.0267663 0.0159807
26 0.5523384 0.3159121 0.0267662 0.0159807
8 0.4842061 0.3734429 0.0267662 0.0159808
31 0.5523384 0.3734429 0.0267662 0.0159808
25 0.4842061 0.4309736 0.0267662 0.0159808
9 0.5523384 0.4309736 0.0267662 0.0159808
13 0.2116769 0.4885043 0.0267663 0.0159807
10 0.2798092 0.4885043 0.0267663 0.0159807
19 0.5523384 0.4885043 0.0267662 0.0159807
1 0.6204707 0.4885043 0.0267663 0.0159807
27 0.3479415 0.5460350 0.0267663 0.0159808
12 0.4842061 0.5460350 0.0267662 0.0159808
22 0.6204707 0.5460350 0.0267663 0.0159808
