26 0.3551513 0.5349063 0.0266335 0.0159328
17 0.5585339 0.5349063 0.0266334 0.0159328
32 0.4925557 0.3676121 0.4902975 0.4078792
33 0.4913451 0.1912893 0.4442943 0.0148706
31 0.3551513 0.2481162 0.0266335 0.0159328
30 0.4229456 0.2481162 0.0266335 0.0159328
19 0.4895291 0.2481162 0.0266334 0.0159328
22 0.4895291 0.3054742 0.0266334 0.0159328
29 0.6263282 0.3054742 0.0266335 0.0159328
18 0.6941224 0.3054742 0.0266335 0.0159328
20 0.3551513 0.4201903 0.0266335 0.0159328
34 0.4895292 0.4196592 0.0629517 0.0573580
22 0.4895291 0.4201903 0.0266334 0.0159328
12 0.5585339 0.4201903 0.0266334 0.0159328
27 0.6263282 0.4201903 0.0266335 0.0159328
21 0.4229456 0.4775483 0.0266335 0.0159328
25 0.6263282 0.4775483 0.0266335 0.0159328
