15 0.6272705 0.7770114 0.0285014 0.0162507
7 0.7736640 0.7770114 0.0285014 0.0162507
32 0.6305093 0.6063783 0.5246848 0.4160199
33 0.6292138 0.4265364 0.4754551 0.0151674
25 0.4109190 0.4844975 0.0285014 0.0162507
22 0.5560170 0.4844975 0.0285014 0.0162507
26 0.6272705 0.4844975 0.0285014 0.0162507
14 0.7011150 0.4844975 0.0285014 0.0162507
3 0.4834680 0.5430003 0.0285014 0.0162508
17 0.5560170 0.5430003 0.0285014 0.0162508
34 0.8462131 0.6009614 0.0673669 0.0585027
8 0.8462130 0.6015031 0.0285014 0.0162507
21 0.4109190 0.6600058 0.0285014 0.0162507
13 0.4834680 0.6600058 0.0285014 0.0162507
27 0.4109190 0.7185086 0.0285014 0.0162508
30 0.7011150 0.7185086 0.0285014 0.0162508
5 0.7736640 0.7185086 0.0285014 0.0162508
