4 0.5509725 0.6907693 0.0287689 0.0159877
9 0.6974326 0.6907693 0.0287689 0.0159877
32 0.4797040 0.5228992 0.5296101 0.4092832
33 0.4783963 0.3459695 0.4799183 0.0149218
29 0.2580524 0.4029920 0.0287689 0.0159876
10 0.6242026 0.4029920 0.0287690 0.0159876
6 0.3312824 0.4605475 0.0287690 0.0159877
34 0.4764348 0.4600146 0.0679993 0.0575555
21 0.4764348 0.4605475 0.0287690 0.0159877
22 0.3312824 0.5181029 0.0287690 0.0159876
27 0.6242026 0.5181029 0.0287690 0.0159876
13 0.3312824 0.5756584 0.0287690 0.0159876
14 0.4764348 0.5756584 0.0287690 0.0159876
18 0.5509725 0.5756584 0.0287689 0.0159876
26 0.6242026 0.5756584 0.0287690 0.0159876
15 0.2580524 0.6332138 0.0287689 0.0159876
7 0.6974326 0.6332138 0.0287689 0.0159876
