13 0.6566986 0.6560980 0.0262741 0.0161761
9 0.7235783 0.6560980 0.0262741 0.0161761
32 0.5916104 0.4862484 0.4836830 0.4141093
33 0.5904161 0.3072325 0.4383004 0.0150977
3 0.4560598 0.3649274 0.0262741 0.0161761
12 0.6566986 0.3649274 0.0262741 0.0161761
24 0.5229394 0.4231615 0.0262741 0.0161761
6 0.3891801 0.4813956 0.0262741 0.0161761
16 0.4560598 0.4813956 0.0262741 0.0161761
26 0.6566986 0.4813956 0.0262741 0.0161761
7 0.7235783 0.5396298 0.0262741 0.0161761
23 0.7904579 0.5396298 0.0262741 0.0161761
22 0.4560598 0.5978639 0.0262741 0.0161761
34 0.5229394 0.5973246 0.0621025 0.0582341
27 0.5229394 0.5978639 0.0262741 0.0161761
19 0.5229394 0.6560980 0.0262741 0.0161761
30 0.5886247 0.6560980 0.0262741 0.0161761
