9 0.6062923 0.7883640 0.0272632 0.0173077
30 0.6756895 0.7883640 0.0272632 0.0173077
32 0.4693566 0.6066337 0.5018910 0.4430758
33 0.4681174 0.4150957 0.4548000 0.0161538
8 0.2593060 0.4768263 0.0272632 0.0173076
21 0.3981005 0.4768263 0.0272632 0.0173076
3 0.2593060 0.5391338 0.0272632 0.0173077
14 0.5368950 0.6014414 0.0272632 0.0173077
18 0.3981005 0.6637489 0.0272632 0.0173077
5 0.4662585 0.6637489 0.0272632 0.0173077
13 0.5368950 0.6637489 0.0272632 0.0173077
34 0.6056727 0.6631720 0.0632011 0.0623075
9 0.6062923 0.6637489 0.0272632 0.0173077
17 0.3981005 0.7260565 0.0272632 0.0173077
11 0.5368950 0.7260565 0.0272632 0.0173077
7 0.3287032 0.7883640 0.0272632 0.0173077
12 0.5368950 0.7883640 0.0272632 0.0173077
