13 0.5591651 0.5845843 0.0288180 0.0170553
26 0.5591651 0.6459833 0.0288180 0.0170553
32 0.4144202 0.4669028 0.5305131 0.4366153
33 0.4131103 0.2781576 0.4807365 0.0159183
15 0.1923906 0.3389881 0.0288180 0.0170553
25 0.4858102 0.4003872 0.0288180 0.0170553
31 0.5591651 0.4003872 0.0288180 0.0170553
34 0.6325200 0.3998187 0.0681152 0.0613991
22 0.6325200 0.4003872 0.0288180 0.0170553
23 0.2657455 0.4617862 0.0288180 0.0170553
22 0.2657455 0.5231852 0.0288180 0.0170553
17 0.3391004 0.5231852 0.0288180 0.0170553
16 0.4858102 0.5231852 0.0288180 0.0170553
10 0.6325200 0.5231852 0.0288180 0.0170553
30 0.2657455 0.5845843 0.0288180 0.0170553
14 0.3391004 0.5845843 0.0288180 0.0170553
2 0.4858102 0.5845843 0.0288180 0.0170553
