13 0.1697741 0.5072074 0.0276319 0.0160623
25 0.4511168 0.5072074 0.0276319 0.0160623
32 0.3123295 0.3385539 0.5086776 0.4111932
33 0.3110735 0.1607986 0.4609499 0.0149914
6 0.0994385 0.2180872 0.0276319 0.0160622
18 0.3807811 0.2180872 0.0276319 0.0160622
26 0.4511168 0.2180872 0.0276319 0.0160622
20 0.2401098 0.2759112 0.0276319 0.0160622
17 0.5214525 0.2759112 0.0276318 0.0160622
34 0.3091895 0.3331999 0.0653117 0.0578240
14 0.3091895 0.3337352 0.0276319 0.0160622
31 0.0994385 0.3915593 0.0276319 0.0160623
15 0.1697741 0.3915593 0.0276319 0.0160623
5 0.3807811 0.3915593 0.0276319 0.0160623
27 0.0994385 0.4493833 0.0276319 0.0160623
11 0.3091895 0.4493833 0.0276319 0.0160623
3 0.4511168 0.4493833 0.0276319 0.0160623
