30 0.7001888 0.7562756 0.0288068 0.0161171
20 0.7735152 0.7562756 0.0288068 0.0161171
32 0.6288266 0.5870453 0.5303065 0.4125997
33 0.6275172 0.4086818 0.4805494 0.0150427
34 0.4068835 0.4656292 0.0680887 0.0580218
12 0.4068835 0.4661664 0.0288068 0.0161171
13 0.5535361 0.4661664 0.0288068 0.0161171
29 0.7001888 0.4661664 0.0288068 0.0161171
4 0.5535361 0.5241883 0.0288068 0.0161172
23 0.6255531 0.5241883 0.0288068 0.0161172
22 0.8468415 0.5241883 0.0288068 0.0161172
15 0.4802098 0.5822102 0.0288068 0.0161171
21 0.7001888 0.5822102 0.0288068 0.0161171
2 0.8468415 0.5822102 0.0288068 0.0161171
18 0.6255531 0.6402319 0.0288068 0.0161172
12 0.4068835 0.6982538 0.0288068 0.0161172
14 0.5535361 0.6982538 0.0288068 0.0161172
