21 0.7871807 0.7355619 0.0274693 0.0159667
11 0.8571027 0.7355619 0.0274693 0.0159667
32 0.6492097 0.5679118 0.5056854 0.4087470
33 0.6479611 0.3912139 0.4582384 0.0149022
17 0.5774149 0.4481617 0.0274694 0.0159667
20 0.8571027 0.4481617 0.0274693 0.0159667
14 0.4375710 0.5056417 0.0274693 0.0159667
19 0.5774149 0.5056417 0.0274694 0.0159667
10 0.6460883 0.5056417 0.0274693 0.0159667
26 0.7172588 0.5056417 0.0274693 0.0159667
16 0.7871807 0.5056417 0.0274693 0.0159667
5 0.8571027 0.5056417 0.0274693 0.0159667
34 0.5774149 0.5625896 0.0649275 0.0574801
20 0.5774149 0.5631217 0.0274694 0.0159668
31 0.4375710 0.6206018 0.0274693 0.0159668
15 0.7871807 0.6206018 0.0274693 0.0159668
23 0.5074930 0.7355619 0.0274693 0.0159667
