14 0.5434364 0.7610034 0.0286020 0.0162505
13 0.7618520 0.7610034 0.0286021 0.0162505
32 0.6181917 0.5903728 0.5265375 0.4160137
33 0.6168916 0.4105335 0.4771339 0.0151672
15 0.5434364 0.4684938 0.0286020 0.0162505
26 0.6149414 0.4684938 0.0286021 0.0162505
16 0.8346571 0.4684938 0.0286021 0.0162505
34 0.7612019 0.5264540 0.0663048 0.0585019
14 0.7618520 0.5269957 0.0286021 0.0162505
10 0.3978260 0.5854976 0.0286021 0.0162505
17 0.6149414 0.5854976 0.0286021 0.0162505
18 0.8346571 0.5854976 0.0286021 0.0162505
30 0.3978260 0.6439996 0.0286021 0.0162505
12 0.7618520 0.6439996 0.0286021 0.0162505
9 0.4706311 0.7025015 0.0286021 0.0162505
25 0.5434364 0.7025015 0.0286020 0.0162505
2 0.8346571 0.7025015 0.0286021 0.0162505
