10 0.4647107 0.5712421 0.0281652 0.0172012
4 0.6080969 0.5712421 0.0281652 0.0172012
32 0.5383242 0.3906296 0.5184948 0.4403505
33 0.5370440 0.2002697 0.4698460 0.0160545
24 0.6797900 0.2616207 0.0281652 0.0172012
15 0.3930176 0.3235449 0.0281652 0.0172012
7 0.7514832 0.3235449 0.0281652 0.0172012
16 0.3930176 0.3854692 0.0281652 0.0172012
30 0.4647107 0.3854692 0.0281652 0.0172012
18 0.6797900 0.3854692 0.0281652 0.0172012
5 0.3213245 0.4473935 0.0281651 0.0172012
14 0.6797900 0.4473935 0.0281652 0.0172012
34 0.3213245 0.5087444 0.0665722 0.0619243
26 0.3213245 0.5093178 0.0281651 0.0172011
1 0.3930176 0.5093178 0.0281652 0.0172011
21 0.7514832 0.5093178 0.0281652 0.0172011
29 0.3930176 0.5712421 0.0281652 0.0172012
