34 0.8002988 0.5190014 0.0676018 0.0616972
5 0.8002989 0.5195727 0.0286008 0.0171381
32 0.5838432 0.3396225 0.5265139 0.4387356
33 0.5825431 0.1499608 0.4771126 0.0159956
8 0.3634873 0.2110867 0.0286007 0.0171381
2 0.3634873 0.2727839 0.0286007 0.0171381
26 0.5805931 0.2727839 0.0286007 0.0171381
20 0.8002989 0.2727839 0.0286008 0.0171381
13 0.4362893 0.3344811 0.0286007 0.0171381
25 0.5090912 0.3344811 0.0286008 0.0171381
12 0.5805931 0.3344811 0.0286007 0.0171381
22 0.5090912 0.3961783 0.0286008 0.0171381
7 0.8002989 0.3961783 0.0286008 0.0171381
1 0.7274969 0.4578755 0.0286008 0.0171381
21 0.8002989 0.4578755 0.0286008 0.0171381
30 0.5090912 0.5195727 0.0286008 0.0171381
10 0.7274969 0.5195727 0.0286008 0.0171381
