20 0.4199238 0.6441683 0.0283231 0.0160794
5 0.7083043 0.6441683 0.0283231 0.0160794
32 0.4939500 0.4753338 0.5214022 0.4116345
33 0.4926626 0.2973876 0.4724805 0.0150075
2 0.3478287 0.3547378 0.0283231 0.0160795
9 0.4907315 0.3547378 0.0283231 0.0160795
19 0.5641141 0.3547378 0.0283231 0.0160795
30 0.2757336 0.4705099 0.0283231 0.0160794
17 0.4199238 0.4705099 0.0283231 0.0160794
1 0.4907315 0.4705099 0.0283231 0.0160794
26 0.3478287 0.5283961 0.0283231 0.0160795
34 0.4199238 0.5278601 0.0669455 0.0578861
29 0.4199238 0.5283961 0.0283231 0.0160795
13 0.5641141 0.5283961 0.0283231 0.0160795
18 0.2757336 0.5862821 0.0283231 0.0160795
6 0.2757336 0.6441683 0.0283231 0.0160794
25 0.3478287 0.6441683 0.0283231 0.0160794
