21 0.1387609 0.5589666 0.0288381 0.0174540
3 0.5057910 0.5589666 0.0288381 0.0174540
32 0.2875392 0.3757001 0.5308829 0.4468211
33 0.2862283 0.1825431 0.4810717 0.0162904
30 0.2842621 0.2447955 0.0288381 0.0174540
15 0.3589790 0.2447955 0.0288381 0.0174540
26 0.0653548 0.3076297 0.0288381 0.0174540
1 0.2842621 0.3076297 0.0288381 0.0174540
5 0.5057910 0.3076297 0.0288381 0.0174540
17 0.2842621 0.3704640 0.0288381 0.0174540
34 0.3583236 0.3698821 0.0694736 0.0628342
5 0.3589790 0.3704640 0.0288381 0.0174540
24 0.2121669 0.4332982 0.0288381 0.0174540
6 0.3589790 0.4332982 0.0288381 0.0174540
10 0.1387609 0.4961324 0.0288381 0.0174540
4 0.3589790 0.4961324 0.0288381 0.0174540
7 0.5057910 0.4961324 0.0288381 0.0174540
