5 0.4170159 0.7023621 0.0275398 0.0171313
13 0.4871172 0.7023621 0.0275398 0.0171313
32 0.2786912 0.5224838 0.5069822 0.4385602
33 0.2774393 0.3328979 0.4594135 0.0159892
34 0.0665097 0.3934283 0.0650940 0.0616725
14 0.0665097 0.3939994 0.0275398 0.0171312
18 0.1366109 0.3939994 0.0275398 0.0171312
20 0.2067122 0.3939994 0.0275398 0.0171312
30 0.2755616 0.3939994 0.0275398 0.0171312
9 0.4170159 0.3939994 0.0275398 0.0171312
10 0.2755616 0.4556719 0.0275398 0.0171312
25 0.4871172 0.4556719 0.0275398 0.0171312
23 0.4871172 0.5173445 0.0275398 0.0171313
17 0.2067122 0.5790170 0.0275398 0.0171312
12 0.0665097 0.6406896 0.0275398 0.0171313
21 0.2067122 0.6406896 0.0275398 0.0171313
31 0.3469147 0.6406896 0.0275398 0.0171313
