7 0.5701380 0.6673284 0.0266951 0.0172825
13 0.7072540 0.6673284 0.0266952 0.0172825
32 0.5731716 0.4858619 0.4914333 0.4424325
33 0.5719582 0.2946021 0.4453235 0.0161303
16 0.3674976 0.3562430 0.0266951 0.0172825
34 0.5034002 0.3556669 0.0630976 0.0622171
28 0.5034002 0.3562430 0.0266951 0.0172825
12 0.5034002 0.4184601 0.0266951 0.0172825
26 0.5701380 0.4184601 0.0266951 0.0172825
5 0.3674976 0.4806772 0.0266951 0.0172825
17 0.7072540 0.4806772 0.0266952 0.0172825
10 0.5034002 0.5428943 0.0266951 0.0172825
20 0.5701380 0.5428943 0.0266951 0.0172825
22 0.7752053 0.5428943 0.0266951 0.0172825
30 0.5034002 0.6051114 0.0266951 0.0172825
6 0.7752053 0.6051114 0.0266951 0.0172825
1 0.5034002 0.6673284 0.0266951 0.0172825
