27 0.4981137 0.6439100 0.0279602 0.0170321
19 0.5692850 0.6439100 0.0279601 0.0170321
32 0.4288488 0.5263886 0.5147209 0.4360218
33 0.4275779 0.3379000 0.4664261 0.0158966
25 0.2845999 0.3986478 0.0279602 0.0170321
3 0.5692850 0.3986478 0.0279601 0.0170321
24 0.3557711 0.4599634 0.0279601 0.0170321
18 0.5692850 0.4599634 0.0279601 0.0170321
16 0.2134286 0.5212789 0.0279601 0.0170321
17 0.2845999 0.5212789 0.0279602 0.0170321
15 0.3557711 0.5212789 0.0279601 0.0170321
7 0.4256715 0.5212789 0.0279601 0.0170321
8 0.5692850 0.5212789 0.0279601 0.0170321
11 0.4256715 0.5825945 0.0279601 0.0170321
22 0.2845999 0.6439100 0.0279602 0.0170321
34 0.4974783 0.6433423 0.0673586 0.0613156
