8 0.4321969 0.5380701 0.0266565 0.0170348
16 0.5000497 0.5380701 0.0266565 0.0170348
32 0.2983086 0.3592044 0.4907217 0.4360916
33 0.2970970 0.1706857 0.4446786 0.0158992
14 0.1607854 0.2314432 0.0266565 0.0170348
5 0.3643440 0.2314432 0.0266565 0.0170348
29 0.5000497 0.2314432 0.0266565 0.0170348
7 0.1607854 0.3540940 0.0266565 0.0170348
26 0.3643440 0.4154193 0.0266565 0.0170348
30 0.4321969 0.4154193 0.0266565 0.0170348
4 0.5000497 0.4154193 0.0266565 0.0170348
9 0.3643440 0.4767448 0.0266565 0.0170348
34 0.0929325 0.5375023 0.0630062 0.0613254
15 0.0929325 0.5380701 0.0266565 0.0170348
24 0.1607854 0.5380701 0.0266565 0.0170348
3 0.2286383 0.5380701 0.0266565 0.0170348
