21 0.3145892 0.6023698 0.0273180 0.0165903
23 0.3853677 0.6023698 0.0273180 0.0165903
32 0.3176935 0.4281714 0.5029000 0.4247121
33 0.3164518 0.2445719 0.4557143 0.0154843
8 0.3853677 0.3037441 0.0273180 0.0165903
17 0.5244413 0.3037441 0.0273180 0.0165903
11 0.1072206 0.3634692 0.0273180 0.0165903
3 0.1767574 0.4231943 0.0273180 0.0165904
34 0.2462942 0.4226413 0.0645699 0.0597252
22 0.2462942 0.4231943 0.0273180 0.0165904
10 0.5244413 0.4231943 0.0273180 0.0165904
16 0.1072206 0.4829195 0.0273180 0.0165904
27 0.3145892 0.4829195 0.0273180 0.0165904
25 0.1072206 0.5426446 0.0273180 0.0165904
12 0.3853677 0.5426446 0.0273180 0.0165904
20 0.2462942 0.6023698 0.0273180 0.0165903
