8 0.3046558 0.7057679 0.0276822 0.0165801
6 0.7274387 0.7057679 0.0276822 0.0165801
32 0.5179346 0.5913653 0.5096043 0.4244501
33 0.5166764 0.4078790 0.4617896 0.0154747
21 0.4455834 0.4670147 0.0276822 0.0165801
11 0.5865110 0.4670147 0.0276822 0.0165801
16 0.6569748 0.4670147 0.0276823 0.0165801
5 0.4455834 0.5267029 0.0276822 0.0165801
34 0.7274387 0.5261503 0.0654306 0.0596883
21 0.7274387 0.5267029 0.0276822 0.0165801
31 0.3751196 0.5863913 0.0276822 0.0165801
14 0.4455834 0.5863913 0.0276822 0.0165801
9 0.5147890 0.5863913 0.0276822 0.0165801
27 0.7274387 0.5863913 0.0276822 0.0165801
19 0.3046558 0.6460796 0.0276822 0.0165801
25 0.6569748 0.6460796 0.0276823 0.0165801
