11 0.6246954 0.6538510 0.0274343 0.0173912
16 0.6945280 0.6538510 0.0274342 0.0173912
32 0.5567333 0.4712432 0.5050393 0.4452150
33 0.5554863 0.2787805 0.4576529 0.0162318
25 0.3453650 0.3408092 0.0274342 0.0173912
15 0.4151976 0.3408092 0.0274342 0.0173912
34 0.6240718 0.3402295 0.0660915 0.0626084
9 0.6246954 0.3408092 0.0274343 0.0173912
18 0.3453650 0.4034175 0.0274342 0.0173912
1 0.4151976 0.4034175 0.0274342 0.0173912
31 0.4850302 0.4034175 0.0274342 0.0173912
7 0.4850302 0.5286342 0.0274342 0.0173912
21 0.6246954 0.5286342 0.0274343 0.0173912
14 0.4151976 0.5912426 0.0274342 0.0173912
29 0.4850302 0.5912426 0.0274342 0.0173912
9 0.4850302 0.6538510 0.0274342 0.0173912
