20 0.1904532 0.5721115 0.0288632 0.0161862
31 0.5578025 0.5721115 0.0288631 0.0161862
32 0.4128307 0.4021569 0.5313446 0.4143655
33 0.4115188 0.2230301 0.4814900 0.0151071
6 0.2639231 0.2807607 0.0288632 0.0161862
3 0.4095508 0.2807607 0.0288631 0.0161862
27 0.4843327 0.2807607 0.0288632 0.0161862
4 0.5578025 0.3390309 0.0288631 0.0161862
14 0.3373929 0.3973011 0.0288631 0.0161862
34 0.6312724 0.3967615 0.0682220 0.0582702
10 0.6312724 0.3973011 0.0288632 0.0161862
21 0.2639231 0.4555712 0.0288632 0.0161861
5 0.4843327 0.4555712 0.0288632 0.0161861
17 0.1904532 0.5138414 0.0288632 0.0161862
9 0.2639231 0.5138414 0.0288632 0.0161862
10 0.4095508 0.5138414 0.0288631 0.0161862
