34 0.4393391 0.6185826 0.0620362 0.0578789
22 0.4399473 0.6191185 0.0267607 0.0160775
32 0.5780082 0.4503050 0.4926405 0.4115835
33 0.5767918 0.2723809 0.4464173 0.0150057
20 0.5080654 0.3297239 0.0267607 0.0160775
9 0.6443018 0.3297239 0.0267607 0.0160775
24 0.7124200 0.3297239 0.0267607 0.0160775
27 0.5749672 0.3876028 0.0267607 0.0160775
1 0.6443018 0.3876028 0.0267607 0.0160775
13 0.3718291 0.4454818 0.0267607 0.0160775
4 0.5749672 0.4454818 0.0267607 0.0160775
12 0.6443018 0.4454818 0.0267607 0.0160775
23 0.3718291 0.5033607 0.0267607 0.0160775
16 0.5749672 0.5033607 0.0267607 0.0160775
26 0.7124200 0.5033607 0.0267607 0.0160775
31 0.6443018 0.5612396 0.0267607 0.0160775
