18 0.5186084 0.7566443 0.0266208 0.0168595
8 0.5863704 0.7566443 0.0266209 0.0168595
32 0.4526614 0.5796194 0.4900648 0.4316035
33 0.4514513 0.3930408 0.4440836 0.0157355
29 0.3153222 0.4531731 0.0266208 0.0168595
17 0.5186084 0.4531731 0.0266208 0.0168595
34 0.6541325 0.4526111 0.0629220 0.0606942
14 0.6541325 0.4531731 0.0266209 0.0168595
13 0.4496363 0.5138673 0.0266208 0.0168595
21 0.6541325 0.5138673 0.0266209 0.0168595
10 0.4496363 0.5745616 0.0266208 0.0168594
9 0.4496363 0.6352558 0.0266208 0.0168595
19 0.5186084 0.6352558 0.0266208 0.0168595
12 0.6541325 0.6352558 0.0266209 0.0168595
23 0.4496363 0.6959500 0.0266208 0.0168594
27 0.2475601 0.7566443 0.0266208 0.0168595
