14 0.3396239 0.5602514 0.0271444 0.0163822
15 0.4074850 0.5602514 0.0271444 0.0163822
32 0.4105696 0.3882383 0.4997041 0.4193844
33 0.4093357 0.2069419 0.4528182 0.0152901
13 0.2014342 0.2653718 0.0271444 0.0163822
5 0.6160035 0.2653718 0.0271444 0.0163822
7 0.2014342 0.3243477 0.0271444 0.0163822
16 0.3396239 0.3243477 0.0271444 0.0163822
34 0.6160034 0.3238016 0.0641595 0.0589759
19 0.6160035 0.3243477 0.0271444 0.0163822
6 0.4074850 0.3833236 0.0271444 0.0163822
18 0.5469086 0.3833236 0.0271444 0.0163822
29 0.2014342 0.4422996 0.0271444 0.0163822
17 0.3396239 0.5012755 0.0271444 0.0163822
4 0.4778137 0.5012755 0.0271444 0.0163822
2 0.5469086 0.5012755 0.0271444 0.0163822
