34 0.5076582 0.6977515 0.0694374 0.0576417
17 0.5083132 0.6982852 0.0288231 0.0160116
32 0.4369106 0.5301635 0.5306063 0.4098966
33 0.4356005 0.3529686 0.4808211 0.0149442
13 0.2148420 0.4100766 0.0288231 0.0160116
26 0.2882098 0.4100766 0.0288231 0.0160116
23 0.4336353 0.4100766 0.0288231 0.0160116
25 0.5083132 0.4100766 0.0288231 0.0160116
11 0.2148420 0.4677184 0.0288231 0.0160116
7 0.3615776 0.4677184 0.0288231 0.0160116
29 0.3615776 0.5253600 0.0288231 0.0160116
5 0.4336353 0.5253600 0.0288231 0.0160116
9 0.5816810 0.5253600 0.0288231 0.0160116
27 0.2882098 0.6406434 0.0288231 0.0160116
22 0.5083132 0.6406434 0.0288231 0.0160116
31 0.2148420 0.6982852 0.0288231 0.0160116
