18 0.3821162 0.7074487 0.0280704 0.0159820
29 0.5964719 0.7074487 0.0280704 0.0159820
32 0.5269339 0.5396380 0.5167504 0.4091386
33 0.5256579 0.3627708 0.4682652 0.0149165
12 0.3821162 0.4197732 0.0280704 0.0159820
22 0.6679237 0.4197732 0.0280704 0.0159820
31 0.3106643 0.4773083 0.0280704 0.0159820
5 0.5237440 0.4773083 0.0280704 0.0159820
7 0.7393758 0.4773083 0.0280704 0.0159820
19 0.4535680 0.5348434 0.0280704 0.0159820
24 0.6679237 0.5348434 0.0280704 0.0159820
10 0.6679237 0.5923785 0.0280704 0.0159820
17 0.3106643 0.6499136 0.0280704 0.0159819
26 0.3821162 0.6499136 0.0280704 0.0159819
34 0.5237440 0.6493809 0.0663482 0.0575351
31 0.5237440 0.6499136 0.0280704 0.0159819
