15 0.2878939 0.6821421 0.0269614 0.0174828
1 0.3565230 0.6821421 0.0269614 0.0174828
32 0.4269904 0.4985724 0.4963354 0.4475602
33 0.4257648 0.3050959 0.4497657 0.0163173
2 0.2878939 0.4303894 0.0269614 0.0174828
10 0.4239266 0.4303894 0.0269614 0.0174828
30 0.5624103 0.4303894 0.0269614 0.0174828
18 0.2192648 0.4933276 0.0269614 0.0174828
12 0.4239266 0.4933276 0.0269614 0.0174828
29 0.6310394 0.4933276 0.0269614 0.0174828
27 0.4239266 0.5562657 0.0269614 0.0174828
13 0.2878939 0.6192038 0.0269614 0.0174828
19 0.4937812 0.6192038 0.0269614 0.0174828
25 0.5624103 0.6192038 0.0269614 0.0174828
34 0.6310394 0.6186211 0.0637270 0.0629382
11 0.6310394 0.6192038 0.0269614 0.0174828
