21 0.3638677 0.7594154 0.0272457 0.0174609
23 0.5025731 0.7594154 0.0272457 0.0174609
32 0.2963727 0.5760764 0.5015686 0.4469982
33 0.2951343 0.3828428 0.4545078 0.0162968
30 0.1558097 0.4451199 0.0272457 0.0174608
31 0.3638677 0.4451199 0.0272457 0.0174608
34 0.4326012 0.4445378 0.0631605 0.0628591
17 0.4332204 0.4451199 0.0272457 0.0174608
15 0.2932766 0.5079790 0.0272457 0.0174609
18 0.3638677 0.5079790 0.0272457 0.0174609
7 0.1558097 0.5708381 0.0272457 0.0174609
11 0.4332204 0.5708381 0.0272457 0.0174609
20 0.0864570 0.6965564 0.0272457 0.0174609
12 0.1558097 0.6965564 0.0272457 0.0174609
17 0.4332204 0.6965564 0.0272457 0.0174609
10 0.2251624 0.7594154 0.0272457 0.0174609
