21 0.4998572 0.5576988 0.0276585 0.0163105
16 0.5715178 0.5576988 0.0276585 0.0163105
32 0.5030002 0.3864388 0.5091671 0.4175483
33 0.5017430 0.2059362 0.4613934 0.0152231
24 0.5715178 0.2641102 0.0276585 0.0163105
8 0.4307111 0.3228280 0.0276585 0.0163105
9 0.7123245 0.3228280 0.0276585 0.0163105
4 0.3603077 0.3815457 0.0276585 0.0163105
34 0.4998572 0.3810020 0.0653745 0.0587177
27 0.4998572 0.3815457 0.0276585 0.0163105
25 0.3603077 0.4402634 0.0276585 0.0163105
23 0.4307111 0.4402634 0.0276585 0.0163105
22 0.3603077 0.4989811 0.0276585 0.0163105
15 0.4307111 0.4989811 0.0276585 0.0163105
18 0.5715178 0.4989811 0.0276585 0.0163105
17 0.4307111 0.5576988 0.0276585 0.0163105
