30 0.5525732 0.7841170 0.0273809 0.0173446
23 0.6919669 0.7841170 0.0273809 0.0173446
32 0.4847432 0.6019983 0.5040575 0.4440231
33 0.4834986 0.4100508 0.4567633 0.0161884
26 0.3434826 0.4719134 0.0273809 0.0173446
17 0.5525732 0.4719134 0.0273809 0.0173446
34 0.2737858 0.5337760 0.0647185 0.0624408
24 0.2737858 0.5343541 0.0273809 0.0173446
21 0.5525732 0.5343541 0.0273809 0.0173446
11 0.3434826 0.5967948 0.0273809 0.0173447
8 0.4816317 0.5967948 0.0273809 0.0173447
9 0.5525732 0.5967948 0.0273809 0.0173447
25 0.2737858 0.6592356 0.0273809 0.0173446
4 0.4131795 0.6592356 0.0273809 0.0173446
29 0.3434826 0.7841170 0.0273809 0.0173446
19 0.4816317 0.7841170 0.0273809 0.0173446
