7 0.3343475 0.6932372 0.0276564 0.0160950
5 0.7567361 0.6932372 0.0276564 0.0160950
32 0.5474274 0.5242398 0.5091292 0.4120318
33 0.5461703 0.3461220 0.4613591 0.0150220
1 0.7567361 0.4035274 0.0276564 0.0160950
2 0.4047456 0.4614694 0.0276564 0.0160950
14 0.4751437 0.4614694 0.0276564 0.0160950
25 0.7567361 0.4614694 0.0276564 0.0160950
12 0.3343475 0.5194113 0.0276564 0.0160950
34 0.7567361 0.5188749 0.0653696 0.0579420
11 0.7567361 0.5194113 0.0276564 0.0160950
19 0.3343475 0.6352953 0.0276564 0.0160950
16 0.4047456 0.6352953 0.0276564 0.0160950
29 0.6159399 0.6352953 0.0276564 0.0160950
22 0.6863380 0.6352953 0.0276564 0.0160950
26 0.7567361 0.6352953 0.0276564 0.0160950
