4 0.8218055 0.5272801 0.0275969 0.0159489
30 0.4705727 0.5846962 0.0275969 0.0159489
32 0.6129474 0.4172327 0.5080332 0.4082921
33 0.6116930 0.2407314 0.4603659 0.0148856
5 0.5408192 0.2976158 0.0275969 0.0159489
27 0.6098114 0.2976158 0.0275969 0.0159489
3 0.4003261 0.3550319 0.0275969 0.0159489
23 0.4705727 0.3550319 0.0275969 0.0159489
29 0.5408192 0.3550319 0.0275969 0.0159489
22 0.6813123 0.4124480 0.0275969 0.0159489
26 0.7515589 0.4124480 0.0275969 0.0159489
1 0.8218055 0.4124480 0.0275969 0.0159489
13 0.6098114 0.4698641 0.0275969 0.0159489
34 0.6806851 0.4693324 0.0664834 0.0574161
5 0.6813123 0.4698641 0.0275969 0.0159489
11 0.6098114 0.5272801 0.0275969 0.0159489
