10 0.4310859 0.4997402 0.0271155 0.0159534
30 0.6381496 0.4997402 0.0271155 0.0159534
32 0.5019559 0.3322289 0.4991713 0.4084086
33 0.5007234 0.1556772 0.4523355 0.0148899
26 0.2930435 0.2700104 0.0271155 0.0159535
6 0.4310859 0.2700104 0.0271155 0.0159535
34 0.5685121 0.2694786 0.0653236 0.0574324
10 0.5691283 0.2700104 0.0271155 0.0159535
11 0.6381496 0.2700104 0.0271155 0.0159535
29 0.4310859 0.3274428 0.0271155 0.0159535
20 0.2930435 0.3848753 0.0271155 0.0159535
23 0.3620647 0.3848753 0.0271155 0.0159535
14 0.5691283 0.3848753 0.0271155 0.0159535
17 0.6381496 0.3848753 0.0271155 0.0159535
4 0.4310859 0.4423078 0.0271155 0.0159534
24 0.3620647 0.4997402 0.0271155 0.0159534
