19 0.2086003 0.7492213 0.0287113 0.0170079
9 0.5740167 0.7492213 0.0287113 0.0170079
32 0.3567245 0.5706386 0.5285487 0.4354015
33 0.3554194 0.3824182 0.4789565 0.0158740
10 0.2086003 0.4430796 0.0287113 0.0170079
14 0.2816836 0.4430796 0.0287113 0.0170079
17 0.3534618 0.4430796 0.0287113 0.0170079
34 0.1355170 0.5037410 0.0678631 0.0612284
15 0.1355170 0.5043080 0.0287113 0.0170079
22 0.2816836 0.5043080 0.0287113 0.0170079
5 0.3534618 0.5043080 0.0287113 0.0170079
26 0.2086003 0.5655363 0.0287113 0.0170079
27 0.3534618 0.6267646 0.0287113 0.0170079
6 0.4278502 0.6267646 0.0287113 0.0170079
20 0.1355170 0.6879929 0.0287113 0.0170079
23 0.4278502 0.6879929 0.0287113 0.0170079
