13 0.5802505 0.6119203 0.0283715 0.0172331
11 0.5802505 0.6739597 0.0283715 0.0172331
32 0.3655297 0.4930116 0.5222940 0.4411686
33 0.3642401 0.3022982 0.4732887 0.0160843
7 0.3623056 0.3637630 0.0283715 0.0172332
14 0.5080322 0.3637630 0.0283715 0.0172332
6 0.5080322 0.4258024 0.0283715 0.0172331
21 0.1469400 0.4878417 0.0283715 0.0172331
18 0.2913768 0.4878417 0.0283715 0.0172331
34 0.3623056 0.4872672 0.0670600 0.0620393
11 0.3623056 0.4878417 0.0283715 0.0172331
10 0.5080322 0.4878417 0.0283715 0.0172331
27 0.4358137 0.5498810 0.0283715 0.0172331
17 0.1469400 0.6119203 0.0283715 0.0172331
30 0.2913768 0.6119203 0.0283715 0.0172331
19 0.3623056 0.6119203 0.0283715 0.0172331
