34 0.6320433 0.6668302 0.0648001 0.0580310
30 0.6326786 0.6673676 0.0279530 0.0161197
32 0.4922786 0.4981105 0.5145884 0.4126650
33 0.4910080 0.3197188 0.4663060 0.0150451
11 0.3480667 0.3772125 0.0279530 0.0161197
17 0.7038316 0.3772125 0.0279530 0.0161197
24 0.4192197 0.4352435 0.0279530 0.0161197
20 0.3480667 0.4932746 0.0279530 0.0161197
5 0.6326786 0.4932746 0.0279530 0.0161197
15 0.7038316 0.4932746 0.0279530 0.0161197
23 0.2769138 0.5513056 0.0279529 0.0161197
18 0.3480667 0.5513056 0.0279530 0.0161197
16 0.5615257 0.5513056 0.0279530 0.0161197
21 0.5615257 0.6093366 0.0279530 0.0161197
13 0.3480667 0.6673676 0.0279530 0.0161197
27 0.5615257 0.6673676 0.0279530 0.0161197
