1 0.5158708 0.6132048 0.0278909 0.0158612
20 0.4461436 0.6703049 0.0278909 0.0158612
32 0.5190403 0.5037626 0.5134460 0.4060460
33 0.5177725 0.3282323 0.4652708 0.0148038
19 0.3751486 0.3848038 0.0278909 0.0158612
9 0.6591286 0.3848038 0.0278909 0.0158612
8 0.7301236 0.3848038 0.0278909 0.0158612
13 0.4461436 0.4990043 0.0278909 0.0158612
27 0.5158708 0.4990043 0.0278909 0.0158612
17 0.6591286 0.4990043 0.0278909 0.0158612
15 0.7301236 0.4990043 0.0278909 0.0158612
14 0.4461436 0.5561045 0.0278909 0.0158612
30 0.5881336 0.5561045 0.0278909 0.0158612
4 0.3041536 0.6132048 0.0278909 0.0158612
34 0.3745147 0.6126761 0.0646561 0.0571002
16 0.3751486 0.6132048 0.0278909 0.0158612
