3 0.2220234 0.5923729 0.0285609 0.0167084
19 0.3674243 0.5923729 0.0285609 0.0167084
32 0.2966712 0.4169352 0.5257800 0.4277341
33 0.2953730 0.2320292 0.4764475 0.0155945
13 0.2220234 0.2916224 0.0285609 0.0167084
27 0.2934256 0.2916224 0.0285609 0.0167084
30 0.2934256 0.3517725 0.0285609 0.0167084
1 0.1493230 0.4119226 0.0285609 0.0167083
5 0.2220234 0.4119226 0.0285609 0.0167083
18 0.4401247 0.4119226 0.0285609 0.0167083
2 0.2220234 0.4720727 0.0285609 0.0167084
34 0.5128252 0.4715158 0.0675076 0.0601501
21 0.5128252 0.4720727 0.0285609 0.0167084
16 0.0766225 0.5322228 0.0285609 0.0167084
11 0.2934256 0.5322228 0.0285609 0.0167084
15 0.3674243 0.5322228 0.0285609 0.0167084
