8 0.8137388 0.6924666 0.0262556 0.0166229
16 0.6800734 0.7523090 0.0262557 0.0166229
32 0.6150309 0.5777687 0.4833435 0.4255457
33 0.6138375 0.3938089 0.4379928 0.0155147
12 0.4127427 0.4530971 0.0262557 0.0166229
34 0.4789787 0.4525430 0.0608655 0.0598424
7 0.4795754 0.4530971 0.0262557 0.0166229
30 0.8137388 0.4530971 0.0262556 0.0166229
25 0.5464081 0.5129395 0.0262557 0.0166229
20 0.6800734 0.5129395 0.0262557 0.0166229
29 0.7469061 0.5129395 0.0262557 0.0166229
6 0.8137388 0.5129395 0.0262556 0.0166229
9 0.6120473 0.5727818 0.0262557 0.0166230
14 0.4795754 0.6326242 0.0262557 0.0166229
4 0.8137388 0.6326242 0.0262556 0.0166229
24 0.7469061 0.6924666 0.0262557 0.0166229
