3 0.4747555 0.6877092 0.0278921 0.0158454
11 0.4037575 0.7447526 0.0278921 0.0158453
32 0.2636632 0.5783760 0.5134678 0.4056419
33 0.2623954 0.4030204 0.4652906 0.0147890
19 0.0487674 0.4595356 0.0278921 0.0158454
15 0.2604936 0.4595356 0.0278921 0.0158454
2 0.3327595 0.4595356 0.0278921 0.0158454
9 0.1907634 0.5165790 0.0278921 0.0158454
25 0.0487674 0.5736224 0.0278921 0.0158454
29 0.1907634 0.5736224 0.0278921 0.0158454
21 0.4747555 0.5736224 0.0278921 0.0158454
34 0.0487674 0.6301376 0.0659267 0.0570433
20 0.0487674 0.6306658 0.0278921 0.0158454
10 0.3327595 0.6306658 0.0278921 0.0158454
12 0.4747555 0.6306658 0.0278921 0.0158454
30 0.1907634 0.6877092 0.0278921 0.0158454
