29 0.3956683 0.7559043 0.0286710 0.0172842
20 0.6875907 0.7559043 0.0286710 0.0172842
32 0.6165649 0.5744200 0.5278062 0.4424761
33 0.6152617 0.3831412 0.4782837 0.0161320
30 0.6133069 0.4447883 0.0286710 0.0172842
23 0.6875907 0.4447883 0.0286710 0.0172842
25 0.4686489 0.5070115 0.0286710 0.0172842
18 0.5416295 0.5070115 0.0286710 0.0172842
4 0.6875907 0.5070115 0.0286710 0.0172842
9 0.7605713 0.5070115 0.0286710 0.0172842
11 0.5416295 0.5692347 0.0286710 0.0172842
16 0.7605713 0.6314579 0.0286710 0.0172843
22 0.8335519 0.6314579 0.0286710 0.0172843
34 0.6869391 0.6931049 0.0690710 0.0622232
25 0.6875907 0.6936811 0.0286710 0.0172842
15 0.7605713 0.6936811 0.0286710 0.0172842
