8 0.7642744 0.6334785 0.0267710 0.0167575
18 0.8324190 0.6334785 0.0267710 0.0167575
32 0.6298107 0.4575245 0.4928309 0.4289926
33 0.6285939 0.2720745 0.4465900 0.0156404
19 0.7642744 0.3921701 0.0267710 0.0167575
16 0.6961300 0.4524972 0.0267711 0.0167575
27 0.8324190 0.4524972 0.0267710 0.0167575
34 0.4910880 0.5122657 0.0620602 0.0603271
19 0.4916964 0.5128243 0.0267711 0.0167575
14 0.5598409 0.5128243 0.0267710 0.0167575
15 0.6961300 0.5128243 0.0267711 0.0167575
5 0.4235519 0.5731514 0.0267711 0.0167575
29 0.5598409 0.5731514 0.0267710 0.0167575
7 0.6267686 0.5731514 0.0267711 0.0167575
4 0.8324190 0.5731514 0.0267710 0.0167575
10 0.6961300 0.6334785 0.0267711 0.0167575
