34 0.6913303 0.6803977 0.0649622 0.0611368
10 0.6919431 0.6809638 0.0269655 0.0169825
32 0.6251424 0.5026482 0.4964089 0.4347504
33 0.6239167 0.3147092 0.4498323 0.0158503
30 0.5546646 0.3752799 0.0269654 0.0169825
20 0.6220781 0.3752799 0.0269654 0.0169825
4 0.5546646 0.4364167 0.0269654 0.0169824
3 0.6220781 0.4364167 0.0269654 0.0169824
29 0.8292216 0.4364167 0.0269654 0.0169824
27 0.6220781 0.4975534 0.0269654 0.0169824
15 0.6919431 0.4975534 0.0269655 0.0169824
16 0.6220781 0.5586902 0.0269654 0.0169825
8 0.7605824 0.5586902 0.0269655 0.0169825
31 0.4173861 0.6198270 0.0269654 0.0169824
12 0.4860253 0.6198270 0.0269654 0.0169824
19 0.4860253 0.6809638 0.0269654 0.0169825
