1 0.4887807 0.7669014 0.0265927 0.0173836
4 0.6918526 0.7669014 0.0265927 0.0173836
32 0.6259751 0.5843740 0.4895482 0.4450194
33 0.6247664 0.3919958 0.4436153 0.0162247
21 0.6918526 0.4539972 0.0265927 0.0173836
10 0.7595432 0.4539972 0.0265928 0.0173836
20 0.4887807 0.5165781 0.0265927 0.0173836
15 0.6918526 0.5165781 0.0265927 0.0173836
3 0.8272339 0.5165781 0.0265928 0.0173836
27 0.4210902 0.5791589 0.0265928 0.0173836
18 0.4887807 0.5791589 0.0265927 0.0173836
2 0.7595432 0.5791589 0.0265928 0.0173836
7 0.6229532 0.7043206 0.0265928 0.0173836
22 0.7595432 0.7043206 0.0265928 0.0173836
17 0.4210902 0.7669014 0.0265928 0.0173836
34 0.4881764 0.7663220 0.0616468 0.0625808
