14 0.4851717 0.7332191 0.0265753 0.0172303
4 0.7557570 0.7332191 0.0265754 0.0172303
32 0.6222763 0.5523009 0.4892279 0.4410959
33 0.6210683 0.3616188 0.4433250 0.0160816
21 0.4175254 0.4851027 0.0265753 0.0172304
2 0.8234033 0.4851027 0.0265754 0.0172304
10 0.6192564 0.5471318 0.0265754 0.0172303
27 0.6881107 0.5471318 0.0265753 0.0172303
8 0.7557570 0.5471318 0.0265754 0.0172303
7 0.8234033 0.5471318 0.0265754 0.0172303
6 0.4175254 0.6091610 0.0265753 0.0172303
34 0.6192564 0.6085866 0.0628144 0.0620291
23 0.6192564 0.6091610 0.0265754 0.0172303
24 0.8234033 0.6091610 0.0265754 0.0172303
29 0.4851717 0.6711900 0.0265753 0.0172303
19 0.6192564 0.6711900 0.0265754 0.0172303
