1 0.4762539 0.7485810 0.0284655 0.0171745
17 0.5487116 0.7485810 0.0284655 0.0171745
32 0.4057371 0.5682492 0.5240242 0.4396661
33 0.4044432 0.3781852 0.4748565 0.0160295
10 0.4762539 0.4394408 0.0284655 0.0171744
34 0.5480647 0.4388683 0.0659882 0.0618280
10 0.5487116 0.4394408 0.0284655 0.0171744
18 0.3313386 0.5012689 0.0284655 0.0171745
13 0.4025024 0.5012689 0.0284655 0.0171745
12 0.5487116 0.5012689 0.0284655 0.0171745
7 0.1864232 0.5630969 0.0284655 0.0171744
23 0.5487116 0.5630969 0.0284655 0.0171744
3 0.6211692 0.5630969 0.0284655 0.0171744
29 0.4762539 0.6249249 0.0284655 0.0171745
14 0.3313386 0.6867529 0.0284655 0.0171744
4 0.1864232 0.7485810 0.0284655 0.0171745
