15 0.8220528 0.7102395 0.0266851 0.0167778
25 0.5503496 0.7706394 0.0266851 0.0167778
32 0.6200948 0.5944730 0.4912492 0.4295105
33 0.6188819 0.4087992 0.4451567 0.0156592
20 0.6170625 0.4686398 0.0266851 0.0167778
31 0.7541270 0.4686398 0.0266852 0.0167778
8 0.8220528 0.5290397 0.0266851 0.0167778
34 0.4144979 0.5888804 0.0630740 0.0603999
27 0.4144980 0.5894396 0.0266851 0.0167778
23 0.4824238 0.5894396 0.0266851 0.0167778
30 0.5503496 0.5894396 0.0266851 0.0167778
18 0.6170625 0.5894396 0.0266851 0.0167778
14 0.6170625 0.6498396 0.0266851 0.0167778
22 0.8220528 0.6498396 0.0266851 0.0167778
17 0.4824238 0.7102395 0.0266851 0.0167778
5 0.6170625 0.7102395 0.0266851 0.0167778
