12 0.4072195 0.7264611 0.0279176 0.0169712
13 0.6914713 0.7264611 0.0279176 0.0169712
32 0.6223118 0.5482640 0.5139375 0.4344615
33 0.6210428 0.3604500 0.4657162 0.0158397
15 0.4782824 0.4209804 0.0279176 0.0169711
8 0.6914713 0.4209804 0.0279176 0.0169711
34 0.7618997 0.4204147 0.0647180 0.0610961
14 0.7625343 0.4209804 0.0279176 0.0169711
2 0.5493454 0.4820766 0.0279176 0.0169712
24 0.6191393 0.5431727 0.0279176 0.0169712
21 0.7625343 0.5431727 0.0279176 0.0169712
17 0.8335972 0.5431727 0.0279176 0.0169712
10 0.8335972 0.6042688 0.0279176 0.0169711
11 0.5493454 0.6653650 0.0279176 0.0169712
19 0.7625343 0.6653650 0.0279176 0.0169712
25 0.8335972 0.6653650 0.0279176 0.0169712
