15 0.4051901 0.6749905 0.0277877 0.0174918
30 0.6881195 0.6749905 0.0277878 0.0174918
32 0.6192818 0.4913264 0.5115465 0.4477904
33 0.6180186 0.2977504 0.4635495 0.0163257
23 0.4051901 0.3601378 0.0277877 0.0174918
27 0.6161241 0.3601378 0.0277877 0.0174918
16 0.4051901 0.4860789 0.0277877 0.0174919
17 0.4759224 0.4860789 0.0277877 0.0174919
34 0.4051901 0.5484664 0.0656800 0.0629706
8 0.4051901 0.5490494 0.0277877 0.0174918
20 0.5466548 0.5490494 0.0277877 0.0174918
7 0.6161241 0.5490494 0.0277877 0.0174918
31 0.6881195 0.5490494 0.0277878 0.0174918
1 0.7588519 0.5490494 0.0277876 0.0174918
2 0.5466548 0.6120200 0.0277877 0.0174918
12 0.7588519 0.6120200 0.0277876 0.0174918
