27 0.5353686 0.4954792 0.0263052 0.0164975
5 0.6035231 0.4954792 0.0263053 0.0164975
32 0.5383578 0.3816465 0.4842561 0.4223362
33 0.5371621 0.1990740 0.4388197 0.0153977
18 0.4696054 0.2579151 0.0263052 0.0164975
12 0.6035231 0.2579151 0.0263053 0.0164975
2 0.6704820 0.2579151 0.0263052 0.0164975
11 0.3356877 0.3173061 0.0263053 0.0164975
7 0.3356877 0.3766972 0.0263053 0.0164975
31 0.6704820 0.3766972 0.0263052 0.0164975
6 0.3356877 0.4360882 0.0263053 0.0164975
15 0.5353686 0.4360882 0.0263052 0.0164975
34 0.6029253 0.4355383 0.0633718 0.0593910
24 0.6035231 0.4360882 0.0263053 0.0164975
16 0.6704820 0.4360882 0.0263052 0.0164975
25 0.4696054 0.4954792 0.0263052 0.0164975
