7 0.3666411 0.5610084 0.0274719 0.0171535
19 0.6463551 0.5610084 0.0274720 0.0171535
32 0.4384427 0.3808964 0.5057329 0.4391302
33 0.4371939 0.1910641 0.4582815 0.0160100
9 0.2967126 0.2522450 0.0274719 0.0171535
3 0.4353209 0.2522450 0.0274719 0.0171535
34 0.2960882 0.3134259 0.0636849 0.0617527
19 0.2967126 0.3139976 0.0274719 0.0171535
13 0.5064981 0.3139976 0.0274719 0.0171535
23 0.4353209 0.3757504 0.0274719 0.0171535
22 0.2267841 0.4375030 0.0274719 0.0171535
24 0.4353209 0.4375030 0.0274719 0.0171535
17 0.5764266 0.4992557 0.0274719 0.0171535
6 0.6463551 0.4992557 0.0274720 0.0171535
29 0.2267841 0.5610084 0.0274719 0.0171535
11 0.2967126 0.5610084 0.0274719 0.0171535
