25 0.3874301 0.5653875 0.0272413 0.0172978
8 0.1806437 0.6276598 0.0272413 0.0172978
32 0.3905257 0.4460324 0.5014880 0.4428248
33 0.3892875 0.2546029 0.4544348 0.0161446
34 0.1806437 0.3157220 0.0643886 0.0622722
19 0.1806437 0.3162986 0.0272413 0.0172978
20 0.5966930 0.3162986 0.0272413 0.0172978
16 0.2499853 0.4408431 0.0272413 0.0172978
14 0.3193268 0.4408431 0.0272413 0.0172978
4 0.3874301 0.4408431 0.0272413 0.0172978
13 0.4580099 0.4408431 0.0272413 0.0172978
6 0.5273515 0.4408431 0.0272413 0.0172978
17 0.5966930 0.4408431 0.0272413 0.0172978
30 0.1806437 0.5031153 0.0272413 0.0172978
12 0.3874301 0.5031153 0.0272413 0.0172978
1 0.5966930 0.5031153 0.0272413 0.0172978
