31 0.3880045 0.7056099 0.0280703 0.0161131
4 0.6023595 0.7056099 0.0280703 0.0161131
32 0.5328217 0.5364226 0.5167486 0.4124950
33 0.5315458 0.3581044 0.4682636 0.0150389
11 0.3165528 0.4155744 0.0280703 0.0161131
8 0.3880045 0.4155744 0.0280703 0.0161131
20 0.6738112 0.4155744 0.0280703 0.0161131
9 0.7452628 0.4155744 0.0280703 0.0161131
12 0.3880045 0.4735815 0.0280703 0.0161131
26 0.4594561 0.4735815 0.0280703 0.0161131
15 0.4594561 0.5315886 0.0280703 0.0161131
19 0.6738112 0.5315886 0.0280703 0.0161131
34 0.7452628 0.5310515 0.0663480 0.0580071
12 0.7452628 0.5315886 0.0280703 0.0161131
25 0.7452628 0.5895958 0.0280703 0.0161131
18 0.6738112 0.6476029 0.0280703 0.0161131
