34 0.4801305 0.7991975 0.0635841 0.0588601
16 0.4801304 0.7997424 0.0269010 0.0163500
32 0.4831873 0.6280671 0.4952224 0.4185609
33 0.4819646 0.4471267 0.4487571 0.0152600
23 0.3444028 0.5643020 0.0269010 0.0163500
8 0.6183036 0.5643020 0.0269010 0.0163500
5 0.3444028 0.6231620 0.0269010 0.0163500
14 0.4128780 0.6231620 0.0269010 0.0163500
18 0.4801304 0.6231620 0.0269010 0.0163500
29 0.5498284 0.6231620 0.0269009 0.0163500
9 0.6183036 0.6231620 0.0269010 0.0163500
7 0.6867789 0.6231620 0.0269010 0.0163500
20 0.5498284 0.6820222 0.0269009 0.0163500
26 0.4128780 0.7408823 0.0269010 0.0163500
16 0.5498284 0.7408823 0.0269009 0.0163500
27 0.6867789 0.7408823 0.0269010 0.0163500
