20 0.3419976 0.5402117 0.0281682 0.0169240
12 0.5583808 0.5402117 0.0281683 0.0169240
32 0.3451985 0.4234363 0.5185515 0.4332534
33 0.3439182 0.2361445 0.4698973 0.0157957
8 0.1998761 0.2965066 0.0281682 0.0169240
25 0.3419976 0.2965066 0.0281682 0.0169240
29 0.4149789 0.2965066 0.0281683 0.0169240
7 0.1998761 0.3574329 0.0281682 0.0169240
19 0.5583808 0.3574329 0.0281683 0.0169240
1 0.1281751 0.4183592 0.0281682 0.0169240
24 0.3419976 0.4183592 0.0281682 0.0169240
16 0.5583808 0.4183592 0.0281683 0.0169240
2 0.4866798 0.4792854 0.0281682 0.0169240
34 0.1992359 0.5396476 0.0652991 0.0609262
11 0.1998761 0.5402117 0.0281682 0.0169240
6 0.2715770 0.5402117 0.0281682 0.0169240
