29 0.2830845 0.7078220 0.0287467 0.0172938
5 0.4281246 0.7078220 0.0287466 0.0172938
32 0.4313913 0.5262366 0.5292003 0.4427223
33 0.4300846 0.3348515 0.4795469 0.0161409
6 0.2830845 0.3965329 0.0287467 0.0172938
9 0.3562579 0.3965329 0.0287467 0.0172938
15 0.4281246 0.3965329 0.0287466 0.0172938
31 0.2099112 0.4587907 0.0287467 0.0172938
27 0.5026047 0.4587907 0.0287467 0.0172938
18 0.4281246 0.5833063 0.0287466 0.0172938
2 0.5757780 0.5833063 0.0287467 0.0172938
11 0.2830845 0.6455642 0.0287467 0.0172938
34 0.5019513 0.6449877 0.0692533 0.0622578
7 0.5026047 0.6455642 0.0287467 0.0172938
22 0.5757780 0.6455642 0.0287467 0.0172938
16 0.6489514 0.6455642 0.0287467 0.0172938
