16 0.4880682 0.7173596 0.0286361 0.0165019
20 0.5622617 0.7173596 0.0286361 0.0165019
32 0.4913223 0.5440894 0.5271645 0.4224490
33 0.4900206 0.3614683 0.4777021 0.0154018
23 0.4164779 0.4203251 0.0286361 0.0165019
18 0.4880682 0.4203251 0.0286361 0.0165019
25 0.5622617 0.4203251 0.0286361 0.0165019
5 0.6351536 0.4203251 0.0286361 0.0165019
30 0.4164779 0.4797320 0.0286361 0.0165019
7 0.4880682 0.4797320 0.0286361 0.0165019
2 0.2706942 0.5391389 0.0286361 0.0165019
19 0.6351536 0.5391389 0.0286361 0.0165019
3 0.2706942 0.5985457 0.0286361 0.0165019
26 0.7080455 0.5985457 0.0286361 0.0165019
17 0.2706942 0.6579526 0.0286361 0.0165019
34 0.4880682 0.7168095 0.0676853 0.0594069
