34 0.6116698 0.6213761 0.0630596 0.0588317
10 0.6116698 0.6219209 0.0266791 0.0163421
32 0.6147015 0.4503284 0.4911372 0.4183588
33 0.6134888 0.2694754 0.4450552 0.0152527
9 0.5449721 0.3277624 0.0266790 0.0163421
13 0.8166135 0.3277624 0.0266791 0.0163421
6 0.4770618 0.3865941 0.0266791 0.0163422
17 0.6116698 0.3865941 0.0266791 0.0163422
20 0.8166135 0.3865941 0.0266791 0.0163422
30 0.4770618 0.4454258 0.0266791 0.0163422
23 0.5449721 0.4454258 0.0266790 0.0163422
24 0.6807928 0.4454258 0.0266791 0.0163422
2 0.8166135 0.4454258 0.0266791 0.0163422
26 0.4770618 0.5042575 0.0266791 0.0163422
16 0.4770618 0.5630892 0.0266791 0.0163422
25 0.7487032 0.5630892 0.0266791 0.0163422
