27 0.3659412 0.6255357 0.0272449 0.0172370
16 0.5727552 0.6255357 0.0272449 0.0172370
32 0.5758513 0.4445474 0.5015552 0.4412666
33 0.5746128 0.2537915 0.4544956 0.0160878
6 0.5046428 0.3152701 0.0272449 0.0172370
13 0.7126953 0.3152701 0.0272449 0.0172370
25 0.6433445 0.3773232 0.0272450 0.0172370
17 0.5727552 0.4393763 0.0272449 0.0172369
15 0.7820462 0.4393763 0.0272449 0.0172369
30 0.3659412 0.5014294 0.0272449 0.0172370
1 0.6433445 0.5014294 0.0272450 0.0172370
14 0.7820462 0.5014294 0.0272449 0.0172370
29 0.3659412 0.5634826 0.0272449 0.0172369
34 0.4346728 0.5629080 0.0631588 0.0620531
22 0.4352920 0.5634826 0.0272450 0.0172369
9 0.7820462 0.5634826 0.0272449 0.0172369
