13 0.2930472 0.7593529 0.0269776 0.0171107
14 0.3604911 0.7593529 0.0269775 0.0171107
32 0.3635567 0.5796903 0.4966325 0.4380345
33 0.3623305 0.3903317 0.4500349 0.0159700
1 0.4990577 0.4513599 0.0269776 0.0171107
31 0.5677279 0.4513599 0.0269775 0.0171107
10 0.2243770 0.5129585 0.0269776 0.0171107
30 0.4303875 0.5129585 0.0269776 0.0171107
15 0.3604911 0.5745571 0.0269775 0.0171107
34 0.1557068 0.6355853 0.0637652 0.0615986
8 0.1557068 0.6361557 0.0269776 0.0171107
19 0.3604911 0.6361557 0.0269775 0.0171107
17 0.5677279 0.6361557 0.0269775 0.0171107
6 0.1557068 0.6977543 0.0269776 0.0171107
7 0.5677279 0.6977543 0.0269775 0.0171107
25 0.2243770 0.7593529 0.0269776 0.0171107
