34 0.5086121 0.5749870 0.0630716 0.0613086
30 0.5092305 0.5755547 0.0272074 0.0170302
32 0.3725753 0.4580466 0.5008628 0.4359722
33 0.3713386 0.2695795 0.4538683 0.0158948
12 0.4399754 0.3303204 0.0272074 0.0170302
23 0.5784856 0.3303204 0.0272074 0.0170302
30 0.2322100 0.3916290 0.0272074 0.0170302
2 0.3694836 0.3916290 0.0272073 0.0170302
5 0.4399754 0.3916290 0.0272074 0.0170302
16 0.5092305 0.3916290 0.0272074 0.0170302
21 0.5784856 0.3916290 0.0272074 0.0170302
11 0.2322100 0.4529376 0.0272074 0.0170302
10 0.1629549 0.5142461 0.0272074 0.0170302
24 0.3694836 0.5142461 0.0272073 0.0170302
25 0.5092305 0.5142461 0.0272074 0.0170302
29 0.3014651 0.5755547 0.0272074 0.0170302
