27 0.3002298 0.5900081 0.0281616 0.0166566
4 0.4435979 0.5900081 0.0281616 0.0166566
32 0.3738339 0.4151134 0.5184292 0.4264097
33 0.3725538 0.2307801 0.4697865 0.0155462
13 0.1568617 0.2901887 0.0281616 0.0166566
31 0.2285457 0.2901887 0.0281616 0.0166566
23 0.4435979 0.2901887 0.0281616 0.0166566
3 0.5152819 0.2901887 0.0281616 0.0166566
8 0.2285457 0.3501526 0.0281616 0.0166567
34 0.5146419 0.3495973 0.0652837 0.0599639
9 0.5152819 0.3501526 0.0281616 0.0166567
14 0.5869659 0.4101164 0.0281616 0.0166566
12 0.3002298 0.4700803 0.0281616 0.0166566
25 0.3706337 0.4700803 0.0281615 0.0166566
18 0.3706337 0.5300441 0.0281615 0.0166566
20 0.5152819 0.5300441 0.0281616 0.0166566
