22 0.3974893 0.6730161 0.0264615 0.0174434
12 0.6669150 0.6730161 0.0264615 0.0174434
32 0.5340063 0.4898606 0.4871313 0.4465506
33 0.5328035 0.2968204 0.4414251 0.0162805
27 0.7342714 0.3590352 0.0264615 0.0174434
6 0.3974893 0.4218314 0.0264615 0.0174434
29 0.5995586 0.4218314 0.0264614 0.0174434
18 0.7342714 0.4218314 0.0264615 0.0174434
25 0.5309994 0.4846275 0.0264615 0.0174434
5 0.5995586 0.4846275 0.0264614 0.0174434
10 0.3301329 0.5474237 0.0264614 0.0174434
15 0.5995586 0.5474237 0.0264614 0.0174434
4 0.7342714 0.5474237 0.0264615 0.0174434
24 0.3301329 0.6102199 0.0264614 0.0174434
34 0.5989572 0.6096384 0.0637481 0.0627962
1 0.5995586 0.6102199 0.0264614 0.0174434
