21 0.5711570 0.6727934 0.0284560 0.0170064
9 0.7160239 0.6727934 0.0284560 0.0170064
32 0.5006636 0.4942262 0.5238493 0.4353637
33 0.4993702 0.3060221 0.4746980 0.0158726
7 0.2814230 0.3666783 0.0284560 0.0170064
12 0.5711570 0.3666783 0.0284560 0.0170064
13 0.2814230 0.4279013 0.0284560 0.0170064
15 0.4262900 0.4279013 0.0284560 0.0170064
34 0.2814230 0.4885574 0.0672597 0.0612230
4 0.2814230 0.4891243 0.0284560 0.0170064
27 0.7160239 0.4891243 0.0284560 0.0170064
26 0.4262900 0.5503473 0.0284560 0.0170064
24 0.5711570 0.5503473 0.0284560 0.0170064
2 0.4262900 0.6115704 0.0284560 0.0170064
19 0.6435904 0.6115704 0.0284560 0.0170064
20 0.3538565 0.6727934 0.0284560 0.0170064
