4 0.6481578 0.6845441 0.0276532 0.0164470
31 0.5061211 0.7437535 0.0276532 0.0164470
32 0.5092635 0.5710596 0.5090700 0.4210440
33 0.5080065 0.3890458 0.4613055 0.0153506
16 0.4369881 0.4477069 0.0276532 0.0164470
10 0.5777679 0.4477069 0.0276532 0.0164470
9 0.4369881 0.5069162 0.0276532 0.0164470
14 0.5777679 0.5069162 0.0276532 0.0164470
27 0.4369881 0.5661255 0.0276532 0.0164470
19 0.7185478 0.5661255 0.0276532 0.0164470
3 0.2962082 0.6253349 0.0276532 0.0164470
34 0.5061211 0.6247866 0.0653621 0.0592093
18 0.5061211 0.6253349 0.0276532 0.0164470
2 0.5777679 0.6253349 0.0276532 0.0164470
6 0.7185478 0.6253349 0.0276532 0.0164470
5 0.5061211 0.6845441 0.0276532 0.0164470
