3 0.5699581 0.6894834 0.0269632 0.0163634
29 0.7758588 0.6894834 0.0269632 0.0163634
32 0.6404301 0.5176675 0.4963676 0.4189037
33 0.6392045 0.3365789 0.4497949 0.0152726
22 0.6373661 0.3949418 0.0269632 0.0163634
13 0.7758588 0.3949418 0.0269632 0.0163634
11 0.6373661 0.4538501 0.0269632 0.0163634
16 0.5699581 0.5127584 0.0269632 0.0163634
31 0.7072252 0.5127584 0.0269631 0.0163634
9 0.7758588 0.5127584 0.0269632 0.0163634
24 0.8444923 0.5127584 0.0269632 0.0163634
17 0.5013246 0.5716668 0.0269632 0.0163635
23 0.7072252 0.5716668 0.0269631 0.0163635
34 0.8444923 0.5711213 0.0637311 0.0589084
29 0.8444923 0.5716668 0.0269632 0.0163635
