6 0.6520358 0.7183440 0.0271136 0.0174829
24 0.5830193 0.7812826 0.0271136 0.0174829
32 0.5158514 0.5977118 0.4991374 0.4475629
33 0.5146189 0.4042341 0.4523048 0.0163174
22 0.3069531 0.4665898 0.0271136 0.0174829
2 0.5830193 0.4665898 0.0271136 0.0174829
10 0.3069531 0.5295284 0.0271136 0.0174830
18 0.4449862 0.5295284 0.0271136 0.0174830
3 0.7210522 0.5295284 0.0271136 0.0174830
30 0.6520358 0.5924669 0.0271136 0.0174829
16 0.7210522 0.5924669 0.0271136 0.0174829
29 0.3069531 0.6554055 0.0271136 0.0174829
34 0.4449862 0.6548227 0.0640868 0.0629386
4 0.4449862 0.6554055 0.0271136 0.0174829
31 0.3759697 0.7183440 0.0271136 0.0174829
