24 0.4718024 0.7319048 0.0281231 0.0171153
26 0.6149747 0.7935199 0.0281231 0.0171152
32 0.4021337 0.6138092 0.5177214 0.4381517
33 0.4008554 0.4243999 0.4691451 0.0159743
23 0.3286301 0.4854445 0.0281231 0.0171153
16 0.2570439 0.5470595 0.0281231 0.0171153
10 0.5433886 0.5470595 0.0281231 0.0171153
18 0.6149747 0.5470595 0.0281231 0.0171153
30 0.3989379 0.6086746 0.0281232 0.0171153
1 0.5433886 0.6086746 0.0281231 0.0171153
34 0.6149748 0.6081041 0.0664729 0.0616151
31 0.6149747 0.6086746 0.0281231 0.0171153
4 0.2570439 0.6702897 0.0281231 0.0171153
3 0.4718024 0.6702897 0.0281231 0.0171153
17 0.6149747 0.6702897 0.0281231 0.0171153
