7 0.3082887 0.5228242 0.0266041 0.0169885
15 0.3760081 0.5228242 0.0266040 0.0169885
32 0.4455414 0.3444450 0.4897565 0.4349057
33 0.4443321 0.1564389 0.4438040 0.0158559
34 0.3760081 0.2164649 0.0628823 0.0611586
27 0.3760081 0.2170312 0.0266040 0.0169885
5 0.5791663 0.2170312 0.0266040 0.0169885
21 0.6468858 0.2170312 0.0266041 0.0169885
30 0.3760081 0.2781898 0.0266040 0.0169885
24 0.5791663 0.2781898 0.0266040 0.0169885
11 0.3082887 0.3393484 0.0266041 0.0169885
16 0.5791663 0.4005070 0.0266040 0.0169885
13 0.6468858 0.4005070 0.0266041 0.0169885
4 0.2405692 0.4616656 0.0266041 0.0169885
8 0.4425182 0.4616656 0.0266040 0.0169885
