30 0.7454459 0.5409304 0.0265532 0.0160097
1 0.8130360 0.5409304 0.0265532 0.0160097
32 0.6120763 0.3728290 0.4888208 0.4098470
33 0.6108694 0.1956556 0.4429561 0.0149423
31 0.4074958 0.2527567 0.0265532 0.0160097
3 0.4750858 0.2527567 0.0265532 0.0160097
14 0.6778559 0.2527567 0.0265532 0.0160097
8 0.4750858 0.3103914 0.0265532 0.0160097
22 0.4074958 0.3680262 0.0265532 0.0160096
16 0.4750858 0.3680262 0.0265532 0.0160096
27 0.6090589 0.4256609 0.0265532 0.0160097
34 0.7448425 0.4251273 0.0615553 0.0576348
26 0.7454459 0.4256609 0.0265532 0.0160097
2 0.4074958 0.4832956 0.0265532 0.0160097
10 0.6778559 0.5409304 0.0265532 0.0160097
