14 0.5859480 0.5724151 0.0277875 0.0169092
29 0.7994069 0.5724151 0.0277875 0.0169092
32 0.5891057 0.3948679 0.5115435 0.4328769
33 0.5878426 0.2077388 0.4635468 0.0157820
34 0.3750153 0.2674849 0.0656797 0.0608733
26 0.3750153 0.2680485 0.0277876 0.0169092
3 0.7286749 0.2680485 0.0277876 0.0169092
9 0.5859480 0.3289218 0.0277875 0.0169092
1 0.7286749 0.3289218 0.0277876 0.0169092
20 0.7994069 0.3289218 0.0277875 0.0169092
12 0.5859480 0.3897952 0.0277875 0.0169092
22 0.3750153 0.4506684 0.0277876 0.0169092
13 0.6579430 0.4506684 0.0277876 0.0169092
11 0.7286749 0.4506684 0.0277876 0.0169092
2 0.3750153 0.5724151 0.0277876 0.0169092
