34 0.6614804 0.6134271 0.0658920 0.0570757
24 0.6621021 0.6139555 0.0273515 0.0158544
32 0.5943452 0.4474847 0.5035143 0.4058716
33 0.5931019 0.2720298 0.4562709 0.0147974
6 0.5228585 0.3285770 0.0273514 0.0158544
11 0.3836151 0.4427284 0.0273514 0.0158544
1 0.5228585 0.4427284 0.0273514 0.0158544
12 0.5912370 0.4427284 0.0273514 0.0158544
5 0.6621021 0.4427284 0.0273515 0.0158544
13 0.4532368 0.4998041 0.0273514 0.0158544
19 0.7317237 0.4998041 0.0273514 0.0158544
15 0.5228585 0.5568798 0.0273514 0.0158544
2 0.6621021 0.5568798 0.0273515 0.0158544
9 0.8013454 0.5568798 0.0273514 0.0158544
30 0.5912370 0.6139555 0.0273514 0.0158544
