20 0.4882260 0.6154201 0.0275719 0.0162193
21 0.5584090 0.6154201 0.0275719 0.0162193
32 0.4199229 0.4451169 0.5075736 0.4152153
33 0.4186696 0.2656228 0.4599494 0.0151380
4 0.2074939 0.3234718 0.0275719 0.0162193
22 0.4167897 0.3234718 0.0275719 0.0162193
7 0.2776770 0.3818615 0.0275719 0.0162193
18 0.4167897 0.3818615 0.0275719 0.0162193
5 0.4882260 0.3818615 0.0275719 0.0162193
29 0.6285920 0.3818615 0.0275718 0.0162193
19 0.4167897 0.4986407 0.0275719 0.0162193
6 0.5584090 0.4986407 0.0275719 0.0162193
11 0.6285920 0.4986407 0.0275718 0.0162193
34 0.2074939 0.5564898 0.0651699 0.0583897
31 0.2074939 0.5570304 0.0275719 0.0162193
