7 0.5736565 0.7222187 0.0263011 0.0164898
8 0.1719666 0.7815820 0.0263011 0.0164898
32 0.3746048 0.6084389 0.4841797 0.4221397
33 0.3734093 0.4259514 0.4387505 0.0153905
2 0.2389149 0.4847651 0.0263011 0.0164898
14 0.5067081 0.4847651 0.0263011 0.0164898
21 0.3058632 0.5441285 0.0263011 0.0164898
25 0.1719666 0.6034919 0.0263011 0.0164898
4 0.3716161 0.6034919 0.0263011 0.0164898
22 0.1719666 0.6628553 0.0263011 0.0164899
10 0.3058632 0.6628553 0.0263011 0.0164899
3 0.4397598 0.6628553 0.0263011 0.0164899
16 0.3716161 0.7222187 0.0263011 0.0164898
34 0.4391621 0.7216690 0.0633618 0.0593633
4 0.4397598 0.7222187 0.0263011 0.0164898
