4 0.1304775 0.6650247 0.0275657 0.0165163
18 0.5514816 0.6650247 0.0275657 0.0165163
32 0.3428590 0.4916033 0.5074603 0.4228180
33 0.3416061 0.3088226 0.4598468 0.0154152
24 0.3397266 0.3677308 0.0275658 0.0165163
34 0.4105204 0.3671802 0.0664084 0.0594588
8 0.4111469 0.3677308 0.0275657 0.0165163
25 0.4813142 0.3677308 0.0275657 0.0165163
31 0.5514816 0.3677308 0.0275657 0.0165163
8 0.5514816 0.4271896 0.0275657 0.0165163
13 0.4111469 0.4866484 0.0275657 0.0165163
26 0.4813142 0.4866484 0.0275657 0.0165163
27 0.5514816 0.4866484 0.0275657 0.0165163
11 0.3397266 0.5461071 0.0275658 0.0165163
22 0.2006448 0.6055660 0.0275657 0.0165163
