9 0.5073990 0.7811626 0.0285235 0.0164571
15 0.5787077 0.7811626 0.0285235 0.0164571
32 0.5819490 0.6083630 0.5250912 0.4213020
33 0.5806525 0.4262376 0.4758233 0.0153600
20 0.6526094 0.4849346 0.0285235 0.0164571
29 0.5787077 0.5441802 0.0285235 0.0164571
22 0.7252146 0.6034258 0.0285234 0.0164571
34 0.4341456 0.6621228 0.0661226 0.0592456
5 0.4347939 0.6626714 0.0285235 0.0164571
17 0.7252146 0.6626714 0.0285234 0.0164571
1 0.3621886 0.7219170 0.0285234 0.0164571
11 0.4347939 0.7219170 0.0285235 0.0164571
4 0.5073990 0.7219170 0.0285235 0.0164571
6 0.6526094 0.7219170 0.0285235 0.0164571
23 0.7252146 0.7219170 0.0285234 0.0164571
