34 0.6628592 0.7129430 0.0633280 0.0583420
6 0.6634800 0.7134832 0.0273180 0.0162061
32 0.5262693 0.5433191 0.5028988 0.4148764
33 0.5250276 0.3639715 0.4557132 0.0151257
2 0.3853335 0.4217733 0.0273179 0.0162061
20 0.5939434 0.4217733 0.0273180 0.0162061
21 0.4548701 0.4801153 0.0273180 0.0162061
12 0.5231650 0.4801153 0.0273180 0.0162061
24 0.5231650 0.5384573 0.0273180 0.0162061
6 0.3853335 0.5967993 0.0273179 0.0162061
26 0.3157969 0.6551413 0.0273180 0.0162061
3 0.4548701 0.6551413 0.0273180 0.0162061
5 0.5939434 0.6551413 0.0273180 0.0162061
14 0.6634800 0.6551413 0.0273180 0.0162061
31 0.5231650 0.7134832 0.0273180 0.0162061
