2 0.4478203 0.6838030 0.0287545 0.0164424
10 0.2282409 0.7429957 0.0287544 0.0164425
32 0.3765877 0.5703503 0.5293433 0.4209261
33 0.3752806 0.3883874 0.4796764 0.0153463
4 0.1550477 0.4470321 0.0287544 0.0164424
6 0.4478203 0.4470321 0.0287545 0.0164424
23 0.3014340 0.5062248 0.0287544 0.0164424
16 0.3733201 0.5062248 0.0287545 0.0164424
22 0.2282409 0.5654175 0.0287544 0.0164424
7 0.1550477 0.6246103 0.0287544 0.0164425
15 0.5210134 0.6246103 0.0287544 0.0164425
19 0.5942065 0.6246103 0.0287544 0.0164425
21 0.3014340 0.6838030 0.0287544 0.0164424
8 0.3733201 0.6838030 0.0287545 0.0164424
34 0.4471667 0.6832549 0.0692720 0.0591928
