23 0.6671619 0.6314539 0.0273528 0.0164900
16 0.7367871 0.6314539 0.0273528 0.0164900
32 0.5994016 0.4583086 0.5035397 0.4221446
33 0.5981583 0.2758191 0.4562940 0.0153907
9 0.5962933 0.3346334 0.0273528 0.0164900
26 0.3886609 0.3939975 0.0273528 0.0164900
22 0.5279114 0.3939975 0.0273528 0.0164900
12 0.8064124 0.3939975 0.0273528 0.0164900
34 0.4576645 0.5121760 0.0634087 0.0593641
6 0.4582861 0.5127257 0.0273528 0.0164901
6 0.5962933 0.5127257 0.0273528 0.0164901
19 0.7367871 0.5127257 0.0273528 0.0164901
4 0.5279114 0.5720897 0.0273528 0.0164900
11 0.5962933 0.5720897 0.0273528 0.0164900
14 0.7367871 0.5720897 0.0273528 0.0164900
