34 0.7188857 0.5541514 0.0625490 0.0627117
5 0.7188857 0.5547321 0.0264630 0.0174199
32 0.5186086 0.3718230 0.4871605 0.4459498
33 0.5174057 0.1790426 0.4414516 0.0162586
7 0.5841648 0.2411736 0.0264631 0.0174199
21 0.3820834 0.3038853 0.0264631 0.0174199
8 0.5156014 0.3038853 0.0264631 0.0174199
31 0.6515253 0.3038853 0.0264630 0.0174199
30 0.3147229 0.3665971 0.0264631 0.0174199
11 0.4494439 0.3665971 0.0264631 0.0174199
17 0.6515253 0.3665971 0.0264630 0.0174199
10 0.4494439 0.4293087 0.0264631 0.0174199
2 0.5841648 0.4293087 0.0264631 0.0174199
9 0.5156014 0.4920204 0.0264631 0.0174199
18 0.5156014 0.5547321 0.0264631 0.0174199
