4 0.3320659 0.6574948 0.0277240 0.0166271
15 0.4732061 0.6574948 0.0277240 0.0166271
32 0.2633860 0.4829110 0.5103731 0.4256521
33 0.2621259 0.2989051 0.4624862 0.0155186
18 0.3320659 0.3582082 0.0277240 0.0166270
16 0.0497855 0.4180655 0.0277240 0.0166271
22 0.3320659 0.4180655 0.0277240 0.0166271
9 0.3320659 0.4779229 0.0277240 0.0166270
17 0.0497855 0.5377802 0.0277240 0.0166270
25 0.1203556 0.5377802 0.0277240 0.0166270
2 0.1909257 0.5377802 0.0277240 0.0166270
14 0.3320659 0.5976375 0.0277240 0.0166271
11 0.1203556 0.6574948 0.0277240 0.0166271
34 0.2602356 0.6569406 0.0655294 0.0598574
28 0.2602356 0.6574948 0.0277240 0.0166271
