34 0.6958562 0.5733575 0.0674051 0.0619356
17 0.6964920 0.5739310 0.0279795 0.0172043
32 0.6271792 0.3932855 0.5150770 0.4404307
33 0.6259074 0.2028910 0.4667487 0.0160574
19 0.4828305 0.2642531 0.0279795 0.0172043
21 0.7677126 0.2642531 0.0279794 0.0172043
22 0.4116100 0.3261887 0.0279795 0.0172043
29 0.5540510 0.3261887 0.0279795 0.0172043
26 0.7677126 0.3261887 0.0279794 0.0172043
10 0.4116100 0.3881243 0.0279795 0.0172043
20 0.4828305 0.4500598 0.0279795 0.0172043
18 0.5540510 0.4500598 0.0279795 0.0172043
24 0.8389331 0.4500598 0.0279794 0.0172043
15 0.5540510 0.5119954 0.0279795 0.0172044
3 0.6239997 0.5739310 0.0279795 0.0172043
