22 0.7104989 0.6372341 0.0262437 0.0170603
14 0.7773010 0.6372341 0.0262437 0.0170603
32 0.5786840 0.4581013 0.4831226 0.4367427
33 0.5774911 0.2693011 0.4377925 0.0159229
8 0.7104989 0.3301494 0.0262437 0.0170602
24 0.7773010 0.3915663 0.0262437 0.0170603
9 0.6436967 0.4529833 0.0262437 0.0170603
17 0.5757018 0.5144002 0.0262437 0.0170603
1 0.3764882 0.5758172 0.0262437 0.0170602
13 0.5100925 0.5758172 0.0262437 0.0170602
16 0.7104989 0.5758172 0.0262437 0.0170602
34 0.3764882 0.6366654 0.0620306 0.0614169
17 0.3764882 0.6372341 0.0262437 0.0170603
2 0.5757018 0.6372341 0.0262437 0.0170603
12 0.6436967 0.6372341 0.0262437 0.0170603
