5 0.5143731 0.7261507 0.0262029 0.0159603
1 0.3809766 0.7836077 0.0262029 0.0159603
32 0.3160650 0.6160248 0.4823710 0.4085827
33 0.3148740 0.4393980 0.4371115 0.0148962
34 0.1141838 0.4957909 0.0619341 0.0574569
11 0.1141838 0.4963229 0.0262029 0.0159603
26 0.1808820 0.4963229 0.0262029 0.0159603
21 0.3130874 0.4963229 0.0262029 0.0159603
11 0.5143731 0.4963229 0.0262029 0.0159603
22 0.1808820 0.5537798 0.0262029 0.0159603
31 0.3809766 0.5537798 0.0262029 0.0159603
3 0.4476749 0.5537798 0.0262029 0.0159603
13 0.2475803 0.6112368 0.0262029 0.0159602
27 0.4476749 0.6112368 0.0262029 0.0159602
25 0.3130874 0.6686937 0.0262029 0.0159602
