20 0.4571128 0.7532752 0.0264960 0.0174261
5 0.1198908 0.8160090 0.0264960 0.0174261
32 0.3240305 0.6330355 0.4877675 0.4461068
33 0.3228262 0.4401873 0.4420017 0.0162643
31 0.1198908 0.5023402 0.0264960 0.0174260
11 0.1873352 0.5023402 0.0264960 0.0174260
25 0.2547796 0.5023402 0.0264960 0.0174260
24 0.3896684 0.5023402 0.0264960 0.0174260
13 0.4571128 0.5023402 0.0264960 0.0174260
8 0.2547796 0.5650740 0.0264960 0.0174261
7 0.3896684 0.5650740 0.0264960 0.0174261
21 0.5245572 0.6278077 0.0264960 0.0174261
27 0.3210196 0.6905415 0.0264960 0.0174261
34 0.5245572 0.6899606 0.0626270 0.0627337
11 0.5245572 0.6905415 0.0264960 0.0174261
