13 0.7275141 0.6879176 0.0266571 0.0161996
22 0.7275141 0.7462363 0.0266571 0.0161996
32 0.5257687 0.5761402 0.4907321 0.4147106
33 0.5245570 0.3968642 0.4446882 0.0151197
26 0.3203882 0.4546429 0.0266571 0.0161996
31 0.3882425 0.4546429 0.0266571 0.0161996
30 0.6596597 0.4546429 0.0266570 0.0161996
34 0.3876366 0.5124216 0.0617959 0.0583187
13 0.3882425 0.5129616 0.0266571 0.0161996
14 0.4560968 0.5129616 0.0266571 0.0161996
15 0.4560968 0.5712802 0.0266571 0.0161996
17 0.5918055 0.5712802 0.0266570 0.0161996
20 0.5227394 0.6295989 0.0266570 0.0161996
27 0.5918055 0.6295989 0.0266570 0.0161996
10 0.3203882 0.6879176 0.0266571 0.0161996
