12 0.6537680 0.5024245 0.0263515 0.0159473
16 0.7208446 0.5024245 0.0263515 0.0159473
32 0.5884882 0.3349777 0.4851070 0.4082511
33 0.5872904 0.1584942 0.4395908 0.0148841
10 0.3854620 0.2153729 0.0263515 0.0159473
19 0.3854620 0.3876038 0.0263515 0.0159473
34 0.5196150 0.3870722 0.0622853 0.0574103
24 0.5196150 0.3876038 0.0263515 0.0159473
2 0.6537680 0.3876038 0.0263515 0.0159473
23 0.7879211 0.3876038 0.0263515 0.0159473
1 0.3854620 0.4450141 0.0263515 0.0159473
21 0.5196150 0.4450141 0.0263515 0.0159473
17 0.7208446 0.4450141 0.0263515 0.0159473
24 0.7879211 0.4450141 0.0263515 0.0159473
4 0.3854620 0.5024245 0.0263515 0.0159473
