27 0.4099714 0.7227100 0.0282341 0.0164973
19 0.5524253 0.7227100 0.0282341 0.0164973
32 0.5556338 0.5494890 0.5197644 0.4223292
33 0.5543504 0.3669196 0.4709963 0.0153974
12 0.4818401 0.4257598 0.0282341 0.0164972
16 0.6974460 0.4257598 0.0282341 0.0164972
22 0.7693147 0.4257598 0.0282341 0.0164972
31 0.6255774 0.5445398 0.0282341 0.0164972
25 0.4099714 0.6039299 0.0282341 0.0164972
26 0.4818401 0.6039299 0.0282341 0.0164972
4 0.5524253 0.6039299 0.0282341 0.0164972
24 0.4099714 0.6633199 0.0282341 0.0164972
34 0.4818401 0.6627700 0.0667352 0.0593901
19 0.4818401 0.6633199 0.0282341 0.0164972
9 0.3381028 0.7227100 0.0282341 0.0164973
