15 0.3983759 0.7888694 0.0278767 0.0164761
22 0.6112524 0.7888694 0.0278767 0.0164761
32 0.4712354 0.6158701 0.5131846 0.4217887
33 0.4699683 0.4335343 0.4650339 0.0153777
30 0.2564581 0.4922992 0.0278767 0.0164761
20 0.4680676 0.4922992 0.0278767 0.0164761
18 0.5402936 0.4922992 0.0278767 0.0164761
10 0.3274170 0.5516132 0.0278767 0.0164761
27 0.3983759 0.5516132 0.0278767 0.0164761
34 0.5396600 0.5510640 0.0671575 0.0593140
19 0.5402936 0.5516132 0.0278767 0.0164761
17 0.3274170 0.6109273 0.0278767 0.0164761
16 0.6822113 0.6702414 0.0278767 0.0164761
29 0.5402936 0.7295554 0.0278767 0.0164762
23 0.6822113 0.7295554 0.0278767 0.0164762
