16 0.4455635 0.4269967 0.0272408 0.0162161
27 0.1682032 0.5437524 0.0272407 0.0162160
32 0.3087407 0.4318615 0.5014772 0.4151315
33 0.3075025 0.2524036 0.4544250 0.0151350
15 0.0988632 0.3102410 0.0272407 0.0162161
34 0.2375433 0.3097004 0.0643872 0.0583779
10 0.2375433 0.3102410 0.0272407 0.0162161
29 0.5149035 0.3102410 0.0272408 0.0162161
17 0.0988632 0.3686188 0.0272407 0.0162161
11 0.4455635 0.3686188 0.0272408 0.0162161
7 0.5149035 0.3686188 0.0272408 0.0162161
5 0.0988632 0.4269967 0.0272407 0.0162161
23 0.1682032 0.4269967 0.0272407 0.0162161
19 0.2375433 0.4269967 0.0272407 0.0162161
4 0.3056451 0.4269967 0.0272407 0.0162161
