34 0.5387830 0.7836013 0.0632723 0.0572120
3 0.5394033 0.7841310 0.0272939 0.0158922
32 0.4023132 0.6172625 0.5024567 0.4068414
33 0.4010726 0.4413883 0.4553127 0.0148328
7 0.1920258 0.4980707 0.0272939 0.0158922
2 0.2615013 0.4980707 0.0272939 0.0158922
17 0.6088788 0.4980707 0.0272940 0.0158922
20 0.4699278 0.5552827 0.0272939 0.0158922
16 0.5394033 0.5552827 0.0272939 0.0158922
25 0.2615013 0.6124948 0.0272939 0.0158923
13 0.4699278 0.6124948 0.0272939 0.0158923
11 0.6088788 0.6124948 0.0272940 0.0158923
10 0.3309768 0.7269189 0.0272939 0.0158922
6 0.4699278 0.7269189 0.0272939 0.0158922
22 0.3992116 0.7841310 0.0272939 0.0158922
