10 0.3525824 0.5730368 0.0262348 0.0163417
23 0.6197002 0.5730368 0.0262347 0.0163417
32 0.5547095 0.4014491 0.4829586 0.4183470
33 0.5535170 0.2206012 0.4376440 0.0152522
25 0.4861413 0.2788865 0.0262348 0.0163417
17 0.6197002 0.2788865 0.0262347 0.0163417
3 0.6864796 0.3377166 0.0262348 0.0163417
19 0.3525824 0.3965466 0.0262348 0.0163417
31 0.4861413 0.3965466 0.0262348 0.0163417
34 0.5517283 0.4548319 0.0620095 0.0588300
27 0.5517283 0.4553767 0.0262347 0.0163416
4 0.3525824 0.5142067 0.0262348 0.0163417
7 0.4193619 0.5142067 0.0262348 0.0163417
27 0.5517283 0.5142067 0.0262347 0.0163417
22 0.7532591 0.5142067 0.0262348 0.0163417
