27 0.4876311 0.6282119 0.0268898 0.0163785
22 0.6245247 0.6282119 0.0268898 0.0163785
32 0.4210176 0.4562379 0.4950171 0.4192892
33 0.4197954 0.2749827 0.4485711 0.0152866
4 0.2138438 0.3333993 0.0268898 0.0163785
20 0.5560779 0.3333993 0.0268898 0.0163785
2 0.2138438 0.3923619 0.0268898 0.0163785
15 0.3507375 0.3923619 0.0268898 0.0163785
23 0.5560779 0.3923619 0.0268898 0.0163785
34 0.6245247 0.3918159 0.0635577 0.0589625
1 0.6245247 0.3923619 0.0268898 0.0163785
18 0.5560779 0.4513244 0.0268898 0.0163785
25 0.4876311 0.5102869 0.0268898 0.0163785
16 0.5560779 0.5692494 0.0268898 0.0163785
8 0.2138438 0.6282119 0.0268898 0.0163785
