17 0.1479378 0.6634127 0.0277098 0.0166379
20 0.2877462 0.6634127 0.0277098 0.0166379
32 0.2908951 0.4887141 0.5101120 0.4259316
33 0.2896355 0.3045875 0.4622497 0.0155287
11 0.1479378 0.4238262 0.0277098 0.0166379
12 0.2877462 0.4238262 0.0277098 0.0166379
31 0.1479378 0.4837228 0.0277098 0.0166380
13 0.4300738 0.4837228 0.0277098 0.0166380
26 0.2184718 0.5436194 0.0277098 0.0166380
22 0.1479378 0.6035160 0.0277098 0.0166380
34 0.2877462 0.6029614 0.0654958 0.0598966
15 0.2877462 0.6035160 0.0277098 0.0166380
2 0.4300738 0.6035160 0.0277098 0.0166380
16 0.5006078 0.6035160 0.0277098 0.0166380
15 0.0774038 0.6634127 0.0277098 0.0166379
