16 0.4174744 0.5225427 0.0268650 0.0163460
2 0.4858580 0.5225427 0.0268650 0.0163460
32 0.2825388 0.3509098 0.4945603 0.4184574
33 0.2813177 0.1700141 0.4481571 0.0152563
6 0.3490908 0.2283148 0.0268650 0.0163460
25 0.2794860 0.2871604 0.0268650 0.0163460
1 0.4174744 0.2871604 0.0268650 0.0163460
19 0.0755562 0.3460060 0.0268650 0.0163460
15 0.1439398 0.3460060 0.0268650 0.0163460
21 0.4174744 0.3460060 0.0268650 0.0163460
13 0.0755562 0.4048515 0.0268650 0.0163460
34 0.3484802 0.4043067 0.0647202 0.0588456
20 0.3490908 0.4048515 0.0268650 0.0163460
8 0.4174744 0.4636971 0.0268650 0.0163460
17 0.0755562 0.5225427 0.0268650 0.0163460
