34 0.6570047 0.6696257 0.0661303 0.0601551
16 0.6576286 0.6701826 0.0274503 0.0167097
32 0.5896266 0.4947303 0.5053358 0.4277695
33 0.5883789 0.3098091 0.4579216 0.0155958
23 0.4480079 0.3694072 0.0274503 0.0167098
21 0.5865073 0.3694072 0.0274503 0.0167098
8 0.7275022 0.3694072 0.0274504 0.0167098
17 0.6576286 0.4295623 0.0274503 0.0167097
3 0.7275022 0.4295623 0.0274504 0.0167097
19 0.4480079 0.4897174 0.0274503 0.0167097
13 0.4480079 0.5498724 0.0274503 0.0167098
25 0.7275022 0.5498724 0.0274504 0.0167098
11 0.3781342 0.6100275 0.0274504 0.0167097
29 0.7973758 0.6100275 0.0274503 0.0167097
18 0.5178814 0.6701826 0.0274503 0.0167097
