19 0.3229385 0.8055018 0.0286905 0.0173473
27 0.5407254 0.8055018 0.0286905 0.0173473
32 0.5439857 0.6233548 0.5281659 0.4440919
33 0.5426816 0.4313775 0.4786096 0.0161909
31 0.6880902 0.4932497 0.0286905 0.0173473
18 0.3229385 0.6181505 0.0286905 0.0173473
1 0.6880902 0.6181505 0.0286905 0.0173473
17 0.3229385 0.6806010 0.0286905 0.0173473
21 0.3959689 0.6806010 0.0286905 0.0173473
12 0.4689992 0.6806010 0.0286905 0.0173473
8 0.6150599 0.6806010 0.0286905 0.0173473
34 0.6874382 0.6800227 0.0665097 0.0624504
4 0.6880902 0.6806010 0.0286905 0.0173473
22 0.4689992 0.7430514 0.0286905 0.0173473
11 0.7611206 0.7430514 0.0286905 0.0173473
