8 0.8529144 0.4647655 0.0267366 0.0174409
15 0.8529144 0.5275527 0.0267366 0.0174409
32 0.6505663 0.3444233 0.4921982 0.4464867
33 0.6493509 0.1514108 0.4460166 0.0162782
22 0.4445721 0.2136167 0.0267367 0.0174409
6 0.5126292 0.2136167 0.0267367 0.0174409
25 0.5126292 0.2764038 0.0267367 0.0174409
9 0.5806862 0.2764038 0.0267367 0.0174409
34 0.7842496 0.2758225 0.0619804 0.0627872
30 0.7848573 0.2764038 0.0267368 0.0174409
18 0.4445721 0.3391910 0.0267367 0.0174409
2 0.5806862 0.3391910 0.0267367 0.0174409
5 0.6475279 0.3391910 0.0267367 0.0174409
23 0.8529144 0.4019783 0.0267366 0.0174409
7 0.5126292 0.4647655 0.0267367 0.0174409
