31 0.4160642 0.5146140 0.0269601 0.0167714
27 0.6231671 0.5146140 0.0269601 0.0167714
32 0.4191278 0.3385142 0.4963117 0.4293481
33 0.4179024 0.1529106 0.4497442 0.0156533
29 0.2114122 0.3334828 0.0269601 0.0167714
2 0.4160642 0.3334828 0.0269601 0.0167714
13 0.4859155 0.3334828 0.0269602 0.0167714
15 0.2114122 0.3938599 0.0269601 0.0167714
8 0.2800380 0.3938599 0.0269601 0.0167714
34 0.4160642 0.3933008 0.0637240 0.0603771
4 0.4160642 0.3938599 0.0269601 0.0167714
18 0.4859155 0.3938599 0.0269602 0.0167714
9 0.2800380 0.4542369 0.0269601 0.0167714
6 0.4859155 0.4542369 0.0269602 0.0167714
4 0.3486639 0.5146140 0.0269601 0.0167714
