19 0.3174637 0.7437362 0.0280851 0.0169927
6 0.4604421 0.7437362 0.0280851 0.0169927
32 0.2538247 0.5653134 0.5051495 0.4350117
33 0.2466128 0.3772615 0.4685098 0.0158598
1 0.2446979 0.4378686 0.0280850 0.0169927
30 0.4604421 0.4378686 0.0280851 0.0169927
24 0.0315068 0.4990421 0.0280851 0.0169927
17 0.2446979 0.4990421 0.0280850 0.0169927
12 0.3174637 0.4990421 0.0280851 0.0169927
13 0.1029960 0.5602156 0.0280851 0.0169927
29 0.4604421 0.6213891 0.0280851 0.0169926
34 0.2446979 0.6819962 0.0663828 0.0611735
23 0.2446979 0.6825626 0.0280850 0.0169926
22 0.3174637 0.6825626 0.0280851 0.0169926
4 0.1029960 0.7437362 0.0280851 0.0169927
