34 0.7153442 0.5359487 0.0637304 0.0611183
1 0.7159455 0.5365146 0.0264542 0.0169773
32 0.6504114 0.3582529 0.4869967 0.4346191
33 0.6492089 0.1703707 0.4413032 0.0158455
27 0.4465942 0.2309230 0.0264542 0.0169773
3 0.5139320 0.2309230 0.0264541 0.0169773
9 0.5812699 0.2309230 0.0264541 0.0169773
23 0.7832833 0.2309230 0.0264542 0.0169773
31 0.5812699 0.2920414 0.0264541 0.0169773
4 0.8506212 0.3531597 0.0264541 0.0169773
6 0.5812699 0.4142780 0.0264541 0.0169773
10 0.6474052 0.4142780 0.0264542 0.0169773
19 0.7159455 0.4142780 0.0264542 0.0169773
18 0.8506212 0.4753963 0.0264541 0.0169773
22 0.5139320 0.5365146 0.0264541 0.0169773
