24 0.1856096 0.6419092 0.0277035 0.0161154
22 0.1856096 0.6999245 0.0277035 0.0161154
32 0.3285342 0.5307134 0.5099957 0.4125526
33 0.3272750 0.3523704 0.4621442 0.0150410
1 0.2561275 0.4098484 0.0277035 0.0161153
34 0.3253861 0.4093112 0.0654809 0.0580152
27 0.3253861 0.4098484 0.0277035 0.0161153
20 0.4676812 0.4098484 0.0277035 0.0161153
6 0.2561275 0.4678636 0.0277035 0.0161153
30 0.3971633 0.4678636 0.0277035 0.0161153
8 0.4676812 0.4678636 0.0277035 0.0161153
13 0.1150916 0.5258788 0.0277035 0.0161154
3 0.1150916 0.5838940 0.0277035 0.0161154
29 0.1856096 0.5838940 0.0277035 0.0161154
23 0.1150916 0.6419092 0.0277035 0.0161154
