13 0.3846591 0.7569689 0.0281951 0.0173553
24 0.4564285 0.7569689 0.0281951 0.0173553
32 0.3148121 0.5747380 0.5190464 0.4442963
33 0.3135305 0.3826724 0.4703458 0.0161983
4 0.4564285 0.5070522 0.0281951 0.0173553
14 0.0975816 0.5695314 0.0281951 0.0173553
34 0.1687102 0.5689529 0.0653614 0.0624792
21 0.1693510 0.5695314 0.0281951 0.0173553
5 0.2411204 0.5695314 0.0281951 0.0173553
7 0.3846591 0.5695314 0.0281951 0.0173553
31 0.4564285 0.5695314 0.0281951 0.0173553
26 0.2411204 0.6320106 0.0281951 0.0173553
3 0.4564285 0.6320106 0.0281951 0.0173553
21 0.2411204 0.6944897 0.0281951 0.0173553
29 0.3116082 0.7569689 0.0281951 0.0173553
