23 0.2932691 0.6428183 0.0287831 0.0173151
12 0.4411095 0.6428183 0.0287831 0.0173151
32 0.2965399 0.4610101 0.5298705 0.4432658
33 0.2952316 0.2693901 0.4801543 0.0161608
4 0.1480453 0.3311471 0.0287831 0.0173151
3 0.2213114 0.3311471 0.0287831 0.0173151
34 0.3671893 0.3929042 0.0693411 0.0623342
19 0.3678435 0.3934814 0.0287831 0.0173151
9 0.4411095 0.3934814 0.0287831 0.0173151
26 0.0747793 0.4558157 0.0287831 0.0173151
6 0.1480453 0.4558157 0.0287831 0.0173151
1 0.2932691 0.4558157 0.0287831 0.0173151
25 0.5143755 0.5181499 0.0287831 0.0173151
16 0.4411095 0.5804841 0.0287831 0.0173151
5 0.5143755 0.5804841 0.0287831 0.0173151
