3 0.4312442 0.6260444 0.0264609 0.0169561
1 0.5659541 0.6870864 0.0264609 0.0169561
32 0.3656934 0.5090472 0.4871208 0.4340765
33 0.3644906 0.3213995 0.4414156 0.0158257
22 0.3626865 0.3818763 0.0264609 0.0169561
34 0.5659541 0.3813111 0.0625439 0.0610420
2 0.5659541 0.3818763 0.0264609 0.0169561
4 0.2291793 0.4429184 0.0264609 0.0169561
10 0.3626865 0.4429184 0.0264609 0.0169561
7 0.5659541 0.4429184 0.0264609 0.0169561
23 0.1618243 0.5650024 0.0264609 0.0169561
18 0.3626865 0.5650024 0.0264609 0.0169561
24 0.4312442 0.5650024 0.0264609 0.0169561
25 0.4985992 0.5650024 0.0264609 0.0169561
21 0.2291793 0.6260444 0.0264609 0.0169561
