13 0.4279193 0.6701293 0.0284191 0.0166716
25 0.5002589 0.7301470 0.0284191 0.0166715
32 0.3575174 0.5550953 0.5231704 0.4267928
33 0.3562256 0.3705963 0.4740828 0.0155602
6 0.2109005 0.4300583 0.0284192 0.0166716
29 0.2109005 0.4900761 0.0284192 0.0166716
19 0.2832401 0.4900761 0.0284192 0.0166716
21 0.1385609 0.5500938 0.0284191 0.0166715
34 0.4996130 0.5495381 0.0658807 0.0600177
30 0.5002589 0.5500938 0.0284191 0.0166715
14 0.1385609 0.6101115 0.0284191 0.0166716
30 0.2109005 0.6101115 0.0284192 0.0166716
7 0.2832401 0.6101115 0.0284192 0.0166716
12 0.4279193 0.6101115 0.0284191 0.0166716
27 0.3542879 0.6701293 0.0284191 0.0166716
