8 0.5181905 0.6424658 0.0279506 0.0160843
14 0.5893373 0.7003692 0.0279506 0.0160843
32 0.3778024 0.5314842 0.5145443 0.4117577
33 0.3765320 0.3534848 0.4662661 0.0150120
23 0.2336030 0.4108521 0.0279506 0.0160843
22 0.4470436 0.4108521 0.0279506 0.0160843
4 0.1624561 0.4687555 0.0279506 0.0160843
26 0.2336030 0.4687555 0.0279506 0.0160843
30 0.2336030 0.5266589 0.0279506 0.0160843
15 0.5893373 0.5266589 0.0279506 0.0160843
6 0.2336030 0.5845623 0.0279506 0.0160843
34 0.5893373 0.5840262 0.0660650 0.0579034
12 0.5893373 0.5845623 0.0279506 0.0160843
16 0.3047499 0.6424658 0.0279506 0.0160843
24 0.4470436 0.6424658 0.0279506 0.0160843
