2 0.0755677 0.5231090 0.0272503 0.0167614
18 0.3530249 0.5231090 0.0272503 0.0167614
32 0.2855186 0.3471144 0.5016525 0.4290918
33 0.2842799 0.1616216 0.4545839 0.0156440
19 0.1449320 0.2214039 0.0272503 0.0167614
12 0.2142963 0.2214039 0.0272503 0.0167614
11 0.4223892 0.2817449 0.0272503 0.0167614
16 0.1449320 0.3420859 0.0272503 0.0167614
7 0.2142963 0.3420859 0.0272503 0.0167614
10 0.4917535 0.3420859 0.0272503 0.0167614
9 0.4917535 0.4024270 0.0272503 0.0167614
34 0.2142963 0.4622093 0.0644097 0.0603411
25 0.2142963 0.4627680 0.0272503 0.0167613
23 0.3530249 0.4627680 0.0272503 0.0167613
20 0.4223892 0.4627680 0.0272503 0.0167613
