22 0.2440774 0.7180039 0.0283690 0.0167232
23 0.4607137 0.7180039 0.0283690 0.0167232
32 0.3182238 0.5424109 0.5222480 0.4281125
33 0.3169343 0.3573414 0.4732470 0.0156082
25 0.4607137 0.4169873 0.0283690 0.0167231
14 0.5329257 0.4169873 0.0283690 0.0167231
8 0.0996533 0.4771907 0.0283690 0.0167232
29 0.2440774 0.4771907 0.0283690 0.0167232
15 0.4607137 0.4771907 0.0283690 0.0167232
27 0.0996533 0.5373940 0.0283690 0.0167232
6 0.0996533 0.5975972 0.0283690 0.0167232
34 0.2440774 0.6572432 0.0670541 0.0602033
25 0.2440774 0.6578006 0.0283690 0.0167232
26 0.3150000 0.6578006 0.0283690 0.0167232
9 0.4607137 0.6578006 0.0283690 0.0167232
