4 0.4897243 0.6824987 0.0276668 0.0160075
13 0.7714230 0.6824987 0.0276668 0.0160075
32 0.5620353 0.5144202 0.5093214 0.4097912
33 0.5607777 0.3372709 0.4615332 0.0149403
12 0.4192996 0.3943642 0.0276669 0.0160075
6 0.4192996 0.4519911 0.0276669 0.0160075
7 0.6305736 0.4519911 0.0276669 0.0160075
15 0.7009983 0.4519911 0.0276668 0.0160075
19 0.4192996 0.5096180 0.0276669 0.0160074
34 0.4897243 0.5090844 0.0653943 0.0576269
29 0.4897243 0.5096180 0.0276668 0.0160074
20 0.5588913 0.5096180 0.0276669 0.0160074
3 0.3488749 0.5672449 0.0276668 0.0160075
24 0.7009983 0.5672449 0.0276668 0.0160075
17 0.7714230 0.6248718 0.0276668 0.0160075
