20 0.4474983 0.7749527 0.0266724 0.0162957
4 0.6523908 0.7749527 0.0266724 0.0162957
32 0.4505293 0.6038479 0.4910146 0.4171696
33 0.4493169 0.4235090 0.4449441 0.0152093
17 0.2450306 0.4816303 0.0266724 0.0162957
13 0.3808173 0.4816303 0.0266724 0.0162957
26 0.3129240 0.5402948 0.0266724 0.0162957
34 0.4474983 0.5397516 0.0630438 0.0586644
19 0.4474983 0.5402948 0.0266724 0.0162957
14 0.5844975 0.5402948 0.0266724 0.0162957
19 0.3808173 0.6576238 0.0266724 0.0162957
8 0.4474983 0.6576238 0.0266724 0.0162957
21 0.5844975 0.6576238 0.0266724 0.0162957
18 0.5166041 0.7162882 0.0266724 0.0162957
16 0.5844975 0.7162882 0.0266724 0.0162957
