21 0.3395209 0.6756151 0.0268550 0.0159997
6 0.4078791 0.6756151 0.0268550 0.0159997
32 0.2729938 0.5076190 0.4943760 0.4095906
33 0.2717731 0.3305564 0.4479901 0.0149330
27 0.4762373 0.3876217 0.0268550 0.0159997
22 0.1344464 0.4452204 0.0268550 0.0159996
34 0.1338361 0.5022857 0.0622547 0.0575987
18 0.1344464 0.5028191 0.0268550 0.0159996
2 0.2028046 0.5028191 0.0268550 0.0159996
30 0.2028046 0.5604178 0.0268550 0.0159996
19 0.2699421 0.5604178 0.0268550 0.0159996
3 0.4078791 0.5604178 0.0268550 0.0159996
17 0.4762373 0.5604178 0.0268550 0.0159996
11 0.3395209 0.6180164 0.0268550 0.0159996
13 0.2028046 0.6756151 0.0268550 0.0159997
