21 0.3587980 0.6827934 0.0287855 0.0159306
22 0.5053426 0.6827934 0.0287856 0.0159306
32 0.4340329 0.5155228 0.5299155 0.4078219
33 0.4327245 0.3392248 0.4801951 0.0148685
24 0.2855257 0.3960437 0.0287856 0.0159305
4 0.4307619 0.3960437 0.0287855 0.0159305
34 0.2122535 0.4528626 0.0680385 0.0573500
9 0.2122535 0.4533937 0.0287855 0.0159305
16 0.5786148 0.5107436 0.0287855 0.0159306
7 0.6518871 0.5107436 0.0287856 0.0159306
12 0.5053426 0.5680936 0.0287856 0.0159305
29 0.5053426 0.6254435 0.0287856 0.0159305
10 0.5786148 0.6254435 0.0287855 0.0159305
30 0.6518871 0.6254435 0.0287856 0.0159305
19 0.2122535 0.6827934 0.0287855 0.0159306
