19 0.4151077 0.6344533 0.0264117 0.0164309
19 0.5495671 0.6344533 0.0264117 0.0164309
32 0.3496788 0.4619295 0.4862148 0.4206296
33 0.3484783 0.2800948 0.4405946 0.0153355
4 0.4823374 0.3978492 0.0264117 0.0164309
30 0.4823374 0.4570002 0.0264117 0.0164308
22 0.4151077 0.5161512 0.0264117 0.0164309
15 0.4823374 0.5161512 0.0264117 0.0164309
1 0.2134186 0.5753023 0.0264117 0.0164308
26 0.3466775 0.5753023 0.0264117 0.0164308
18 0.4151077 0.5753023 0.0264117 0.0164308
24 0.4823374 0.5753023 0.0264117 0.0164308
5 0.5495671 0.5753023 0.0264117 0.0164308
6 0.1461889 0.6344533 0.0264117 0.0164309
34 0.4145074 0.6339056 0.0636281 0.0591510
