20 0.3510252 0.5658029 0.0270003 0.0159911
8 0.6259371 0.6233710 0.0270003 0.0159911
32 0.5590501 0.4554641 0.4970505 0.4093733
33 0.5578228 0.2784954 0.4504137 0.0149251
2 0.4197532 0.3355305 0.0270003 0.0159911
31 0.4884811 0.3355305 0.0270003 0.0159911
1 0.5559818 0.3355305 0.0270003 0.0159911
6 0.7633930 0.3355305 0.0270003 0.0159911
7 0.5559818 0.4506667 0.0270003 0.0159911
34 0.6940514 0.4501337 0.0625916 0.0575681
22 0.6946651 0.4506667 0.0270003 0.0159911
27 0.4197532 0.5082348 0.0270003 0.0159911
17 0.4884811 0.5082348 0.0270003 0.0159911
25 0.6946651 0.5082348 0.0270003 0.0159911
