24 0.8232584 0.5832997 0.0271766 0.0159976
1 0.6144928 0.6408908 0.0271766 0.0159975
32 0.6175810 0.4729166 0.5002960 0.4095373
33 0.6163457 0.2958770 0.4533547 0.0149311
19 0.4773746 0.3529350 0.0271766 0.0159976
17 0.5465514 0.4105261 0.0271766 0.0159976
29 0.8232584 0.4105261 0.0271766 0.0159976
12 0.4081979 0.4681173 0.0271766 0.0159976
34 0.4767570 0.4675841 0.0630002 0.0575911
21 0.4773746 0.4681173 0.0271766 0.0159976
3 0.5465514 0.4681173 0.0271766 0.0159976
18 0.7540816 0.4681173 0.0271765 0.0159976
30 0.4773746 0.5257085 0.0271766 0.0159975
6 0.6144928 0.5832997 0.0271766 0.0159976
