2 0.5499209 0.6533039 0.0276274 0.0158577
8 0.6905695 0.6533039 0.0276274 0.0158577
32 0.6221289 0.4867979 0.5085955 0.4059575
33 0.6208730 0.3113059 0.4608754 0.0148006
19 0.6905695 0.3678651 0.0276274 0.0158577
16 0.4795966 0.4820406 0.0276274 0.0158577
23 0.8312181 0.4820406 0.0276274 0.0158577
20 0.4092722 0.5391284 0.0276274 0.0158577
10 0.4795966 0.5391284 0.0276274 0.0158577
13 0.6189894 0.5391284 0.0276274 0.0158577
17 0.7608938 0.5391284 0.0276274 0.0158577
18 0.7608938 0.5962162 0.0276274 0.0158577
12 0.4092722 0.6533039 0.0276274 0.0158577
34 0.5499208 0.6527753 0.0653011 0.0570877
