15 0.4460313 0.7723024 0.0270355 0.0170135
1 0.7213017 0.7723024 0.0270354 0.0170135
32 0.5855099 0.5936617 0.4976987 0.4355433
33 0.5842810 0.4053800 0.4510010 0.0158792
24 0.4460313 0.4660612 0.0270355 0.0170134
34 0.5148490 0.4654940 0.0639021 0.0612483
16 0.5148490 0.4660612 0.0270354 0.0170134
21 0.5148490 0.5273094 0.0270354 0.0170134
6 0.5824377 0.5273094 0.0270355 0.0170134
10 0.6524841 0.5273094 0.0270354 0.0170134
2 0.4460313 0.5885577 0.0270355 0.0170133
13 0.6524841 0.5885577 0.0270354 0.0170133
17 0.7901193 0.5885577 0.0270354 0.0170133
5 0.5824377 0.6498060 0.0270355 0.0170135
