31 0.5785702 0.7099196 0.0272794 0.0161919
5 0.7868861 0.7099196 0.0272795 0.0161919
32 0.6498688 0.5399050 0.5021899 0.4145119
33 0.6486288 0.3607149 0.4550709 0.0151124
9 0.7174474 0.4184659 0.0272795 0.0161919
22 0.5785702 0.4767567 0.0272794 0.0161919
4 0.5091316 0.5350474 0.0272795 0.0161919
25 0.6467688 0.5350474 0.0272794 0.0161919
24 0.7174474 0.5350474 0.0272795 0.0161919
10 0.7868861 0.5350474 0.0272795 0.0161919
34 0.6467688 0.5927984 0.0644787 0.0582907
29 0.6467688 0.5933381 0.0272794 0.0161919
15 0.7868861 0.5933381 0.0272795 0.0161919
23 0.5091316 0.7099196 0.0272795 0.0161919
