8 0.7139116 0.7118431 0.0275498 0.0171779
20 0.8541653 0.7118431 0.0275499 0.0171779
32 0.6456633 0.5314747 0.5071671 0.4397555
33 0.6444110 0.3413720 0.4595811 0.0160327
7 0.6425326 0.4026400 0.0275499 0.0171779
11 0.7840384 0.4026400 0.0275498 0.0171779
19 0.4334044 0.4644806 0.0275498 0.0171779
34 0.7132855 0.4639080 0.0663700 0.0618406
19 0.7139116 0.4644806 0.0275498 0.0171779
5 0.5736580 0.5263212 0.0275498 0.0171779
18 0.4334044 0.6500024 0.0275498 0.0171779
31 0.5035312 0.6500024 0.0275498 0.0171779
3 0.5035312 0.7118431 0.0275498 0.0171779
2 0.6425326 0.7118431 0.0275499 0.0171779
