15 0.4638316 0.7663822 0.0267428 0.0164969
23 0.5999768 0.7663822 0.0267428 0.0164969
32 0.3975823 0.5931657 0.4923109 0.4223183
33 0.3963667 0.4106011 0.4461188 0.0153970
34 0.3276863 0.4688898 0.0632103 0.0593885
28 0.3276863 0.4694396 0.0267428 0.0164968
31 0.5319042 0.4694396 0.0267428 0.0164968
14 0.5999768 0.4694396 0.0267428 0.0164968
7 0.3276863 0.5288282 0.0267428 0.0164968
9 0.3945434 0.5288282 0.0267428 0.0164968
3 0.2596137 0.5882167 0.0267428 0.0164969
13 0.2596137 0.6476052 0.0267428 0.0164967
5 0.2596137 0.7069937 0.0267428 0.0164969
26 0.4638316 0.7069937 0.0267428 0.0164969
