30 0.4026209 0.6182997 0.0284185 0.0168127
1 0.6919724 0.6182997 0.0284184 0.0168127
32 0.4768964 0.5022923 0.5231579 0.4304045
33 0.4756046 0.3162320 0.4740715 0.0156918
34 0.4026209 0.3756368 0.0671709 0.0605256
5 0.4026209 0.3761972 0.0284185 0.0168127
2 0.5472967 0.3761972 0.0284184 0.0168127
3 0.2579451 0.4367229 0.0284185 0.0168127
13 0.4026209 0.4367229 0.0284185 0.0168127
18 0.5472967 0.4367229 0.0284184 0.0168127
20 0.6919724 0.4972485 0.0284184 0.0168126
29 0.4026209 0.5577741 0.0284185 0.0168127
31 0.5472967 0.5577741 0.0284184 0.0168127
8 0.2579451 0.6182997 0.0284185 0.0168127
