16 0.3844428 0.6935045 0.0274208 0.0160706
2 0.5240397 0.6935045 0.0274208 0.0160706
32 0.3165139 0.5247635 0.5047924 0.4114066
33 0.3152675 0.3469159 0.4574292 0.0149992
23 0.1750474 0.4042342 0.0274208 0.0160706
11 0.4542413 0.4042342 0.0274208 0.0160706
10 0.1052490 0.4620883 0.0274208 0.0160706
34 0.2448459 0.4615526 0.0648129 0.0578540
11 0.2448459 0.4620883 0.0274208 0.0160706
20 0.3133979 0.4620883 0.0274208 0.0160706
27 0.1052490 0.5199424 0.0274208 0.0160706
1 0.3133979 0.5199424 0.0274208 0.0160706
17 0.4542413 0.5199424 0.0274208 0.0160706
31 0.5240397 0.5199424 0.0274208 0.0160706
