12 0.4270882 0.5594947 0.0277587 0.0164518
4 0.4977467 0.5594947 0.0277587 0.0164518
32 0.3583223 0.3867508 0.5110123 0.4211659
33 0.3570605 0.2046843 0.4630655 0.0153550
8 0.1444542 0.2633624 0.0277587 0.0164518
9 0.2857712 0.2633624 0.0277587 0.0164518
27 0.4270882 0.2633624 0.0277587 0.0164518
17 0.2151127 0.3225888 0.0277587 0.0164518
13 0.3551679 0.3818153 0.0277587 0.0164518
21 0.1444542 0.4410418 0.0277587 0.0164518
34 0.2144818 0.4997198 0.0643497 0.0592265
12 0.2151127 0.5002682 0.0277587 0.0164518
15 0.1444542 0.5594947 0.0277587 0.0164518
16 0.2857712 0.5594947 0.0277587 0.0164518
