3 0.8600274 0.5286681 0.0272865 0.0172229
26 0.8600274 0.5906706 0.0272865 0.0172229
32 0.6535185 0.4098300 0.5023191 0.4409066
33 0.6522781 0.2192297 0.4551879 0.0160747
1 0.4432887 0.2806581 0.0272865 0.0172229
22 0.8600274 0.2806581 0.0272865 0.0172229
34 0.7204944 0.3420865 0.0657355 0.0620025
24 0.7211145 0.3426606 0.0272865 0.0172229
9 0.8600274 0.3426606 0.0272865 0.0172229
5 0.7211145 0.4046631 0.0272865 0.0172229
14 0.8600274 0.4666656 0.0272865 0.0172229
21 0.4432887 0.5286681 0.0272865 0.0172229
11 0.5822016 0.5286681 0.0272865 0.0172229
31 0.7211145 0.5286681 0.0272865 0.0172229
