14 0.4653841 0.4971817 0.0288368 0.0169597
2 0.6869033 0.4971817 0.0288368 0.0169597
32 0.4686610 0.3801597 0.5308598 0.4341686
33 0.4673502 0.1924722 0.4810507 0.0158291
1 0.3932920 0.3140168 0.0288368 0.0169597
4 0.2464864 0.3750718 0.0288368 0.0169597
6 0.3198892 0.3750718 0.0288368 0.0169597
11 0.3932920 0.3750718 0.0288368 0.0169597
34 0.5394423 0.3745064 0.0694705 0.0610550
22 0.5400977 0.3750718 0.0288368 0.0169597
17 0.6869033 0.3750718 0.0288368 0.0169597
31 0.2464864 0.4361267 0.0288368 0.0169597
21 0.4653841 0.4361267 0.0288368 0.0169597
20 0.3198892 0.4971817 0.0288368 0.0169597
