5 0.3428316 0.7517509 0.0264404 0.0171831
22 0.6120434 0.7517509 0.0264404 0.0171831
32 0.4119373 0.5713279 0.4867445 0.4398884
33 0.4107355 0.3811678 0.4410746 0.0160376
1 0.2082257 0.4424544 0.0264404 0.0171832
17 0.3428316 0.4424544 0.0264404 0.0171832
18 0.4774375 0.4424544 0.0264404 0.0171832
11 0.6120434 0.5043137 0.0264404 0.0171831
34 0.4089327 0.5656002 0.0624956 0.0618593
11 0.4089327 0.5661730 0.0264404 0.0171832
12 0.3428316 0.6280322 0.0264404 0.0171831
21 0.6120434 0.6280322 0.0264404 0.0171831
13 0.4774375 0.6898916 0.0264404 0.0171832
26 0.2082257 0.7517509 0.0264404 0.0171831
