23 0.7489568 0.4651547 0.0269861 0.0167725
22 0.8176488 0.4651547 0.0269861 0.0167725
32 0.6134127 0.4098053 0.4967902 0.4293775
33 0.6121861 0.2241890 0.4501779 0.0156544
18 0.5428808 0.2840111 0.0269862 0.0167725
15 0.6802647 0.2840111 0.0269862 0.0167725
7 0.6802647 0.3443923 0.0269862 0.0167726
16 0.5428808 0.4047735 0.0269862 0.0167725
6 0.6103461 0.4047735 0.0269861 0.0167725
29 0.6802647 0.4047735 0.0269862 0.0167725
10 0.4054968 0.4651547 0.0269862 0.0167725
17 0.5428808 0.4651547 0.0269862 0.0167725
34 0.6796515 0.4645956 0.0650120 0.0603812
18 0.6802647 0.4651547 0.0269862 0.0167725
