2 0.4785675 0.5356565 0.0269697 0.0159577
18 0.4785675 0.5931042 0.0269697 0.0159577
32 0.4117562 0.4255483 0.4964874 0.4085173
33 0.4105303 0.2489497 0.4499034 0.0148939
26 0.2039670 0.3633133 0.0269697 0.0159577
14 0.4785675 0.3633133 0.0269697 0.0159577
17 0.2726171 0.4207610 0.0269697 0.0159577
23 0.4086915 0.4207610 0.0269697 0.0159577
25 0.4785675 0.4207610 0.0269697 0.0159577
11 0.6158677 0.4207610 0.0269697 0.0159577
19 0.3412673 0.4782088 0.0269697 0.0159577
34 0.5466047 0.4776768 0.0625206 0.0574477
9 0.5472176 0.4782088 0.0269697 0.0159577
31 0.4086915 0.5356565 0.0269697 0.0159577
