15 0.4288073 0.5697053 0.0262094 0.0162934
31 0.6289516 0.5697053 0.0262094 0.0162934
32 0.4973090 0.4572810 0.4824907 0.4171106
33 0.4961177 0.2769676 0.4372198 0.0152072
16 0.2953778 0.3350806 0.0262094 0.0162934
7 0.4288073 0.3350806 0.0262094 0.0162934
30 0.2953778 0.3937368 0.0262094 0.0162934
11 0.4288073 0.3937368 0.0262094 0.0162934
21 0.4943307 0.3937368 0.0262093 0.0162934
8 0.5622368 0.3937368 0.0262094 0.0162934
14 0.6289516 0.3937368 0.0262094 0.0162934
24 0.2953778 0.5110492 0.0262094 0.0162933
34 0.3614969 0.5691622 0.0607581 0.0586562
22 0.3620925 0.5697053 0.0262094 0.0162934
