16 0.6610043 0.5959752 0.0276285 0.0167706
4 0.7313313 0.5959752 0.0276285 0.0167706
32 0.5222339 0.4802581 0.5086153 0.4293273
33 0.5209781 0.2946635 0.4608934 0.0156526
22 0.5190943 0.3544786 0.0276285 0.0167706
27 0.3796960 0.4148528 0.0276285 0.0167706
11 0.5906772 0.4148528 0.0276285 0.0167706
5 0.6610043 0.4148528 0.0276285 0.0167706
23 0.3093690 0.4752269 0.0276285 0.0167706
21 0.6610043 0.4752269 0.0276285 0.0167706
15 0.4500231 0.5356011 0.0276285 0.0167706
34 0.7313313 0.5350421 0.0653036 0.0603741
28 0.7313313 0.5356011 0.0276285 0.0167706
26 0.3796960 0.5959752 0.0276285 0.0167706
