10 0.6321517 0.7498086 0.0286712 0.0162573
24 0.7051327 0.7498086 0.0286711 0.0162573
32 0.5611255 0.5791058 0.5278095 0.4161897
33 0.5598222 0.3991904 0.4782865 0.0151736
11 0.5578674 0.4571752 0.0286711 0.0162574
23 0.3402274 0.5157019 0.0286711 0.0162574
22 0.5578674 0.5157019 0.0286711 0.0162574
2 0.7781138 0.5157019 0.0286711 0.0162574
19 0.4132085 0.5742286 0.0286712 0.0162575
5 0.7781138 0.6327553 0.0286711 0.0162573
34 0.3402274 0.7492667 0.0677681 0.0585266
17 0.3402274 0.7498086 0.0286711 0.0162573
25 0.4132085 0.7498086 0.0286712 0.0162573
9 0.4861896 0.7498086 0.0286712 0.0162573
