10 0.7015569 0.4975198 0.0283887 0.0167013
15 0.8460815 0.4975198 0.0283887 0.0167013
32 0.6312302 0.3822807 0.5226114 0.4275538
33 0.6299398 0.1974527 0.4735763 0.0155879
27 0.5570322 0.2570208 0.0283888 0.0167013
26 0.8460815 0.3171455 0.0283887 0.0167014
20 0.6280042 0.3772703 0.0283888 0.0167013
13 0.5570322 0.4373951 0.0283888 0.0167013
34 0.6280042 0.4368383 0.0671008 0.0601247
23 0.6280042 0.4373951 0.0283888 0.0167013
17 0.4125076 0.4975198 0.0283887 0.0167013
31 0.4847699 0.4975198 0.0283888 0.0167013
12 0.5570322 0.4975198 0.0283888 0.0167013
7 0.6280042 0.4975198 0.0283888 0.0167013
