14 0.3322020 0.5635154 0.0266812 0.0170466
17 0.7396964 0.5635154 0.0266812 0.0170466
32 0.5377684 0.3845260 0.4911762 0.4363929
33 0.5365556 0.1958770 0.4450906 0.0159101
20 0.5347364 0.2566766 0.0266812 0.0170466
8 0.6717806 0.2566766 0.0266812 0.0170466
23 0.7396964 0.2566766 0.0266812 0.0170466
26 0.7396964 0.3180443 0.0266812 0.0170466
19 0.4680334 0.3794121 0.0266812 0.0170466
29 0.4001177 0.4407798 0.0266812 0.0170466
25 0.6038649 0.4407798 0.0266812 0.0170466
4 0.7396964 0.4407798 0.0266812 0.0170466
34 0.6711742 0.5015794 0.0618518 0.0613678
23 0.6717806 0.5021476 0.0266812 0.0170466
