24 0.5399002 0.6023029 0.0273310 0.0160714
19 0.7498521 0.6023029 0.0273310 0.0160714
32 0.5430060 0.4335533 0.5031395 0.4114276
33 0.5417636 0.2556966 0.4559313 0.0150000
27 0.4020027 0.3130178 0.0273310 0.0160714
34 0.5399002 0.3124822 0.0646006 0.0578570
26 0.5399002 0.3130178 0.0273310 0.0160714
9 0.4715726 0.3708749 0.0273311 0.0160714
18 0.4715726 0.4287319 0.0273311 0.0160714
12 0.6802823 0.4287319 0.0273311 0.0160714
20 0.4020027 0.4865889 0.0273310 0.0160714
22 0.4715726 0.4865889 0.0273311 0.0160714
4 0.7498521 0.4865889 0.0273310 0.0160714
17 0.4715726 0.5444459 0.0273311 0.0160714
