25 0.4733466 0.4685977 0.0276362 0.0158855
23 0.5436932 0.5257854 0.0276362 0.0158855
32 0.4048842 0.3589880 0.5087574 0.4066682
33 0.4036280 0.1831887 0.4610221 0.0148265
22 0.5436932 0.2398469 0.0276362 0.0158855
13 0.6140400 0.2398469 0.0276362 0.0158855
3 0.3326532 0.2970346 0.0276362 0.0158855
34 0.4017437 0.2965051 0.0653219 0.0571877
30 0.4017437 0.2970346 0.0276362 0.0158855
18 0.6140400 0.2970346 0.0276362 0.0158855
1 0.1919598 0.3542223 0.0276362 0.0158855
27 0.4017437 0.4114100 0.0276362 0.0158855
31 0.6140400 0.4114100 0.0276362 0.0158855
8 0.1919598 0.4685977 0.0276362 0.0158855
