20 0.6244231 0.5704331 0.0261543 0.0171453
24 0.6921864 0.5704331 0.0261543 0.0171453
32 0.6273951 0.3904073 0.4814767 0.4389201
33 0.6262063 0.2006658 0.4363011 0.0160023
21 0.6244231 0.2618174 0.0261543 0.0171453
30 0.4924628 0.3235406 0.0261543 0.0171453
3 0.5590373 0.3235406 0.0261543 0.0171453
7 0.6921864 0.3235406 0.0261543 0.0171453
6 0.4258882 0.4469868 0.0261543 0.0171453
11 0.5590373 0.5087100 0.0261543 0.0171453
1 0.6244231 0.5087100 0.0261543 0.0171453
16 0.7587610 0.5087100 0.0261543 0.0171453
18 0.5590373 0.5704331 0.0261543 0.0171453
34 0.6244231 0.5698617 0.0618192 0.0617232
