15 0.6665298 0.6298071 0.0265601 0.0163216
14 0.5313152 0.6885650 0.0265600 0.0163217
32 0.4655189 0.5171877 0.4889457 0.4178340
33 0.4643116 0.3365616 0.4430693 0.0152335
24 0.3284933 0.4535333 0.0265600 0.0163216
27 0.3961007 0.4535333 0.0265600 0.0163216
4 0.5313152 0.4535333 0.0265600 0.0163216
8 0.3284933 0.5122912 0.0265600 0.0163217
16 0.3961007 0.5122912 0.0265600 0.0163217
12 0.4625007 0.5122912 0.0265600 0.0163217
31 0.2608860 0.5710491 0.0265600 0.0163216
19 0.4625007 0.5710491 0.0265600 0.0163216
26 0.5313152 0.5710491 0.0265600 0.0163216
34 0.6665298 0.6292630 0.0627782 0.0587579
