26 0.4096622 0.6559391 0.0267320 0.0173793
2 0.5457523 0.6559391 0.0267319 0.0173793
32 0.3434399 0.4734566 0.4921112 0.4449098
33 0.3422248 0.2811258 0.4459378 0.0162207
24 0.2735722 0.3431119 0.0267320 0.0173793
23 0.5457523 0.4056774 0.0267319 0.0173793
19 0.1374822 0.4682428 0.0267320 0.0173793
29 0.2735722 0.4682428 0.0267320 0.0173793
10 0.3404021 0.4682428 0.0267320 0.0173793
16 0.2055272 0.5308082 0.0267320 0.0173793
34 0.1374822 0.5927943 0.0631846 0.0625654
3 0.1374822 0.5933737 0.0267320 0.0173793
11 0.2735722 0.5933737 0.0267320 0.0173793
12 0.5457523 0.5933737 0.0267319 0.0173793
