25 0.3421415 0.6600774 0.0261745 0.0174813
12 0.6086457 0.6600774 0.0261745 0.0174813
32 0.4771782 0.4765240 0.4818493 0.4475204
33 0.4759885 0.2830647 0.4366388 0.0163159
11 0.4742038 0.4083471 0.0261745 0.0174813
15 0.2755154 0.4712797 0.0261745 0.0174812
34 0.3415466 0.4706970 0.0606773 0.0629325
17 0.3421415 0.4712797 0.0261745 0.0174812
5 0.6086457 0.4712797 0.0261745 0.0174812
6 0.2755154 0.5342122 0.0261745 0.0174813
23 0.3421415 0.5342122 0.0261745 0.0174813
22 0.4087675 0.5342122 0.0261745 0.0174813
26 0.2755154 0.5971448 0.0261745 0.0174813
7 0.3421415 0.5971448 0.0261745 0.0174813
