18 0.8335311 0.5493372 0.0268755 0.0164183
17 0.8335311 0.6084430 0.0268755 0.0164183
32 0.6301327 0.4360511 0.4947527 0.4203079
33 0.6289111 0.2543555 0.4483315 0.0153237
34 0.4908690 0.3123667 0.0623022 0.0591058
5 0.4914798 0.3129140 0.0268755 0.0164183
25 0.5598901 0.3129140 0.0268755 0.0164183
21 0.7651208 0.3129140 0.0268755 0.0164183
9 0.8335311 0.3129140 0.0268755 0.0164183
12 0.6270787 0.3720198 0.0268755 0.0164183
14 0.6967106 0.3720198 0.0268755 0.0164183
5 0.5598901 0.4311256 0.0268755 0.0164183
11 0.6967106 0.4902314 0.0268755 0.0164183
27 0.6270787 0.5493372 0.0268755 0.0164183
