22 0.5031139 0.6112253 0.0284912 0.0174897
21 0.3580676 0.7371512 0.0284912 0.0174898
32 0.2874870 0.5535093 0.5244978 0.4477364
33 0.2861919 0.3599566 0.4752857 0.0163238
13 0.2130212 0.4223365 0.0284912 0.0174897
30 0.2842493 0.4223365 0.0284912 0.0174897
24 0.4305907 0.4223365 0.0284912 0.0174897
34 0.5031139 0.4217535 0.0673429 0.0629629
18 0.5031139 0.4223365 0.0284912 0.0174897
27 0.0679749 0.4852995 0.0284912 0.0174897
9 0.2842493 0.5482624 0.0284912 0.0174897
6 0.3580676 0.5482624 0.0284912 0.0174897
18 0.0679749 0.6112253 0.0284912 0.0174897
31 0.2842493 0.6112253 0.0284912 0.0174897
