19 0.6542917 0.8184479 0.0266888 0.0174567
20 0.7222267 0.8184479 0.0266888 0.0174567
32 0.5202413 0.6351533 0.4913158 0.4468898
33 0.5190282 0.4419666 0.4452170 0.0162928
17 0.5172084 0.5042286 0.0266888 0.0174566
8 0.5863566 0.5042286 0.0266888 0.0174566
13 0.3146165 0.6299163 0.0266887 0.0174567
15 0.3825515 0.6299163 0.0266888 0.0174567
11 0.5172084 0.6299163 0.0266888 0.0174567
34 0.7222267 0.6293344 0.0630825 0.0628439
8 0.7222267 0.6299163 0.0266888 0.0174567
7 0.3146165 0.6927602 0.0266887 0.0174566
25 0.7222267 0.6927602 0.0266888 0.0174566
31 0.5172084 0.7556041 0.0266888 0.0174566
