15 0.5058315 0.5202377 0.0269944 0.0166076
12 0.3009200 0.5800251 0.0269943 0.0166076
32 0.5088990 0.4056454 0.4969410 0.4251542
33 0.5076720 0.2218548 0.4503145 0.0155004
22 0.4383457 0.2810885 0.0269943 0.0166076
26 0.5058315 0.2810885 0.0269944 0.0166076
23 0.7131970 0.2810885 0.0269943 0.0166076
4 0.5058315 0.3408758 0.0269944 0.0166076
27 0.5757713 0.3408758 0.0269944 0.0166076
9 0.6444842 0.3408758 0.0269943 0.0166076
6 0.3696328 0.4006631 0.0269943 0.0166076
21 0.4383457 0.4006631 0.0269943 0.0166076
34 0.3009200 0.4598969 0.0638048 0.0597873
21 0.3009200 0.4604504 0.0269943 0.0166076
