13 0.5598621 0.6314309 0.0278496 0.0173324
10 0.6294861 0.6314309 0.0278496 0.0173324
32 0.6326508 0.4494415 0.5126854 0.4437075
33 0.6313849 0.2576304 0.4645816 0.0161768
15 0.6294861 0.3194491 0.0278496 0.0173323
8 0.4889723 0.3818454 0.0278496 0.0173323
11 0.4889723 0.4442418 0.0278496 0.0173323
18 0.4889723 0.5066381 0.0278496 0.0173324
25 0.4180825 0.5690345 0.0278496 0.0173324
19 0.4889723 0.5690345 0.0278496 0.0173324
14 0.8434214 0.5690345 0.0278496 0.0173324
34 0.4180825 0.6308531 0.0658263 0.0623964
15 0.4180825 0.6314309 0.0278496 0.0173324
21 0.4889723 0.6314309 0.0278496 0.0173324
