34 0.6794408 0.6983762 0.0680048 0.0581736
3 0.6794408 0.6989148 0.0287713 0.0161593
32 0.4616946 0.5292420 0.5296529 0.4136785
33 0.4603868 0.3504122 0.4799571 0.0150821
16 0.3864970 0.4080471 0.0287712 0.0161593
12 0.4584251 0.4080471 0.0287712 0.0161593
6 0.6062048 0.4080471 0.0287712 0.0161593
8 0.3864970 0.5243942 0.0287712 0.0161593
31 0.4584251 0.5825677 0.0287712 0.0161593
5 0.3132610 0.6407412 0.0287712 0.0161593
21 0.4584251 0.6407412 0.0287712 0.0161593
18 0.6062048 0.6407412 0.0287712 0.0161593
26 0.2400251 0.6989148 0.0287713 0.0161593
20 0.5329689 0.6989148 0.0287713 0.0161593
