3 0.7423596 0.5552269 0.0273414 0.0160548
11 0.5335707 0.6130238 0.0273415 0.0160548
32 0.6050312 0.4444494 0.5033305 0.4110006
33 0.6037885 0.2667772 0.4561044 0.0149844
30 0.6019242 0.3240390 0.0273414 0.0160547
12 0.3943781 0.3818360 0.0273414 0.0160547
22 0.8119559 0.3818360 0.0273415 0.0160547
7 0.6019242 0.4396329 0.0273414 0.0160548
6 0.6727634 0.4396329 0.0273414 0.0160548
27 0.5335707 0.4974299 0.0273415 0.0160548
31 0.6727634 0.4974299 0.0273414 0.0160548
29 0.3943781 0.5552269 0.0273414 0.0160548
34 0.6019242 0.5546917 0.0646251 0.0577970
12 0.6019242 0.5552269 0.0273414 0.0160548
