26 0.5340305 0.6496467 0.0262120 0.0166293
18 0.6007520 0.6496467 0.0262121 0.0166293
32 0.4023745 0.4750389 0.4825401 0.4257104
33 0.4011830 0.2910079 0.4372647 0.0155207
7 0.2671441 0.3503191 0.0262121 0.0166293
34 0.3338657 0.3497647 0.0619558 0.0598655
28 0.3338657 0.3503191 0.0262120 0.0166293
21 0.2671441 0.4101846 0.0262121 0.0166293
29 0.6007520 0.4101846 0.0262121 0.0166293
4 0.3338657 0.4700501 0.0262120 0.0166294
12 0.5340305 0.4700501 0.0262120 0.0166294
27 0.6007520 0.4700501 0.0262121 0.0166294
15 0.2004225 0.5299156 0.0262121 0.0166294
19 0.3993958 0.6496467 0.0262120 0.0166293
