30 0.7333080 0.7354224 0.0287076 0.0162044
31 0.2948643 0.7937584 0.0287076 0.0162044
32 0.5160435 0.6236118 0.5284813 0.4148334
33 0.5147386 0.4442828 0.4788953 0.0151241
10 0.5871601 0.5020786 0.0287077 0.0162044
18 0.7333080 0.5020786 0.0287076 0.0162044
13 0.3679382 0.5604146 0.0287076 0.0162044
5 0.7333080 0.5604146 0.0287076 0.0162044
34 0.2948643 0.6182104 0.0678544 0.0583359
15 0.2948643 0.6187505 0.0287076 0.0162044
23 0.2948643 0.6770865 0.0287076 0.0162044
6 0.6602341 0.6770865 0.0287077 0.0162044
27 0.3679382 0.7354224 0.0287076 0.0162044
14 0.5871601 0.7354224 0.0287077 0.0162044
