9 0.7077127 0.7028497 0.0261261 0.0166443
31 0.7742155 0.7627690 0.0261261 0.0166442
32 0.5764882 0.5880043 0.4809583 0.4260929
33 0.5753007 0.4038079 0.4358314 0.0155346
4 0.3751983 0.4631724 0.0261261 0.0166443
6 0.7077127 0.4631724 0.0261261 0.0166443
19 0.3751983 0.5230917 0.0261261 0.0166443
15 0.6412098 0.5230917 0.0261261 0.0166443
20 0.3751983 0.5830111 0.0261261 0.0166442
24 0.6412098 0.5830111 0.0261261 0.0166442
34 0.5735194 0.6423756 0.0617527 0.0599193
21 0.5735194 0.6429304 0.0261261 0.0166443
17 0.7742155 0.6429304 0.0261261 0.0166443
14 0.4417011 0.7028497 0.0261261 0.0166443
