13 0.4716940 0.5112162 0.0267152 0.0159757
31 0.5396963 0.5112162 0.0267151 0.0159757
32 0.3375111 0.3434717 0.4918018 0.4089771
33 0.3362967 0.1666743 0.4456575 0.0149106
11 0.1996851 0.2236542 0.0267152 0.0159756
26 0.3344753 0.2236542 0.0267152 0.0159756
19 0.5396963 0.2236542 0.0267151 0.0159756
17 0.4716940 0.3386790 0.0267152 0.0159756
22 0.5396963 0.3386790 0.0267151 0.0159756
29 0.2676873 0.3961914 0.0267152 0.0159756
9 0.3344753 0.3961914 0.0267152 0.0159756
34 0.5396963 0.3956589 0.0631450 0.0575124
14 0.5396963 0.3961914 0.0267151 0.0159756
1 0.4036918 0.4537038 0.0267151 0.0159757
