21 0.5637249 0.5804021 0.0285303 0.0165793
30 0.7815927 0.5804021 0.0285303 0.0165793
32 0.6382928 0.4063192 0.5252172 0.4244305
33 0.6369958 0.2228414 0.4759375 0.0154740
20 0.4184796 0.2819743 0.0285303 0.0165793
19 0.5637249 0.2819743 0.0285303 0.0165793
14 0.5637249 0.3416599 0.0285303 0.0165794
34 0.8542153 0.4007927 0.0674353 0.0596855
19 0.8542154 0.4013454 0.0285303 0.0165793
3 0.5637249 0.4610310 0.0285303 0.0165793
25 0.6350507 0.4610310 0.0285303 0.0165793
8 0.7815927 0.4610310 0.0285303 0.0165793
31 0.4911022 0.5207165 0.0285303 0.0165793
26 0.4184796 0.5804021 0.0285303 0.0165793
