25 0.3067731 0.7883112 0.0267876 0.0164907
11 0.5125507 0.7883112 0.0267876 0.0164907
32 0.3098172 0.6151591 0.4931354 0.4221613
33 0.3085996 0.4326623 0.4468658 0.0153913
16 0.1034309 0.5508455 0.0267876 0.0164906
22 0.1034309 0.6102119 0.0267876 0.0164907
34 0.1034309 0.6690287 0.0633161 0.0593665
23 0.1034309 0.6695783 0.0267876 0.0164907
5 0.5125507 0.6695783 0.0267876 0.0164907
12 0.1034309 0.7289448 0.0267876 0.0164907
9 0.4443640 0.7289448 0.0267876 0.0164907
14 0.5125507 0.7289448 0.0267876 0.0164907
1 0.1034309 0.7883112 0.0267876 0.0164907
24 0.2398042 0.7883112 0.0267876 0.0164907
