9 0.5294891 0.5551886 0.0288158 0.0167813
23 0.2360921 0.6156010 0.0288158 0.0167813
32 0.3847554 0.4393982 0.5304723 0.4295992
33 0.3834455 0.2536860 0.4806996 0.0156625
4 0.5294891 0.3135390 0.0288158 0.0167812
16 0.6028384 0.3135390 0.0288158 0.0167812
13 0.2360921 0.3739514 0.0288158 0.0167812
22 0.3094414 0.3739514 0.0288158 0.0167812
17 0.3814809 0.3739514 0.0288158 0.0167812
34 0.4554850 0.4338044 0.0694199 0.0604124
4 0.4561399 0.4343638 0.0288158 0.0167813
5 0.5294891 0.4343638 0.0288158 0.0167813
12 0.6028384 0.4343638 0.0288158 0.0167813
19 0.3094414 0.4947762 0.0288158 0.0167813
