34 0.4287302 0.7196491 0.0667954 0.0619224
25 0.4287302 0.7202225 0.0282596 0.0172007
32 0.5025905 0.5396156 0.5202337 0.4403368
33 0.5013060 0.3492617 0.4714217 0.0160539
20 0.2848631 0.4106107 0.0282596 0.0172007
10 0.7164644 0.4106107 0.0282596 0.0172007
24 0.4993792 0.4725330 0.0282596 0.0172007
27 0.5725973 0.4725330 0.0282596 0.0172007
18 0.3567966 0.5344554 0.0282596 0.0172007
11 0.7164644 0.5344554 0.0282596 0.0172007
14 0.3567966 0.5963778 0.0282596 0.0172007
4 0.4993792 0.5963778 0.0282596 0.0172007
12 0.5725973 0.5963778 0.0282596 0.0172007
23 0.3567966 0.7202225 0.0282596 0.0172007
