34 0.7182391 0.5306575 0.0621034 0.0570755
9 0.7182391 0.5311859 0.0262746 0.0158544
32 0.5193886 0.3647155 0.4836904 0.4058707
33 0.5181943 0.1892610 0.4383071 0.0147974
22 0.5164028 0.2458081 0.0262746 0.0158543
8 0.6513584 0.2458081 0.0262746 0.0158543
18 0.7182391 0.2458081 0.0262746 0.0158543
2 0.3838358 0.3028836 0.0262746 0.0158543
30 0.6513584 0.3028836 0.0262746 0.0158543
12 0.3838358 0.3599592 0.0262746 0.0158543
7 0.5164028 0.4170348 0.0262746 0.0158544
14 0.6513584 0.4170348 0.0262746 0.0158544
4 0.3169552 0.5311859 0.0262746 0.0158544
16 0.6513584 0.5311859 0.0262746 0.0158544
