21 0.7447826 0.5172539 0.0265998 0.0168588
9 0.7447826 0.5779456 0.0265998 0.0168587
32 0.5434703 0.4009284 0.4896783 0.4315848
33 0.5422612 0.2143579 0.4437332 0.0157349
11 0.3385309 0.2744875 0.0265998 0.0168588
15 0.4739481 0.2744875 0.0265998 0.0168588
12 0.5404476 0.2744875 0.0265998 0.0168588
34 0.6087608 0.3346172 0.0640814 0.0606916
14 0.6093653 0.3351791 0.0265998 0.0168588
24 0.6770740 0.3351791 0.0265998 0.0168588
22 0.7447826 0.3351791 0.0265998 0.0168588
6 0.3385309 0.4565623 0.0265998 0.0168588
26 0.5404476 0.5172539 0.0265998 0.0168588
16 0.6770740 0.5172539 0.0265998 0.0168588
