15 0.4456175 0.8018617 0.0286116 0.0172947
11 0.5912768 0.8018617 0.0286117 0.0172947
32 0.5203979 0.6202677 0.5267145 0.4427436
33 0.5190974 0.4288734 0.4772943 0.0161417
19 0.3727879 0.6150793 0.0286116 0.0172947
9 0.5171466 0.6150793 0.0286117 0.0172947
4 0.6641064 0.6150793 0.0286117 0.0172947
27 0.7369362 0.6150793 0.0286117 0.0172947
16 0.2999582 0.6773401 0.0286116 0.0172947
25 0.4456175 0.6773401 0.0286116 0.0172947
6 0.5912768 0.6773401 0.0286117 0.0172947
12 0.6641064 0.6773401 0.0286117 0.0172947
7 0.3727879 0.8018617 0.0286116 0.0172947
34 0.4456175 0.8012853 0.0676276 0.0622608
