23 0.6025675 0.5595559 0.0262376 0.0170307
24 0.6693539 0.5595559 0.0262376 0.0170307
32 0.4707834 0.4420443 0.4830096 0.4359851
33 0.4695908 0.2535715 0.4376903 0.0158953
30 0.5357810 0.3143142 0.0262376 0.0170306
18 0.6693539 0.3143142 0.0262376 0.0170306
4 0.3354214 0.3756246 0.0262376 0.0170306
27 0.6025675 0.3756246 0.0262376 0.0170306
3 0.2686349 0.4369351 0.0262376 0.0170306
13 0.6025675 0.4982454 0.0262376 0.0170307
14 0.6693539 0.4982454 0.0262376 0.0170307
15 0.3354214 0.5595559 0.0262376 0.0170307
34 0.4022079 0.5589882 0.0620160 0.0613104
27 0.4022079 0.5595559 0.0262376 0.0170307
