29 0.6728023 0.5100068 0.0283619 0.0160935
7 0.7449962 0.5100068 0.0283619 0.0160935
32 0.5303484 0.3410254 0.5221164 0.4119929
33 0.5290592 0.1629243 0.4731277 0.0150205
13 0.3840269 0.2203244 0.0283619 0.0160934
24 0.3118330 0.2782609 0.0283619 0.0160935
1 0.4562207 0.2782609 0.0283619 0.0160935
34 0.5999639 0.2777244 0.0683263 0.0579365
2 0.6006085 0.2782609 0.0283619 0.0160935
5 0.3118330 0.3361974 0.0283619 0.0160935
8 0.4562207 0.3941338 0.0283619 0.0160935
21 0.3840269 0.4520704 0.0283619 0.0160935
12 0.6728023 0.4520704 0.0283619 0.0160935
9 0.3840269 0.5100068 0.0283619 0.0160935
