29 0.4631206 0.7404796 0.0286761 0.0167076
4 0.3888234 0.8006269 0.0286761 0.0167076
32 0.3920820 0.6251973 0.5279011 0.4277137
33 0.3907785 0.4403003 0.4783696 0.0155937
20 0.6091080 0.4998906 0.0286761 0.0167076
9 0.3171331 0.5600379 0.0286761 0.0167076
23 0.5361143 0.5600379 0.0286761 0.0167076
3 0.6091080 0.5600379 0.0286761 0.0167076
21 0.4631206 0.6201851 0.0286761 0.0167076
15 0.6091080 0.6201851 0.0286761 0.0167076
6 0.4631206 0.6803324 0.0286761 0.0167075
34 0.1711456 0.7399227 0.0677799 0.0601473
21 0.1711456 0.7404796 0.0286761 0.0167076
