25 0.3699631 0.7186256 0.0271946 0.0159269
20 0.2995042 0.7759627 0.0271947 0.0159269
32 0.3025945 0.6087296 0.5006286 0.4077301
33 0.3013584 0.4324712 0.4536560 0.0148652
17 0.1622949 0.4892774 0.0271947 0.0159270
8 0.3699631 0.4892774 0.0271946 0.0159270
11 0.3699631 0.5466144 0.0271946 0.0159270
34 0.2315176 0.6034206 0.0642782 0.0573371
29 0.2315176 0.6039516 0.0271947 0.0159269
15 0.2995042 0.6039516 0.0271947 0.0159269
6 0.5084085 0.6039516 0.0271947 0.0159269
29 0.4391858 0.6612886 0.0271946 0.0159271
26 0.1622949 0.7186256 0.0271947 0.0159269
