8 0.3505193 0.5774647 0.0265873 0.0166363
16 0.4181961 0.6373552 0.0265873 0.0166363
32 0.4876857 0.4626744 0.4894485 0.4258884
33 0.4864772 0.2785664 0.4435249 0.0155272
17 0.2828424 0.3379025 0.0265873 0.0166363
27 0.4181961 0.3977930 0.0265873 0.0166363
7 0.6889034 0.3977930 0.0265874 0.0166363
13 0.2828424 0.4576836 0.0265873 0.0166363
29 0.4181961 0.4576836 0.0265873 0.0166363
1 0.4846645 0.5175741 0.0265873 0.0166363
34 0.5529455 0.5170196 0.0640513 0.0598905
23 0.5535498 0.5175741 0.0265873 0.0166363
15 0.6212266 0.5175741 0.0265873 0.0166363
