24 0.5563995 0.7718349 0.0282817 0.0162497
13 0.6283894 0.7718349 0.0282817 0.0162497
32 0.4143481 0.6012137 0.5206409 0.4159907
33 0.4130626 0.4213843 0.4717906 0.0151663
5 0.2684402 0.4793414 0.0282817 0.0162496
27 0.3404300 0.4793414 0.0282817 0.0162496
22 0.3404300 0.5378401 0.0282817 0.0162497
29 0.1964503 0.5963388 0.0282817 0.0162496
30 0.4111343 0.6548374 0.0282817 0.0162496
4 0.3404300 0.7133362 0.0282817 0.0162497
25 0.6283894 0.7133362 0.0282817 0.0162497
34 0.4111343 0.7712932 0.0668477 0.0584987
21 0.4111343 0.7718349 0.0282817 0.0162497
