14 0.3905965 0.6837502 0.0273980 0.0170241
2 0.4603368 0.7450368 0.0273980 0.0170241
32 0.5319451 0.5662842 0.5043718 0.4358159
33 0.5306998 0.3778847 0.4570481 0.0158891
25 0.4603368 0.4386038 0.0273980 0.0170241
34 0.5288317 0.4380363 0.0647589 0.0612866
14 0.5288317 0.4386038 0.0273980 0.0170241
30 0.5998174 0.4386038 0.0273980 0.0170241
21 0.4603368 0.4998904 0.0273980 0.0170241
24 0.5288317 0.5611770 0.0273980 0.0170241
20 0.5998174 0.5611770 0.0273980 0.0170241
5 0.7392979 0.5611770 0.0273980 0.0170241
8 0.7392979 0.6224637 0.0273980 0.0170241
