31 0.4586423 0.4459527 0.0284849 0.0160956
13 0.6036562 0.5038969 0.0284849 0.0160956
32 0.3880775 0.3348931 0.5243806 0.4120473
33 0.3867827 0.1567685 0.4751795 0.0150226
22 0.4586423 0.2141761 0.0284849 0.0160956
18 0.5311493 0.2141761 0.0284849 0.0160956
34 0.1686145 0.2715837 0.0673279 0.0579442
5 0.1686145 0.2721203 0.0284849 0.0160956
9 0.2411214 0.2721203 0.0284849 0.0160956
6 0.6036562 0.2721203 0.0284849 0.0160956
2 0.2411214 0.3300644 0.0284849 0.0160956
20 0.2411214 0.3880086 0.0284849 0.0160956
26 0.3136284 0.4459527 0.0284848 0.0160956
