31 0.2412934 0.6586484 0.0284213 0.0162813
12 0.6030192 0.7172610 0.0284213 0.0162813
32 0.4602667 0.5463075 0.5232105 0.4168008
33 0.4589748 0.3661280 0.4741192 0.0151959
2 0.2412934 0.4241979 0.0284213 0.0162813
9 0.3136385 0.4241979 0.0284213 0.0162813
20 0.3136385 0.4828105 0.0284213 0.0162813
1 0.4570370 0.4828105 0.0284213 0.0162813
4 0.6753644 0.4828105 0.0284212 0.0162813
34 0.3859837 0.5408804 0.0671777 0.0586126
26 0.3859837 0.5414231 0.0284213 0.0162813
17 0.4570370 0.6000358 0.0284213 0.0162813
8 0.6753644 0.6000358 0.0284212 0.0162813
