34 0.4578384 0.7630819 0.0642575 0.0608297
6 0.4584447 0.7636450 0.0266730 0.0168972
32 0.3923685 0.5862249 0.4910246 0.4325673
33 0.3911561 0.3992297 0.4449532 0.0157707
7 0.2547604 0.5203260 0.0266729 0.0168971
14 0.2547604 0.5811557 0.0266729 0.0168972
12 0.1868656 0.6419855 0.0266730 0.0168972
5 0.5263394 0.6419855 0.0266729 0.0168972
3 0.5942342 0.6419855 0.0266730 0.0168972
17 0.1868656 0.7028153 0.0266730 0.0168972
11 0.3893375 0.7028153 0.0266729 0.0168972
10 0.4584447 0.7028153 0.0266730 0.0168972
1 0.5263394 0.7028153 0.0266729 0.0168972
