17 0.4944750 0.6921545 0.0263841 0.0170078
30 0.5616345 0.6921545 0.0263841 0.0170078
32 0.3619550 0.5135728 0.4857069 0.4353993
33 0.3607557 0.3253533 0.4401344 0.0158739
31 0.1586777 0.3860144 0.0263841 0.0170078
15 0.2258372 0.5084705 0.0263841 0.0170078
11 0.2929966 0.5084705 0.0263841 0.0170078
23 0.4273156 0.5084705 0.0263841 0.0170078
22 0.2929966 0.5696985 0.0263841 0.0170078
10 0.4273156 0.5696985 0.0263841 0.0170078
34 0.5616345 0.5691315 0.0623624 0.0612280
25 0.5616345 0.5696985 0.0263841 0.0170078
1 0.1586777 0.6921545 0.0263841 0.0170078
