24 0.3355227 0.4460800 0.0267182 0.0170772
31 0.4727571 0.5075579 0.0267182 0.0170772
32 0.3385588 0.3897252 0.4918581 0.4371764
33 0.3373444 0.2007375 0.4457085 0.0159387
15 0.2007171 0.2616462 0.0267182 0.0170772
13 0.4047471 0.2616462 0.0267182 0.0170772
10 0.5407672 0.2616462 0.0267182 0.0170772
20 0.2007171 0.3231242 0.0267182 0.0170772
22 0.2687271 0.3231242 0.0267182 0.0170772
23 0.4727571 0.3231242 0.0267182 0.0170772
14 0.2007171 0.3846021 0.0267182 0.0170772
9 0.1327071 0.4460800 0.0267182 0.0170772
34 0.3355227 0.4455108 0.0631522 0.0614779
