29 0.4497054 0.3987003 0.0266776 0.0171863
9 0.2459853 0.5224411 0.0266776 0.0171862
32 0.3157109 0.3419857 0.4911111 0.4399674
33 0.3144983 0.1517915 0.4450316 0.0160405
31 0.1101718 0.2130890 0.0266776 0.0171862
14 0.3817987 0.2130890 0.0266776 0.0171862
17 0.4497054 0.2130890 0.0266776 0.0171862
16 0.5176122 0.2130890 0.0266777 0.0171862
15 0.1780785 0.2749595 0.0266776 0.0171862
20 0.2459853 0.2749595 0.0266776 0.0171862
34 0.1101718 0.3362570 0.0630562 0.0618704
14 0.1101718 0.3368299 0.0266776 0.0171862
8 0.3126794 0.3368299 0.0266776 0.0171862
