20 0.6610422 0.6847164 0.0278826 0.0172984
24 0.7320161 0.6847164 0.0278827 0.0172984
32 0.5209952 0.5030827 0.5132944 0.4428403
33 0.5197278 0.3116465 0.4651334 0.0161452
3 0.3771460 0.3733443 0.0278827 0.0172984
34 0.5178267 0.3727677 0.0659045 0.0622744
11 0.5178267 0.3733443 0.0278827 0.0172984
11 0.3061720 0.4356188 0.0278827 0.0172984
9 0.5178267 0.4356188 0.0278827 0.0172984
2 0.5178267 0.4978931 0.0278827 0.0172984
30 0.4481200 0.5601676 0.0278827 0.0172984
13 0.5178267 0.5601676 0.0278827 0.0172984
10 0.3771460 0.6847164 0.0278827 0.0172984
