21 0.5435632 0.5890782 0.0266727 0.0173789
1 0.4077753 0.6516420 0.0266726 0.0173789
32 0.4774879 0.4691640 0.4910187 0.4448990
33 0.4762755 0.2768379 0.4449478 0.0162203
30 0.3398814 0.3388225 0.0266726 0.0173789
17 0.4077753 0.3388225 0.0266726 0.0173789
25 0.4744569 0.4013864 0.0266726 0.0173789
4 0.5435632 0.4013864 0.0266727 0.0173789
34 0.6793510 0.4633710 0.0630444 0.0625640
16 0.6793511 0.4639503 0.0266727 0.0173789
11 0.4744569 0.5265142 0.0266726 0.0173789
9 0.4077753 0.5890782 0.0266726 0.0173789
20 0.4744569 0.5890782 0.0266726 0.0173789
