14 0.5682641 0.6115451 0.0270187 0.0172625
22 0.6358109 0.6736902 0.0270187 0.0172625
32 0.6388812 0.4924337 0.4973904 0.4419205
33 0.6376531 0.3013952 0.4507217 0.0161117
19 0.7745889 0.3629648 0.0270187 0.0172625
25 0.5682641 0.4251099 0.0270187 0.0172625
34 0.6358109 0.4245345 0.0638625 0.0621451
1 0.6358109 0.4251099 0.0270187 0.0172625
2 0.8433640 0.4251099 0.0270187 0.0172625
7 0.4994891 0.4872550 0.0270187 0.0172625
5 0.7058141 0.4872550 0.0270188 0.0172625
20 0.7058141 0.5494001 0.0270188 0.0172626
11 0.4307141 0.6115451 0.0270187 0.0172625
