22 0.4324429 0.5247583 0.0287049 0.0171061
12 0.5055098 0.5247583 0.0287049 0.0171061
32 0.2882661 0.3451449 0.5284307 0.4379147
33 0.2869613 0.1558380 0.4788496 0.0159656
5 0.1401750 0.2168496 0.0287049 0.0171061
8 0.2132420 0.2168496 0.0287049 0.0171061
2 0.2850042 0.2784313 0.0287049 0.0171061
13 0.2132420 0.3400131 0.0287049 0.0171061
27 0.0671081 0.4631766 0.0287049 0.0171061
16 0.2132420 0.4631766 0.0287049 0.0171061
11 0.5055098 0.4631766 0.0287049 0.0171061
25 0.0671081 0.5247583 0.0287049 0.0171061
34 0.4317905 0.5241881 0.0665431 0.0615817
