18 0.3155299 0.8125720 0.0274315 0.0170157
17 0.5948327 0.8125720 0.0274316 0.0170157
32 0.5268774 0.6339070 0.5049895 0.4356024
33 0.5256305 0.4455997 0.4576077 0.0158813
34 0.3847322 0.5669785 0.0635913 0.0612566
20 0.3853556 0.5675457 0.0274315 0.0170157
11 0.6646584 0.5675457 0.0274315 0.0170157
12 0.3155299 0.6288022 0.0274315 0.0170157
13 0.5237601 0.6288022 0.0274315 0.0170157
25 0.3155299 0.7513155 0.0274315 0.0170157
4 0.5948327 0.7513155 0.0274316 0.0170157
9 0.6646584 0.7513155 0.0274315 0.0170157
10 0.7344841 0.7513155 0.0274315 0.0170157
