15 0.4929213 0.5974198 0.0275596 0.0169583
9 0.7735281 0.5974198 0.0275596 0.0169583
32 0.5649521 0.4193573 0.5073473 0.4341333
33 0.5636994 0.2316851 0.4597443 0.0158278
30 0.5618203 0.2921698 0.0275596 0.0169583
6 0.7735281 0.2921698 0.0275596 0.0169583
12 0.7033765 0.3532198 0.0275596 0.0169583
18 0.4929213 0.4142698 0.0275596 0.0169583
19 0.5618203 0.4142698 0.0275596 0.0169583
4 0.7033765 0.4142698 0.0275596 0.0169583
15 0.4929213 0.4753198 0.0275596 0.0169583
25 0.5618203 0.4753198 0.0275596 0.0169583
34 0.4929213 0.5968545 0.0651409 0.0610500
