19 0.6005704 0.7077434 0.0274847 0.0161427
7 0.6717809 0.7077434 0.0274847 0.0161427
32 0.6036936 0.5963588 0.5059692 0.4132529
33 0.6024443 0.4177130 0.4584955 0.0150665
21 0.3919361 0.4752886 0.0274847 0.0161427
15 0.6005704 0.4752886 0.0274847 0.0161427
25 0.3919361 0.5334023 0.0274847 0.0161427
20 0.6005704 0.5334023 0.0274847 0.0161427
34 0.7411174 0.5328642 0.0637146 0.0581137
21 0.7417420 0.5334023 0.0274847 0.0161427
3 0.4618974 0.5915160 0.0274848 0.0161426
2 0.8117032 0.6496297 0.0274847 0.0161427
27 0.5318585 0.7077434 0.0274847 0.0161427
