34 0.3545697 0.6494904 0.0642988 0.0625304
31 0.3551764 0.6500693 0.0266901 0.0173696
32 0.2890578 0.4676891 0.4913397 0.4446605
33 0.2878446 0.2754660 0.4452387 0.0162116
16 0.2192997 0.3374174 0.0266901 0.0173696
26 0.3551764 0.3374174 0.0266901 0.0173696
2 0.0834230 0.3999478 0.0266901 0.0173696
17 0.2860248 0.3999478 0.0266901 0.0173696
11 0.0834230 0.4624782 0.0266901 0.0173696
12 0.2192997 0.4624782 0.0266901 0.0173696
21 0.2860248 0.4624782 0.0266901 0.0173696
31 0.1513614 0.5875389 0.0266900 0.0173696
14 0.2192997 0.6500693 0.0266901 0.0173696
