29 0.3800285 0.6202964 0.0267716 0.0162927
4 0.3800285 0.7376041 0.0267716 0.0162927
32 0.3830707 0.5665303 0.4928403 0.4170942
33 0.3818538 0.3862240 0.4465985 0.0152065
22 0.2449537 0.4443347 0.0267716 0.0162927
16 0.3130995 0.4443347 0.0267716 0.0162927
34 0.3800284 0.4437916 0.0632783 0.0586539
15 0.3800285 0.4443347 0.0267716 0.0162927
7 0.5175369 0.4443347 0.0267716 0.0162927
13 0.2449537 0.5029886 0.0267716 0.0162928
15 0.3800285 0.5029886 0.0267716 0.0162928
27 0.5175369 0.5029886 0.0267716 0.0162928
26 0.4493911 0.5616425 0.0267716 0.0162927
