23 0.5974580 0.6291782 0.0264840 0.0168313
21 0.1929760 0.6897706 0.0264839 0.0168313
32 0.3970227 0.5130425 0.4875454 0.4308801
33 0.3958189 0.3267766 0.4418004 0.0157092
19 0.1929760 0.3868081 0.0264839 0.0168313
8 0.5974580 0.4474006 0.0264840 0.0168313
34 0.1929760 0.5074321 0.0625984 0.0605925
9 0.1929760 0.5079931 0.0264839 0.0168313
1 0.2603897 0.5079931 0.0264840 0.0168313
5 0.4626307 0.5079931 0.0264839 0.0168313
4 0.5300444 0.5079931 0.0264839 0.0168313
17 0.1929760 0.5685856 0.0264839 0.0168313
24 0.1929760 0.6291782 0.0264839 0.0168313
