34 0.5794501 0.5153947 0.0606774 0.0608559
8 0.5800450 0.5159582 0.0261745 0.0169044
32 0.4485772 0.3384619 0.4818503 0.4327528
33 0.4473874 0.1513865 0.4366396 0.0157775
23 0.3801663 0.2116789 0.0261746 0.0169044
3 0.5134187 0.3333906 0.0261746 0.0169044
27 0.5800450 0.3333906 0.0261745 0.0169044
6 0.5134187 0.3942465 0.0261746 0.0169044
16 0.6466711 0.3942465 0.0261745 0.0169044
30 0.3801663 0.4551023 0.0261746 0.0169044
17 0.5800450 0.4551023 0.0261745 0.0169044
8 0.3801663 0.5159582 0.0261746 0.0169044
19 0.4456028 0.5159582 0.0261746 0.0169044
