4 0.8144662 0.4819916 0.0276361 0.0167040
18 0.6737737 0.5421257 0.0276360 0.0167040
32 0.6053117 0.3667344 0.5087542 0.4276205
33 0.6040556 0.1818777 0.4610192 0.0155903
29 0.6737737 0.3015892 0.0276360 0.0167040
34 0.8144662 0.3010324 0.0653215 0.0601342
1 0.8144662 0.3015892 0.0276361 0.0167040
31 0.3923887 0.3617233 0.0276360 0.0167040
8 0.6021713 0.3617233 0.0276360 0.0167040
3 0.6021713 0.4218574 0.0276360 0.0167040
23 0.6737737 0.4218574 0.0276360 0.0167040
19 0.6021713 0.4819916 0.0276360 0.0167040
11 0.6737737 0.4819916 0.0276360 0.0167040
