29 0.1682703 0.7228686 0.0276169 0.0172305
18 0.3076103 0.7848985 0.0276169 0.0172305
32 0.3107486 0.6039781 0.5084029 0.4411012
33 0.3094933 0.4132937 0.4607009 0.0160818
19 0.0979726 0.5367790 0.0276169 0.0172306
11 0.4494610 0.5367790 0.0276170 0.0172306
23 0.1682703 0.5988089 0.0276169 0.0172305
7 0.4494610 0.5988089 0.0276170 0.0172305
16 0.5197587 0.5988089 0.0276170 0.0172305
27 0.0979726 0.6608387 0.0276169 0.0172305
31 0.3076103 0.6608387 0.0276169 0.0172305
34 0.0979726 0.7222942 0.0652764 0.0620299
29 0.0979726 0.7228686 0.0276169 0.0172305
