34 0.5484920 0.6863485 0.0667947 0.0604911
1 0.5491221 0.6869085 0.0277261 0.0168030
32 0.4804370 0.5104761 0.5104122 0.4301592
33 0.4791767 0.3245218 0.4625216 0.0156829
8 0.6196976 0.3844529 0.0277261 0.0168031
15 0.2668201 0.4449440 0.0277261 0.0168031
10 0.3373956 0.4449440 0.0277261 0.0168031
17 0.4772863 0.4449440 0.0277261 0.0168031
1 0.6902731 0.4449440 0.0277261 0.0168031
21 0.3373956 0.5659263 0.0277261 0.0168030
20 0.2668201 0.6264174 0.0277261 0.0168030
3 0.6196976 0.6264174 0.0277261 0.0168030
13 0.3373956 0.6869085 0.0277261 0.0168030
