15 0.4040363 0.7697220 0.0287249 0.0159660
25 0.5502721 0.7697220 0.0287249 0.0159660
32 0.3328768 0.6020793 0.5287993 0.4087288
33 0.3315712 0.4253892 0.4791836 0.0149016
17 0.4771542 0.4823345 0.0287249 0.0159659
18 0.5502721 0.4823345 0.0287249 0.0159659
9 0.3296126 0.5398120 0.0287249 0.0159659
6 0.2578004 0.5972895 0.0287249 0.0159660
34 0.5502721 0.5967573 0.0678952 0.0574775
12 0.5502721 0.5972895 0.0287249 0.0159660
12 0.4040363 0.6547670 0.0287249 0.0159660
1 0.2578004 0.7122445 0.0287249 0.0159660
24 0.1115645 0.7697220 0.0287249 0.0159660
