21 0.8489412 0.5008710 0.0265543 0.0173307
9 0.7813487 0.6256523 0.0265542 0.0173307
32 0.6479740 0.4436795 0.4888391 0.4436667
33 0.6467670 0.2518861 0.4429726 0.0161753
30 0.7813487 0.3136991 0.0265542 0.0173307
22 0.8489412 0.3136991 0.0265543 0.0173307
12 0.5109784 0.3760897 0.0265543 0.0173307
13 0.6449565 0.3760897 0.0265543 0.0173307
19 0.7813487 0.3760897 0.0265542 0.0173307
17 0.5785709 0.4384804 0.0265542 0.0173307
24 0.7813487 0.4384804 0.0265542 0.0173307
34 0.4433858 0.5002933 0.0627645 0.0623906
18 0.4433858 0.5008710 0.0265542 0.0173307
