5 0.3625762 0.5977547 0.0269611 0.0171115
23 0.4299790 0.5977547 0.0269611 0.0171115
32 0.4330428 0.4180842 0.4963293 0.4380538
33 0.4318172 0.2287172 0.4497601 0.0159707
21 0.2253197 0.2897482 0.0269611 0.0171115
25 0.2939480 0.2897482 0.0269611 0.0171115
34 0.4992200 0.2891778 0.0649517 0.0616013
1 0.4998328 0.2897482 0.0269611 0.0171115
1 0.2253197 0.3513495 0.0269611 0.0171115
26 0.2939480 0.3513495 0.0269611 0.0171115
18 0.2253197 0.4745521 0.0269611 0.0171115
10 0.6370892 0.4745521 0.0269611 0.0171115
12 0.2939480 0.5977547 0.0269611 0.0171115
