29 0.5440325 0.6331791 0.0273186 0.0170994
7 0.3366599 0.6947369 0.0273185 0.0170993
32 0.5471369 0.5151934 0.5029098 0.4377441
33 0.5458951 0.3259603 0.4557232 0.0159594
8 0.6843505 0.3869481 0.0273186 0.0170994
11 0.3366599 0.4485059 0.0273185 0.0170993
31 0.4061980 0.4485059 0.0273186 0.0170993
13 0.6148124 0.5100636 0.0273186 0.0170994
2 0.6843505 0.5100636 0.0273186 0.0170994
34 0.6141915 0.5710514 0.0658128 0.0615578
17 0.6148124 0.5716214 0.0273186 0.0170994
21 0.6843505 0.5716214 0.0273186 0.0170994
18 0.4757361 0.6331791 0.0273185 0.0170994
