9 0.7001155 0.7636863 0.0278673 0.0173217
26 0.8419853 0.7636863 0.0278673 0.0173217
32 0.6310806 0.5818081 0.5130114 0.4434361
33 0.6298139 0.3901144 0.4648770 0.0161670
24 0.8419853 0.4518952 0.0278673 0.0173217
34 0.4163759 0.5136760 0.0658681 0.0623582
16 0.4163758 0.5142534 0.0278673 0.0173218
25 0.7001155 0.5766116 0.0278673 0.0173218
21 0.4163758 0.6389698 0.0278673 0.0173218
22 0.6279139 0.6389698 0.0278673 0.0173218
17 0.4873108 0.7636863 0.0278673 0.0173217
12 0.5582457 0.7636863 0.0278673 0.0173217
10 0.6279139 0.7636863 0.0278673 0.0173217
