23 0.4917272 0.6397065 0.0279851 0.0159392
2 0.6341967 0.6397065 0.0279850 0.0159392
32 0.4224005 0.4723446 0.5151800 0.4080441
33 0.4211285 0.2959505 0.4668422 0.0148766
26 0.2780229 0.3528004 0.0279851 0.0159392
14 0.3492577 0.4101816 0.0279851 0.0159392
22 0.5629620 0.4675628 0.0279851 0.0159392
5 0.4192204 0.5249441 0.0279851 0.0159393
3 0.6341967 0.5249441 0.0279850 0.0159393
29 0.2067881 0.5823253 0.0279851 0.0159392
34 0.5623260 0.5817940 0.0648745 0.0573812
21 0.5629620 0.5823253 0.0279851 0.0159392
21 0.4192204 0.6397065 0.0279851 0.0159392
