2 0.3322410 0.7737681 0.0276739 0.0159911
8 0.4026837 0.7737681 0.0276740 0.0159911
32 0.4750133 0.6058618 0.5094518 0.4093717
33 0.4737554 0.4288938 0.4616515 0.0149250
22 0.2617983 0.4859287 0.0276739 0.0159911
24 0.4718685 0.4859287 0.0276739 0.0159911
31 0.3322410 0.5434966 0.0276739 0.0159911
17 0.4026837 0.5434966 0.0276740 0.0159911
21 0.6844547 0.6010645 0.0276740 0.0159911
34 0.3316121 0.6580992 0.0641532 0.0575679
8 0.3322410 0.6586323 0.0276739 0.0159911
29 0.4026837 0.7162002 0.0276740 0.0159911
15 0.4718685 0.7162002 0.0276739 0.0159911
