8 0.5012658 0.6062305 0.0271860 0.0162270
12 0.2948995 0.6646478 0.0271860 0.0162271
32 0.5043551 0.5526813 0.5004693 0.4154121
33 0.5031194 0.3731021 0.4535116 0.0151452
14 0.6409029 0.4309785 0.0271860 0.0162270
34 0.5012658 0.4888549 0.0642578 0.0584174
15 0.5012658 0.4893958 0.0271860 0.0162270
24 0.5717022 0.4893958 0.0271860 0.0162270
20 0.6409029 0.4893958 0.0271860 0.0162270
1 0.7101036 0.4893958 0.0271860 0.0162270
22 0.4333009 0.5478131 0.0271860 0.0162270
30 0.7101036 0.5478131 0.0271860 0.0162270
18 0.4333009 0.6062305 0.0271860 0.0162270
