30 0.4568694 0.4998009 0.0286328 0.0161540
6 0.6026367 0.4998009 0.0286329 0.0161540
32 0.5317052 0.3883377 0.5271049 0.4135445
33 0.5304037 0.2095658 0.4776482 0.0150771
34 0.6019859 0.2666436 0.0689792 0.0581547
25 0.6026367 0.2671821 0.0286329 0.0161541
23 0.3839857 0.3253368 0.0286329 0.0161541
3 0.4568694 0.3253368 0.0286328 0.0161541
20 0.6026367 0.3253368 0.0286329 0.0161541
29 0.3839857 0.3834914 0.0286329 0.0161540
8 0.4568694 0.4416462 0.0286328 0.0161540
4 0.6755203 0.4416462 0.0286329 0.0161540
9 0.7484039 0.4416462 0.0286329 0.0161540
