16 0.3433683 0.4525662 0.0266055 0.0167577
27 0.4098819 0.5128939 0.0266055 0.0167577
32 0.4129053 0.3369381 0.4897821 0.4289972
33 0.4116960 0.1514862 0.4438272 0.0156405
6 0.3433683 0.2112553 0.0266055 0.0167577
4 0.4098819 0.2112553 0.0266055 0.0167577
30 0.4788142 0.2715830 0.0266055 0.0167577
34 0.3433683 0.3313522 0.0628856 0.0603277
8 0.3433683 0.3319108 0.0266055 0.0167577
21 0.4098819 0.3319108 0.0266055 0.0167577
3 0.4098819 0.3922385 0.0266055 0.0167577
19 0.4788142 0.3922385 0.0266055 0.0167577
17 0.6142601 0.3922385 0.0266055 0.0167577
