3 0.5479747 0.5380391 0.0285179 0.0161390
12 0.6205657 0.5380391 0.0285179 0.0161390
32 0.4047371 0.3685800 0.5249886 0.4131574
33 0.4034408 0.1899755 0.4757304 0.0150630
17 0.6205657 0.2475378 0.0285179 0.0161389
6 0.1850196 0.3056380 0.0285179 0.0161389
8 0.5479747 0.4218386 0.0285179 0.0161389
23 0.1850196 0.4799388 0.0285179 0.0161389
20 0.2576107 0.4799388 0.0285179 0.0161389
14 0.4753837 0.4799388 0.0285179 0.0161389
34 0.6205657 0.4794009 0.0674060 0.0581002
30 0.6205657 0.4799388 0.0285179 0.0161389
13 0.1850196 0.5380391 0.0285179 0.0161390
