23 0.3569328 0.7989593 0.0281095 0.0172285
6 0.5703092 0.7989593 0.0281095 0.0172285
32 0.5735034 0.6180596 0.5174697 0.4410507
33 0.5722257 0.4273970 0.4689170 0.0160800
1 0.5703092 0.5508683 0.0281095 0.0172285
31 0.3569328 0.6128910 0.0281095 0.0172285
21 0.5703092 0.6128910 0.0281095 0.0172285
9 0.6431383 0.6749138 0.0281094 0.0172286
5 0.7146896 0.6749138 0.0281094 0.0172286
34 0.5000356 0.7363622 0.0664405 0.0620227
14 0.5000356 0.7369365 0.0281095 0.0172286
20 0.6431383 0.7369365 0.0281094 0.0172286
22 0.7862410 0.7369365 0.0281095 0.0172286
