1 0.3083030 0.4755438 0.0263337 0.0163671
29 0.5764274 0.5344653 0.0263337 0.0163671
32 0.3771295 0.3626108 0.4847785 0.4189975
33 0.3759325 0.1814817 0.4392931 0.0152759
24 0.2412719 0.2987792 0.0263336 0.0163671
5 0.5764274 0.2987792 0.0263337 0.0163671
6 0.2412719 0.3577007 0.0263336 0.0163671
7 0.3083030 0.3577007 0.0263337 0.0163671
2 0.3741371 0.3577007 0.0263337 0.0163671
34 0.3741371 0.4160767 0.0622431 0.0589215
16 0.3741371 0.4166222 0.0263337 0.0163671
27 0.4423652 0.4166222 0.0263337 0.0163671
26 0.2412719 0.4755438 0.0263336 0.0163671
