26 0.1014023 0.5474696 0.0273891 0.0159394
30 0.1711200 0.5474696 0.0273891 0.0159394
32 0.3124229 0.3801061 0.5042086 0.4080483
33 0.3111779 0.2037102 0.4569001 0.0148767
9 0.2408377 0.2605607 0.0273891 0.0159394
4 0.2408377 0.3179424 0.0273891 0.0159394
7 0.4499909 0.3179424 0.0273891 0.0159394
2 0.5197086 0.4327060 0.0273891 0.0159394
13 0.1014023 0.4900878 0.0273891 0.0159394
34 0.2408377 0.4895565 0.0647379 0.0573818
9 0.2408377 0.4900878 0.0273891 0.0159394
20 0.3802732 0.4900878 0.0273891 0.0159394
17 0.4499909 0.4900878 0.0273891 0.0159394
