5 0.6998503 0.6110836 0.0276736 0.0158542
10 0.8407339 0.6681585 0.0276735 0.0158542
32 0.6312954 0.5016901 0.5094451 0.4058656
33 0.6300375 0.3262379 0.4616453 0.0147972
34 0.6281506 0.3822558 0.0654102 0.0570749
2 0.6281506 0.3827842 0.0276735 0.0158542
31 0.6998503 0.3827842 0.0276736 0.0158542
23 0.4885249 0.4398591 0.0276736 0.0158541
7 0.5589667 0.4398591 0.0276736 0.0158541
14 0.6281506 0.4398591 0.0276735 0.0158541
2 0.8407339 0.4398591 0.0276735 0.0158541
26 0.6281506 0.4969339 0.0276735 0.0158542
21 0.4885249 0.5540088 0.0276736 0.0158542
