22 0.3457826 0.6575620 0.0287444 0.0168503
24 0.4921177 0.6575620 0.0287444 0.0168503
32 0.5672451 0.4806340 0.5291581 0.4313672
33 0.5659386 0.2941576 0.4795087 0.0157269
7 0.3457826 0.4149179 0.0287444 0.0168503
29 0.4189502 0.4149179 0.0287444 0.0168503
6 0.7847879 0.4755790 0.0287444 0.0168503
34 0.3457827 0.5356783 0.0679413 0.0606610
26 0.3457826 0.5362400 0.0287444 0.0168503
16 0.5639787 0.5362400 0.0287444 0.0168503
8 0.6384528 0.5362400 0.0287444 0.0168503
18 0.3457826 0.5969010 0.0287444 0.0168503
21 0.7847879 0.5969010 0.0287444 0.0168503
