16 0.3996931 0.6118113 0.0283664 0.0166364
18 0.0386664 0.6717021 0.0283664 0.0166364
32 0.2597831 0.4970206 0.5170662 0.4258902
33 0.2559271 0.3129118 0.4732029 0.0155272
25 0.0386664 0.3722481 0.0283664 0.0166364
19 0.1830771 0.3722481 0.0283664 0.0166364
22 0.1108717 0.4321389 0.0283664 0.0166363
26 0.0386664 0.4920297 0.0283664 0.0166364
29 0.1830771 0.4920297 0.0283664 0.0166364
34 0.3268431 0.5513659 0.0683372 0.0598908
16 0.3274878 0.5519205 0.0283664 0.0166364
9 0.3996931 0.5519205 0.0283664 0.0166364
1 0.4718985 0.5519205 0.0283664 0.0166364
