14 0.0734226 0.5245080 0.0270953 0.0169548
29 0.1423924 0.5245080 0.0270953 0.0169548
32 0.2821795 0.3464819 0.4987997 0.4340446
33 0.2809479 0.1588480 0.4519987 0.0158246
20 0.2791005 0.2193203 0.0270953 0.0169549
22 0.4182717 0.2193203 0.0270953 0.0169549
12 0.4872415 0.2193203 0.0270953 0.0169549
7 0.0734226 0.3413954 0.0270953 0.0169549
8 0.0734226 0.4024329 0.0270953 0.0169549
34 0.3486861 0.4018677 0.0652750 0.0610375
4 0.3493019 0.4024329 0.0270953 0.0169549
23 0.0734226 0.4634704 0.0270953 0.0169548
25 0.1423924 0.4634704 0.0270953 0.0169548
