4 0.5298222 0.5964282 0.0263267 0.0170247
24 0.4628088 0.6577170 0.0263267 0.0170246
32 0.3975904 0.4789582 0.4846508 0.4358311
33 0.3963937 0.2905520 0.4391774 0.0158897
31 0.2617685 0.3512733 0.0263267 0.0170246
34 0.5292239 0.3507058 0.0610301 0.0612888
25 0.5298222 0.3512733 0.0263267 0.0170246
7 0.3287819 0.4125621 0.0263267 0.0170246
27 0.4628088 0.4125621 0.0263267 0.0170246
11 0.3945987 0.5351395 0.0263267 0.0170247
3 0.4628088 0.5351395 0.0263267 0.0170247
17 0.3945987 0.5964282 0.0263267 0.0170247
18 0.4628088 0.5964282 0.0263267 0.0170247
