7 0.4568396 0.6485724 0.0267566 0.0169556
12 0.5942715 0.6485724 0.0267567 0.0169556
32 0.4598801 0.4705384 0.4925656 0.4340638
33 0.4586639 0.2828962 0.4463496 0.0158252
11 0.3899480 0.3433712 0.0267566 0.0169556
2 0.4568396 0.3433712 0.0267566 0.0169556
4 0.5261637 0.3433712 0.0267567 0.0169556
30 0.5942715 0.3433712 0.0267567 0.0169556
34 0.3899480 0.4038463 0.0632430 0.0610402
10 0.3899480 0.4044115 0.0267566 0.0169556
13 0.5942715 0.5264919 0.0267567 0.0169556
14 0.3218401 0.5875321 0.0267567 0.0169556
27 0.3899480 0.5875321 0.0267566 0.0169556
