4 0.4210391 0.6013963 0.0269976 0.0163776
1 0.1461546 0.6603560 0.0269976 0.0163776
32 0.2854376 0.4883904 0.4970010 0.4192684
33 0.2842105 0.3071442 0.4503688 0.0152858
19 0.1461546 0.3655579 0.0269976 0.0163777
25 0.4210391 0.3655579 0.0269976 0.0163777
8 0.0774335 0.4245175 0.0269976 0.0163777
24 0.4210391 0.4245175 0.0269976 0.0163777
34 0.2823697 0.4829312 0.0638125 0.0589596
20 0.2823697 0.4834771 0.0269976 0.0163777
14 0.4210391 0.4834771 0.0269976 0.0163777
6 0.4897602 0.4834771 0.0269976 0.0163777
7 0.4210391 0.5424367 0.0269976 0.0163776
