1 0.5263078 0.6912487 0.0279551 0.0162065
17 0.7410541 0.6912487 0.0279551 0.0162065
32 0.5294845 0.5210812 0.5146287 0.4148846
33 0.5282138 0.3417301 0.4663425 0.0151260
4 0.3852614 0.3995330 0.0279551 0.0162064
30 0.4564199 0.3995330 0.0279551 0.0162064
34 0.3141029 0.4573359 0.0660758 0.0583432
26 0.3141029 0.4578761 0.0279551 0.0162064
26 0.3852614 0.4578761 0.0279551 0.0162064
12 0.7410541 0.4578761 0.0279551 0.0162064
11 0.7410541 0.5162193 0.0279551 0.0162065
6 0.3852614 0.5745624 0.0279551 0.0162064
15 0.3141029 0.6912487 0.0279551 0.0162065
