6 0.1429044 0.5282986 0.0285061 0.0173938
5 0.3592915 0.5282986 0.0285061 0.0173938
32 0.3625309 0.3456641 0.5247712 0.4452803
33 0.3612351 0.1531731 0.4755334 0.0162342
21 0.2154654 0.2152109 0.0285061 0.0173938
6 0.2880263 0.2152109 0.0285061 0.0173938
18 0.4331482 0.2778284 0.0285061 0.0173938
19 0.5782701 0.2778284 0.0285061 0.0173938
31 0.2154654 0.3404460 0.0285061 0.0173937
26 0.5057092 0.3404460 0.0285061 0.0173937
2 0.2154654 0.4030635 0.0285061 0.0173937
8 0.2880263 0.4030635 0.0285061 0.0173937
34 0.1429044 0.5277188 0.0673780 0.0626175
