7 0.6274298 0.8120638 0.0283598 0.0174448
11 0.7730959 0.8120638 0.0283598 0.0174448
32 0.6306526 0.6288934 0.5220771 0.4465868
33 0.6293635 0.4358377 0.4730920 0.0162818
14 0.6274298 0.4980575 0.0283598 0.0174448
17 0.7009074 0.4980575 0.0283598 0.0174448
2 0.7009074 0.5608587 0.0283598 0.0174448
12 0.6274298 0.6864612 0.0283598 0.0174448
23 0.8452843 0.6864612 0.0283597 0.0174448
34 0.4836975 0.7486810 0.0657430 0.0628012
26 0.4843421 0.7492626 0.0283598 0.0174448
6 0.5565305 0.7492626 0.0283598 0.0174448
13 0.4121536 0.8120638 0.0283597 0.0174448
