31 0.7419600 0.6613293 0.0266111 0.0163249
11 0.8096975 0.6613293 0.0266112 0.0163249
32 0.6082994 0.4899176 0.4898872 0.4179180
33 0.6070898 0.3092551 0.4439225 0.0152366
10 0.8096975 0.3674807 0.0266112 0.0163249
26 0.7419600 0.4850201 0.0266111 0.0163249
16 0.8096975 0.4850201 0.0266112 0.0163249
27 0.4710100 0.5437898 0.0266112 0.0163249
25 0.5387475 0.6025595 0.0266111 0.0163249
34 0.8096974 0.6020154 0.0628991 0.0587697
1 0.8096975 0.6025595 0.0266112 0.0163249
15 0.4032726 0.6613293 0.0266111 0.0163249
18 0.6052754 0.6613293 0.0266111 0.0163249
