8 0.5160981 0.7346267 0.0262097 0.0172770
6 0.6507210 0.7346267 0.0262098 0.0172770
32 0.5190765 0.6154154 0.4824978 0.4422910
33 0.5178851 0.4242168 0.4372264 0.0161252
34 0.4505737 0.4852621 0.0619503 0.0621972
13 0.4505737 0.4858380 0.0262098 0.0172770
3 0.4505737 0.5480352 0.0262098 0.0172770
20 0.5840052 0.5480352 0.0262097 0.0172770
1 0.7174367 0.5480352 0.0262097 0.0172770
7 0.3171422 0.6102323 0.0262098 0.0172770
21 0.4505737 0.6102323 0.0262098 0.0172770
27 0.5840052 0.6724295 0.0262097 0.0172770
24 0.3171422 0.7346267 0.0262098 0.0172770
