19 0.3335687 0.5838649 0.0262588 0.0160138
1 0.4016029 0.5838649 0.0262589 0.0160138
32 0.3365527 0.4157196 0.4834012 0.4099542
33 0.3353591 0.2384998 0.4380451 0.0149463
15 0.1342403 0.3532657 0.0262588 0.0160138
12 0.2679216 0.3532657 0.0262588 0.0160138
5 0.1342403 0.4109155 0.0262588 0.0160138
3 0.4684436 0.4109155 0.0262589 0.0160138
20 0.1342403 0.4685653 0.0262588 0.0160138
22 0.5352843 0.4685653 0.0262589 0.0160138
29 0.4684436 0.5262151 0.0262589 0.0160138
34 0.2004842 0.5833312 0.0608727 0.0576498
31 0.2010809 0.5838649 0.0262588 0.0160138
