34 0.6351833 0.6232844 0.0642094 0.0617390
29 0.6351834 0.6238561 0.0271656 0.0171497
32 0.4295895 0.4437842 0.5000931 0.4390325
33 0.4283547 0.2539941 0.4531708 0.0160064
6 0.2202913 0.3151614 0.0271655 0.0171497
9 0.5660347 0.3151614 0.0271656 0.0171497
2 0.4968860 0.3769003 0.0271656 0.0171497
5 0.2202913 0.5003782 0.0271655 0.0171497
31 0.4265025 0.5003782 0.0271655 0.0171497
7 0.5660347 0.5003782 0.0271656 0.0171497
12 0.3585886 0.5621172 0.0271655 0.0171497
18 0.4265025 0.5621172 0.0271655 0.0171497
10 0.2202913 0.6238561 0.0271655 0.0171497
