2 0.2049964 0.7717562 0.0281266 0.0159032
16 0.4913761 0.7717562 0.0281266 0.0159032
32 0.2785090 0.6047727 0.5177847 0.4071216
33 0.2772306 0.4287775 0.4692024 0.0148430
6 0.0618066 0.4854989 0.0281266 0.0159032
29 0.2753128 0.4854989 0.0281266 0.0159032
9 0.2753128 0.5427503 0.0281266 0.0159032
23 0.4197812 0.5427503 0.0281266 0.0159032
34 0.2753128 0.5994717 0.0664810 0.0572515
4 0.2753128 0.6000018 0.0281266 0.0159033
11 0.2753128 0.6572533 0.0281266 0.0159032
5 0.4913761 0.6572533 0.0281266 0.0159032
17 0.2753128 0.7145047 0.0281266 0.0159032
