34 0.4057463 0.6691334 0.0646843 0.0583736
15 0.4063805 0.6696739 0.0279030 0.0162149
32 0.2662312 0.4994175 0.5136694 0.4151013
33 0.2649629 0.3199727 0.4654733 0.0151339
22 0.4063805 0.3778058 0.0279030 0.0162149
27 0.1933028 0.4361794 0.0279030 0.0162149
15 0.3353546 0.4361794 0.0279030 0.0162149
1 0.4774064 0.4361794 0.0279030 0.0162149
19 0.3353546 0.4945531 0.0279030 0.0162149
14 0.1222770 0.6113003 0.0279030 0.0162149
12 0.1933028 0.6113003 0.0279030 0.0162149
29 0.2630604 0.6113003 0.0279030 0.0162149
