2 0.4581760 0.7813626 0.0284426 0.0162617
7 0.5305755 0.7813626 0.0284426 0.0162617
32 0.3877158 0.6106153 0.5236030 0.4162982
33 0.3864230 0.4306530 0.4744749 0.0151775
34 0.5299290 0.4881109 0.0659352 0.0585419
21 0.5305755 0.4886529 0.0284426 0.0162617
30 0.6029749 0.4886529 0.0284426 0.0162617
21 0.3844838 0.5471948 0.0284426 0.0162616
26 0.5305755 0.5471948 0.0284426 0.0162616
8 0.2409777 0.6642787 0.0284426 0.0162617
17 0.3844838 0.7228206 0.0284426 0.0162617
16 0.3133772 0.7813626 0.0284426 0.0162617
