9 0.4680147 0.4035954 0.0275600 0.0164068
14 0.2575566 0.5217244 0.0275600 0.0164069
32 0.3997411 0.3494529 0.5073542 0.4200144
33 0.3984884 0.1678842 0.4597506 0.0153130
23 0.3966093 0.2854663 0.0275600 0.0164068
24 0.6083201 0.2854663 0.0275600 0.0164068
25 0.4680147 0.3445308 0.0275600 0.0164068
26 0.6083201 0.3445308 0.0275600 0.0164068
34 0.1874040 0.4030485 0.0651418 0.0590645
5 0.1874040 0.4035954 0.0275600 0.0164068
20 0.2575566 0.4035954 0.0275600 0.0164068
3 0.3277094 0.4035954 0.0275600 0.0164068
