23 0.5563589 0.6493684 0.0266216 0.0158630
2 0.6241228 0.6493684 0.0266216 0.0158630
32 0.4226461 0.5399138 0.4900782 0.4060921
33 0.4214361 0.3643636 0.4440956 0.0148054
3 0.3530672 0.4209416 0.0266216 0.0158630
4 0.6241228 0.4209416 0.0266216 0.0158630
14 0.4885950 0.4780483 0.0266216 0.0158630
8 0.6241228 0.4780483 0.0266216 0.0158630
24 0.3530672 0.5922617 0.0266216 0.0158630
34 0.4196210 0.5917329 0.0629236 0.0571067
9 0.4196210 0.5922617 0.0266216 0.0158630
17 0.4885950 0.6493684 0.0266216 0.0158630
