18 0.4974781 0.6326992 0.0264953 0.0174739
4 0.6998062 0.6956052 0.0264954 0.0174739
32 0.5667273 0.5121295 0.4877551 0.4473311
33 0.5655230 0.3187520 0.4419905 0.0163090
9 0.3625928 0.4439814 0.0264953 0.0174739
1 0.4974781 0.4439814 0.0264953 0.0174739
29 0.4974781 0.5068873 0.0264953 0.0174738
8 0.4300354 0.5697933 0.0264954 0.0174738
7 0.6998062 0.5697933 0.0264954 0.0174738
34 0.7672488 0.5692108 0.0626254 0.0629060
15 0.7672488 0.5697933 0.0264954 0.0174738
2 0.3625928 0.6326992 0.0264953 0.0174739
