11 0.4123399 0.7598869 0.0272692 0.0174682
12 0.1346899 0.8227722 0.0272692 0.0174682
32 0.3447867 0.6393565 0.5020012 0.4471850
33 0.3435472 0.4460421 0.4548998 0.0163036
18 0.2735149 0.5083453 0.0272692 0.0174682
34 0.4117202 0.5077630 0.0656940 0.0628854
27 0.4123399 0.5083453 0.0272692 0.0174682
22 0.5511649 0.5712307 0.0272692 0.0174681
3 0.2041024 0.6341161 0.0272692 0.0174681
4 0.4123399 0.6341161 0.0272692 0.0174681
31 0.3416879 0.6970014 0.0272692 0.0174682
24 0.4123399 0.6970014 0.0272692 0.0174682
