6 0.3632014 0.5743640 0.0276099 0.0169073
24 0.2916668 0.6352305 0.0276098 0.0169074
32 0.2948042 0.4577031 0.5082722 0.4328288
33 0.2935493 0.2705948 0.4605825 0.0157802
25 0.2226421 0.3308978 0.0276098 0.0169074
34 0.4328535 0.3303342 0.0640046 0.0608666
30 0.4334810 0.3308978 0.0276099 0.0169074
3 0.5037606 0.3917643 0.0276098 0.0169074
1 0.2916668 0.4526309 0.0276098 0.0169073
10 0.0820829 0.5134974 0.0276098 0.0169073
23 0.3632014 0.5134974 0.0276099 0.0169073
16 0.0820829 0.5743640 0.0276098 0.0169073
