24 0.5274485 0.5283567 0.0264434 0.0163605
9 0.7293803 0.5283567 0.0264435 0.0163605
32 0.5965620 0.3565712 0.4868000 0.4188295
33 0.5953601 0.1755147 0.4411250 0.0152698
6 0.4601379 0.2338672 0.0264434 0.0163605
1 0.5274485 0.2927651 0.0264434 0.0163605
25 0.5274485 0.3516630 0.0264434 0.0163605
19 0.7293803 0.3516630 0.0264435 0.0163605
11 0.5274485 0.4694588 0.0264434 0.0163605
34 0.6614687 0.4689134 0.0637047 0.0588978
4 0.6620697 0.4694588 0.0264435 0.0163605
20 0.3928272 0.5283567 0.0264435 0.0163605
