24 0.3467630 0.6583454 0.0277621 0.0169550
3 0.4174303 0.6583454 0.0277622 0.0169550
32 0.5606578 0.4803170 0.5110763 0.4340500
33 0.5593959 0.2926809 0.4631234 0.0158248
34 0.3467630 0.4136271 0.0656197 0.0610383
3 0.3467630 0.4141923 0.0277621 0.0169551
5 0.4880976 0.4141923 0.0277622 0.0169551
16 0.6294323 0.4752305 0.0277622 0.0169551
11 0.7000996 0.4752305 0.0277621 0.0169551
2 0.7707670 0.4752305 0.0277621 0.0169551
20 0.5575031 0.5362688 0.0277621 0.0169551
18 0.4174303 0.5973071 0.0277622 0.0169551
