30 0.3988116 0.6600914 0.0284135 0.0162196
21 0.4698455 0.6600914 0.0284135 0.0162196
32 0.4730743 0.5481765 0.5230676 0.4152208
33 0.4717828 0.3686800 0.4739897 0.0151382
8 0.3264862 0.4265297 0.0284135 0.0162196
34 0.4698455 0.4259891 0.0671593 0.0583904
12 0.4698455 0.4265297 0.0284135 0.0162196
14 0.3264862 0.4849202 0.0284135 0.0162196
29 0.6881133 0.4849202 0.0284135 0.0162196
11 0.6157879 0.6017010 0.0284135 0.0162196
19 0.6881133 0.6017010 0.0284135 0.0162196
24 0.3264862 0.6600914 0.0284135 0.0162196
