22 0.5970808 0.4580118 0.0278980 0.0163746
9 0.3827736 0.5169605 0.0278980 0.0163746
32 0.3859438 0.3450268 0.5135765 0.4191906
33 0.3846758 0.1638142 0.4653890 0.0152830
34 0.1710026 0.2806199 0.0659407 0.0589487
20 0.1710026 0.2811657 0.0278980 0.0163746
24 0.5260678 0.2811657 0.0278980 0.0163746
26 0.5970808 0.2811657 0.0278980 0.0163746
5 0.5970808 0.3401144 0.0278980 0.0163746
27 0.1710026 0.3990631 0.0278980 0.0163746
14 0.5260678 0.3990631 0.0278980 0.0163746
18 0.3130287 0.4580118 0.0278980 0.0163746
