8 0.4928188 0.6678910 0.0268250 0.0159486
16 0.6976647 0.7253063 0.0268251 0.0159486
32 0.5629297 0.5578453 0.4938250 0.4082859
33 0.5617104 0.3813467 0.4474908 0.0148854
1 0.5598814 0.4382303 0.0268251 0.0159487
34 0.6287730 0.4376987 0.0646240 0.0574152
20 0.6293827 0.4382303 0.0268250 0.0159487
12 0.4928188 0.4956455 0.0268250 0.0159487
30 0.7659467 0.4956455 0.0268250 0.0159487
21 0.4928188 0.5530607 0.0268250 0.0159487
9 0.6293827 0.5530607 0.0268250 0.0159487
14 0.4245368 0.6104759 0.0268251 0.0159488
