20 0.4632211 0.6071993 0.0267089 0.0158436
1 0.6671800 0.6071993 0.0267089 0.0158436
32 0.5330285 0.4978784 0.4916865 0.4055967
33 0.5318144 0.3225422 0.4455529 0.0147874
27 0.4632211 0.3790512 0.0267089 0.0158436
30 0.7351662 0.3790512 0.0267088 0.0158436
19 0.5299934 0.4360882 0.0267089 0.0158436
34 0.6665730 0.4355601 0.0619160 0.0570370
30 0.6671800 0.4360882 0.0267089 0.0158436
18 0.3272486 0.4931252 0.0267089 0.0158436
25 0.5991937 0.4931252 0.0267089 0.0158436
15 0.6671800 0.4931252 0.0267089 0.0158436
