2 0.3761224 0.7645276 0.0287772 0.0173747
15 0.4493736 0.7645276 0.0287772 0.0173747
32 0.3048333 0.5820926 0.5297630 0.4447938
33 0.3035252 0.3898119 0.4800568 0.0162165
11 0.0831177 0.4517820 0.0287773 0.0173748
29 0.3015631 0.4517820 0.0287773 0.0173748
23 0.1563688 0.5768802 0.0287772 0.0173747
25 0.3761224 0.6394293 0.0287772 0.0173748
34 0.0831177 0.7013993 0.0680190 0.0625492
12 0.0831177 0.7019785 0.0287773 0.0173747
30 0.3015631 0.7019785 0.0287773 0.0173747
31 0.5226247 0.7019785 0.0287773 0.0173747
