34 0.5868795 0.5951481 0.0633829 0.0606329
17 0.5875009 0.5957096 0.0273417 0.0168424
32 0.4501711 0.4188637 0.5033354 0.4311670
33 0.4489283 0.2324738 0.4561089 0.0157196
19 0.5179039 0.2925452 0.0273417 0.0168425
21 0.2395158 0.3531781 0.0273417 0.0168424
22 0.3091129 0.3531781 0.0273417 0.0168424
23 0.5875009 0.3531781 0.0273417 0.0168424
13 0.5179039 0.4138110 0.0273417 0.0168424
8 0.5875009 0.5350767 0.0273417 0.0168424
12 0.3091129 0.5957096 0.0273417 0.0168424
6 0.4470641 0.5957096 0.0273417 0.0168424
