19 0.2421550 0.5756923 0.0282112 0.0168263
9 0.3126830 0.5756923 0.0282112 0.0168263
32 0.3158888 0.3990160 0.5193420 0.4307536
33 0.3146064 0.2128048 0.4706136 0.0157045
30 0.2421550 0.2728186 0.0282112 0.0168263
22 0.0985345 0.3333934 0.0282112 0.0168263
31 0.4575858 0.3333934 0.0282112 0.0168263
5 0.3126830 0.3939681 0.0282112 0.0168263
34 0.0985345 0.4539820 0.0666810 0.0605747
12 0.0985345 0.4545428 0.0282112 0.0168263
4 0.1703448 0.4545428 0.0282112 0.0168263
3 0.3126830 0.5151176 0.0282112 0.0168263
