1 0.8132455 0.5601111 0.0272391 0.0162258
26 0.6039997 0.6185242 0.0272391 0.0162259
32 0.6070951 0.5065658 0.5014469 0.4153817
33 0.6058569 0.3269998 0.4543976 0.0151441
21 0.7439096 0.3848720 0.0272391 0.0162259
14 0.8132455 0.3848720 0.0272391 0.0162259
30 0.3972302 0.4432850 0.0272391 0.0162259
34 0.6039997 0.4427441 0.0643833 0.0584131
13 0.6039997 0.4432850 0.0272391 0.0162259
11 0.5359020 0.5016981 0.0272391 0.0162259
23 0.7439096 0.5016981 0.0272391 0.0162259
9 0.4665661 0.5601111 0.0272391 0.0162258
