23 0.5453707 0.6605827 0.0280677 0.0168875
14 0.6168157 0.6605827 0.0280677 0.0168875
32 0.4043943 0.4832636 0.5167007 0.4323209
33 0.4031185 0.2963749 0.4682202 0.0157617
21 0.6168157 0.3566071 0.0280677 0.0168875
8 0.2595905 0.4174022 0.0280677 0.0168875
25 0.4739256 0.4174022 0.0280677 0.0168875
34 0.1881455 0.5384295 0.0663418 0.0607951
3 0.1881455 0.5389924 0.0280677 0.0168875
15 0.2595905 0.5389924 0.0280677 0.0168875
5 0.4739256 0.5389924 0.0280677 0.0168875
19 0.4012048 0.6605827 0.0280677 0.0168875
