1 0.3918868 0.7052694 0.0271188 0.0168477
31 0.7370355 0.7052694 0.0271188 0.0168477
32 0.5317953 0.5890206 0.4992331 0.4312999
33 0.5305626 0.4025732 0.4523914 0.0157245
15 0.3918868 0.4626632 0.0271188 0.0168476
8 0.5989761 0.4626632 0.0271188 0.0168476
20 0.6680058 0.4626632 0.0271188 0.0168476
5 0.7370355 0.4626632 0.0271188 0.0168476
34 0.5287136 0.5227532 0.0640991 0.0606516
10 0.5287136 0.5233148 0.0271188 0.0168476
11 0.7370355 0.5233148 0.0271188 0.0168476
9 0.7370355 0.6446179 0.0271188 0.0168476
