34 0.5513705 0.7312978 0.0639954 0.0571008
7 0.5513705 0.7318266 0.0270750 0.0158613
32 0.5544473 0.5652825 0.4984258 0.4060501
33 0.5532166 0.3897505 0.4516599 0.0148039
7 0.3458469 0.4463226 0.0270750 0.0158613
26 0.4147650 0.4463226 0.0270750 0.0158613
12 0.3458469 0.5034234 0.0270750 0.0158613
11 0.5513705 0.5034234 0.0270750 0.0158613
10 0.7593556 0.5034234 0.0270749 0.0158613
20 0.4836831 0.5605242 0.0270750 0.0158613
21 0.5513705 0.5605242 0.0270750 0.0158613
17 0.3458469 0.6176250 0.0270750 0.0158614
