34 0.8177501 0.5326042 0.0670355 0.0601372
26 0.8177501 0.5331610 0.0283612 0.0167048
32 0.6031075 0.4178981 0.5221036 0.4276423
33 0.6018183 0.2330319 0.4731161 0.0155911
27 0.3845974 0.2926122 0.0283612 0.0167048
25 0.7455580 0.2926122 0.0283612 0.0167048
22 0.7455580 0.3527494 0.0283612 0.0167048
1 0.8177501 0.4128866 0.0283612 0.0167048
20 0.3845974 0.4730238 0.0283612 0.0167048
18 0.5289816 0.4730238 0.0283612 0.0167048
21 0.7455580 0.4730238 0.0283612 0.0167048
3 0.7455580 0.5331610 0.0283612 0.0167048
