21 0.3809759 0.6486768 0.0278662 0.0165022
9 0.7356361 0.6486768 0.0278661 0.0165022
32 0.5247400 0.5348113 0.5129908 0.4224572
33 0.5234733 0.3521866 0.4648584 0.0154021
12 0.7356361 0.4110446 0.0278661 0.0165022
14 0.4519079 0.4704526 0.0278661 0.0165022
30 0.5215733 0.4704526 0.0278662 0.0165022
34 0.4519079 0.5293106 0.0658655 0.0594081
23 0.4519079 0.5298607 0.0278661 0.0165022
31 0.5937720 0.5298607 0.0278662 0.0165022
10 0.7356361 0.5298607 0.0278661 0.0165022
8 0.3809759 0.5892687 0.0278662 0.0165022
