1 0.8420683 0.6741914 0.0276111 0.0160967
8 0.7015030 0.7321395 0.0276110 0.0160967
32 0.6331030 0.5631243 0.5082942 0.4120752
33 0.6318479 0.3849876 0.4606024 0.0150236
30 0.7015030 0.5003472 0.0276110 0.0160967
19 0.4203724 0.5582953 0.0276110 0.0160967
5 0.4906551 0.5582953 0.0276110 0.0160967
24 0.4906551 0.6162434 0.0276110 0.0160967
34 0.5609377 0.6157068 0.0652625 0.0579481
25 0.5609377 0.6162434 0.0276111 0.0160967
7 0.6299654 0.6162434 0.0276111 0.0160967
4 0.7717857 0.6741914 0.0276111 0.0160967
