17 0.1095789 0.4817625 0.0263921 0.0160342
1 0.5126581 0.5394857 0.0263921 0.0160342
32 0.3129179 0.4288496 0.4858544 0.4104760
33 0.3117183 0.2514042 0.4402681 0.0149653
29 0.1095789 0.3085930 0.0263921 0.0160342
5 0.3782983 0.3085930 0.0263921 0.0160342
19 0.4454782 0.3085930 0.0263921 0.0160342
11 0.1767587 0.3663162 0.0263921 0.0160342
12 0.4454782 0.3663162 0.0263921 0.0160342
13 0.1095789 0.4240393 0.0263921 0.0160342
34 0.3776985 0.4235049 0.0635810 0.0577232
15 0.3782983 0.4240393 0.0263921 0.0160342
