17 0.6165374 0.6277828 0.0270116 0.0164699
5 0.4090387 0.6870744 0.0270116 0.0164699
32 0.4121082 0.5141406 0.4972601 0.4216294
33 0.4108804 0.3318737 0.4506036 0.0153719
20 0.3415096 0.3906163 0.0270116 0.0164699
14 0.6165374 0.3906163 0.0270116 0.0164699
6 0.2039957 0.4499080 0.0270117 0.0164699
1 0.5477805 0.4499080 0.0270116 0.0164699
34 0.4784096 0.5086506 0.0650736 0.0592916
22 0.4790235 0.5091996 0.0270117 0.0164699
16 0.6165374 0.5091996 0.0270116 0.0164699
3 0.2727526 0.5684912 0.0270116 0.0164699
