15 0.6273694 0.5591226 0.0271432 0.0165063
9 0.4891859 0.6779681 0.0271432 0.0165063
32 0.4219448 0.5046518 0.4996814 0.4225617
33 0.4207110 0.3219818 0.4527976 0.0154059
24 0.4891859 0.3808544 0.0271432 0.0165063
6 0.2819107 0.4402771 0.0271432 0.0165063
19 0.3510024 0.4402771 0.0271432 0.0165063
34 0.2128189 0.4991496 0.0641566 0.0594227
30 0.2128189 0.4996998 0.0271432 0.0165063
2 0.2819107 0.4996998 0.0271432 0.0165063
10 0.2128189 0.5591226 0.0271432 0.0165063
30 0.3510024 0.5591226 0.0271432 0.0165063
