19 0.4533409 0.5556306 0.0266463 0.0172540
20 0.6568217 0.5556306 0.0266463 0.0172540
32 0.5229846 0.3744635 0.4905341 0.4417025
33 0.5217735 0.1835191 0.4445087 0.0161038
34 0.5199567 0.2444833 0.0629822 0.0621144
9 0.5199567 0.2450584 0.0266463 0.0172540
4 0.6568217 0.3692873 0.0266463 0.0172540
25 0.3176871 0.4314017 0.0266463 0.0172540
17 0.6568217 0.4314017 0.0266463 0.0172540
22 0.7246487 0.4314017 0.0266463 0.0172540
2 0.3855140 0.4935161 0.0266463 0.0172540
8 0.3855140 0.5556306 0.0266463 0.0172540
