11 0.3116159 0.7126192 0.0263286 0.0162517
24 0.4456527 0.7126192 0.0263287 0.0162517
32 0.5144662 0.5419763 0.4846865 0.4160437
33 0.5132694 0.3621241 0.4392097 0.0151683
34 0.3116159 0.4195468 0.0622313 0.0585061
13 0.3116159 0.4200885 0.0263286 0.0162517
8 0.3786343 0.4200885 0.0263286 0.0162517
25 0.5796894 0.4200885 0.0263286 0.0162517
16 0.7137262 0.4785947 0.0263287 0.0162517
2 0.7137262 0.5371008 0.0263287 0.0162517
29 0.5796894 0.6541131 0.0263286 0.0162517
22 0.7137262 0.6541131 0.0263287 0.0162517
