30 0.3133289 0.6973413 0.0269218 0.0161215
14 0.3818570 0.6973413 0.0269218 0.0161215
32 0.4522206 0.5280657 0.4956049 0.4127101
33 0.4509969 0.3496545 0.4491036 0.0150467
18 0.3133289 0.4071545 0.0269218 0.0161215
21 0.6559692 0.4071545 0.0269218 0.0161215
19 0.2448008 0.4651918 0.0269217 0.0161215
34 0.3127170 0.4646544 0.0624095 0.0580373
10 0.3133289 0.4651918 0.0269218 0.0161215
27 0.3818570 0.5232292 0.0269218 0.0161215
25 0.4491613 0.5812665 0.0269218 0.0161215
5 0.2448008 0.6393039 0.0269217 0.0161215
