17 0.4309011 0.4727030 0.0278441 0.0158399
4 0.2891496 0.5867505 0.0278440 0.0158399
32 0.3619238 0.4204312 0.5125838 0.4055024
33 0.3606581 0.2451359 0.4644894 0.0147839
9 0.4309011 0.3016317 0.0278441 0.0158399
7 0.2182738 0.3586555 0.0278441 0.0158399
34 0.5011441 0.3581274 0.0645476 0.0570238
24 0.5017769 0.3586555 0.0278441 0.0158399
23 0.2891496 0.4156792 0.0278440 0.0158399
26 0.1473980 0.4727030 0.0278441 0.0158399
14 0.2891496 0.4727030 0.0278440 0.0158399
13 0.3587597 0.4727030 0.0278441 0.0158399
