12 0.4332970 0.7660819 0.0265825 0.0171227
22 0.6362904 0.7660819 0.0265825 0.0171227
32 0.5027738 0.5862939 0.4893590 0.4383404
33 0.5015656 0.3968030 0.4434439 0.0159811
3 0.4997531 0.5195154 0.0265825 0.0171227
14 0.5686259 0.5195154 0.0265825 0.0171227
24 0.6362904 0.5195154 0.0265825 0.0171227
31 0.6362904 0.5811571 0.0265825 0.0171227
34 0.2979680 0.6422279 0.0628313 0.0616416
6 0.2979680 0.6427987 0.0265825 0.0171227
20 0.6362904 0.6427987 0.0265825 0.0171227
8 0.7039548 0.7044403 0.0265825 0.0171227
