29 0.2792988 0.6681456 0.0280719 0.0170477
16 0.3494787 0.7908889 0.0280719 0.0170477
32 0.3526687 0.6118883 0.5167790 0.4364205
33 0.3513927 0.4232273 0.4682911 0.0159112
14 0.1363871 0.4840307 0.0280719 0.0170477
6 0.1363871 0.5454024 0.0280719 0.0170477
34 0.2072050 0.5448341 0.0650759 0.0613716
15 0.2078429 0.5454024 0.0280720 0.0170477
25 0.2792988 0.5454024 0.0280719 0.0170477
11 0.3494787 0.5454024 0.0280719 0.0170477
3 0.1363871 0.6067740 0.0280719 0.0170477
27 0.4222105 0.6067740 0.0280719 0.0170477
