34 0.2010720 0.7121997 0.0641418 0.0576339
15 0.2010720 0.7127333 0.0271369 0.0160095
32 0.2719981 0.5446344 0.4995661 0.4098412
33 0.2707646 0.3674635 0.4526932 0.0149421
21 0.1319962 0.4245637 0.0271369 0.0160094
10 0.4082994 0.4245637 0.0271369 0.0160094
1 0.4773753 0.4245637 0.0271369 0.0160094
5 0.3392236 0.4821977 0.0271369 0.0160094
23 0.4773753 0.4821977 0.0271369 0.0160094
20 0.0629204 0.5398316 0.0271369 0.0160095
16 0.2689143 0.5398316 0.0271369 0.0160095
26 0.1319962 0.6550994 0.0271369 0.0160095
