11 0.5807971 0.6083978 0.0264079 0.0174626
30 0.1774774 0.6712632 0.0264079 0.0174626
32 0.3809378 0.5507710 0.4861443 0.4470434
33 0.3797374 0.3575179 0.4405308 0.0162985
34 0.1774774 0.4192192 0.0624185 0.0628655
5 0.1774774 0.4198013 0.0264079 0.0174626
31 0.1774774 0.4826667 0.0264079 0.0174626
18 0.3779369 0.4826667 0.0264078 0.0174626
6 0.5135771 0.4826667 0.0264078 0.0174626
16 0.3779369 0.5455322 0.0264078 0.0174626
8 0.4463572 0.5455322 0.0264078 0.0174626
26 0.5135771 0.6083978 0.0264078 0.0174626
