19 0.5388841 0.4680147 0.0266977 0.0173880
23 0.4029683 0.5306118 0.0266977 0.0173881
32 0.3368307 0.3480369 0.4914814 0.4451352
33 0.3356171 0.1556086 0.4453671 0.0162289
34 0.1311366 0.2170466 0.0631038 0.0625971
28 0.1311366 0.2176262 0.0266978 0.0173881
1 0.4029683 0.2176262 0.0266977 0.0173881
4 0.5388841 0.2176262 0.0266977 0.0173881
30 0.1990945 0.3428204 0.0266977 0.0173881
31 0.1311366 0.4680147 0.0266978 0.0173880
5 0.2670524 0.4680147 0.0266978 0.0173880
15 0.4709262 0.4680147 0.0266977 0.0173880
