21 0.6253222 0.4516778 0.0272084 0.0173060
12 0.4163119 0.5139795 0.0272084 0.0173060
32 0.4194038 0.3945679 0.5008827 0.4430346
33 0.4181670 0.2030477 0.4538863 0.0161523
30 0.4868065 0.2647726 0.0272084 0.0173060
26 0.2097751 0.3270743 0.0272084 0.0173060
11 0.4163119 0.3270743 0.0272084 0.0173060
34 0.4861881 0.3887992 0.0655476 0.0623017
16 0.4868065 0.3893760 0.0272084 0.0173060
14 0.6253222 0.3893760 0.0272084 0.0173060
5 0.2097751 0.4516778 0.0272084 0.0173060
8 0.4868065 0.4516778 0.0272084 0.0173060
