21 0.2137454 0.5457174 0.0265873 0.0170467
29 0.3490990 0.6070856 0.0265873 0.0170467
32 0.2832350 0.4280951 0.4894484 0.4363959
33 0.2820265 0.2394448 0.4435249 0.0159103
30 0.0783918 0.3002448 0.0265873 0.0170467
13 0.2802137 0.3002448 0.0265873 0.0170467
27 0.2137454 0.3616129 0.0265873 0.0170467
18 0.4844527 0.3616129 0.0265873 0.0170467
15 0.1460686 0.4229811 0.0265873 0.0170467
14 0.2137454 0.4843492 0.0265873 0.0170467
34 0.0783918 0.5451492 0.0628428 0.0613681
24 0.0783918 0.5457174 0.0265873 0.0170467
