11 0.5070935 0.5972207 0.0263933 0.0166088
21 0.5742764 0.6570121 0.0263933 0.0166087
32 0.4417101 0.4826205 0.4858764 0.4251835
33 0.4405104 0.2988173 0.4402880 0.0155015
34 0.4387109 0.3575014 0.0623841 0.0597914
8 0.4387109 0.3580551 0.0263933 0.0166087
4 0.5742764 0.3580551 0.0263933 0.0166087
25 0.4387109 0.4178465 0.0263933 0.0166088
5 0.5742764 0.4776379 0.0263933 0.0166087
19 0.3055447 0.5374293 0.0263933 0.0166088
18 0.5070935 0.5374293 0.0263933 0.0166088
2 0.2383619 0.5972207 0.0263933 0.0166088
