6 0.2136597 0.5705041 0.0272232 0.0165508
11 0.4203088 0.5705041 0.0272232 0.0165508
32 0.4234023 0.3967205 0.5011548 0.4237010
33 0.4221648 0.2135581 0.4541328 0.0154474
34 0.2823365 0.2720376 0.0631084 0.0595830
26 0.2829552 0.2725893 0.0272232 0.0165508
13 0.4203088 0.3321723 0.0272232 0.0165508
31 0.5601371 0.3321723 0.0272232 0.0165508
24 0.3522507 0.3917552 0.0272232 0.0165508
20 0.6294326 0.3917552 0.0272232 0.0165508
5 0.4908416 0.4513382 0.0272232 0.0165508
19 0.2136597 0.5109211 0.0272232 0.0165508
